===STATS===
unique words: 5122
number words: 20112
number docs: 60
===========
19350 
19139 
19475 
19550 
19666 
19395 
19138 
19164 
19204 640 
19140 
19390 
19471 
19496 
19158 
19265 
19472 
19818 
19168 
19210 249 311 80 
19364 474 
20015 12 40 
19411 
19165 
19920 
19490 
19478 
19497 557 
19718 35 280 
19254 7 
19522 148 
19545 
19560 
19604 
19829 
19623 
19643 
19703 278 
19686 
19664 
19728 315 
19190 
19806 
19817 
19819 
19833 
19482 
19864 
19944 
19978 
20090 
18453 
18741 
18450 
18484 
18456 
18494 
18476 
18779 
18495 
18478 
18474 
18497 
19394 
18912 
18477 
18830 
18530 
18455 
18527 
18698 
18710 
18483 
18941 182 469 
18831 
19027 
18747 
18772 303 
18782 
18659 
18850 
18716 
18932 182 467 479 
18945 
18963 
19003 
19006 
19010 
19102 890 
19089 921 
18697 
18168 
19219 119 521 
17726 
17735 
18275 
17732 
17728 
17748 
17752 
17758 
17821 
17892 711 
18104 
19579 
17853 
18019 
17776 
17756 
17777 77 486 
17955 717 
17795 18 
17824 523 
17734 
18247 643 
17859 643 24 471 
17804 767 445 
17917 
17736 722 
17808 34 
19740 
18182 
17935 574 130 329 
17733 
19493 341 217 
18325 
18117 
17984 
17753 
18144 
18011 
18206 
18038 
18043 
18272 
18151 
18261 643 
18158 
18508 459 
18025 
18312 
18300 97 
18204 
18229 643 
17895 711 
18299 43 54 
17128 
17094 
17114 
17129 
17236 
17133 
19638 
17229 
17117 
17119 
17124 
17101 
17120 
17121 
17132 
17099 
17102 
17158 1 1 1 2583 
17166 
17398 
17106 
17226 
17352 
17180 
17235 
17239 
17275 
17302 
17305 40 
17137 
17349 
17401 
16729 
16437 
16770 
16434 
16599 
16420 
16449 
16457 
16419 
16531 
16469 
16471 
16965 
16874 2927 
16862 
16472 
16659 1541 
16438 
16677 1550 
16440 
16459 59 233 39 61 
16418 
16444 
16534 
16445 
16627 
16566 
16794 
16593 3 24 30 35 295 13 5 2660 11 
16439 
16514 
16741 
16820 
17850 
16535 
16652 
16430 
16656 
16661 1541 
16963 853 
16663 1550 
16717 236 46 54 
16733 
16772 
17033 
16835 
16853 
16883 195 
16918 
16950 
17016 
17017 
17047 
16164 
16210 
16170 
16167 
16171 
16191 
16179 
16192 
16208 37 33 37 
16194 
19476 
16189 
16355 7 14 
16311 3157 352 
16183 
17287 
16672 1550 
16275 
16207 
16166 
16246 
16186 
16302 
16263 
16251 
16309 
16257 2312 
16447 
16224 14 16 120 22 
16340 
16277 
16165 
16292 1653 232 639 226 
16294 
16305 
16356 
16378 
16379 14 
16408 3079 
16135 
16148 
16133 
16147 
16136 
16132 
16150 
16156 
16134 
16151 
16158 
16004 
16007 
16062 
16041 
16010 1717 
16023 
16072 9 
16043 
18475 
16012 
16052 
16026 
16042 
16027 
16088 
16060 312 
16008 
16045 
19982 
16038 
16022 
16013 
16115 448 153 
16053 
16057 41 
16100 
16011 
16101 
16084 
15906 
15879 
16002 
15782 
15872 19 77 10 18 
15783 
15784 
15792 
15975 
15787 
15795 
15806 
19976 
15816 10 157 10 
15789 
15791 
15793 
15794 
19281 
15772 
15780 
15832 55 50 54 
15771 
15896 
15999 
15812 
15880 
15868 5 
15884 
15920 
15908 
15912 
15949 
15963 
15727 
15599 
15591 
17113 
15613 
15607 578 
15592 576 
15606 
15636 23 6 17 14 16 8 25 
15624 
15612 
15611 
15610 
15616 
15646 
15716 
15595 
15623 
15706 
15715 
15654 
15690 
15661 76 
15621 
15700 
15707 19 
15714 
17040 
15721 
15733 357 
17118 
15766 
15552 
15568 
15488 
15479 
15478 
15579 
15501 
15493 
15674 
15494 
15581 
15567 
16905 
15526 1152 1268 20 316 380 
15536 
15537 
15542 
15548 
15549 24 3919 558 
15550 
15586 
15264 
15266 
15279 171 
15278 171 
15263 
15290 174 
15364 
15311 
18517 459 
15291 174 
15261 
15282 171 
15296 174 
15295 174 
15288 174 
15265 
15285 171 
15284 171 
15270 
15287 174 
15318 
15401 2640 31 683 804 
15330 18 28 7 
15790 
15345 
18032 386 
15353 
15369 
15372 
15390 
15394 
15396 
15397 
15405 223 
15423 
15424 
15086 154 
15071 
15088 154 
15070 
15089 154 
15094 157 
15097 157 
15098 157 
15099 157 
15195 
19320 
15068 
17105 
15072 
15198 
15142 
15067 
15167 
15173 
15179 4653 
15188 
15212 
14816 
14823 
14847 
14824 
14839 
15006 
16193 
14817 
14832 
14836 
15021 
14850 
14819 
14848 
15039 
14895 
14852 
14938 17 
14869 1796 1550 318 211 240 77 19 
14939 5 
14879 790 
16215 152 
14840 
14891 818 
14928 
14946 
14901 
14963 
14858 197 
14915 8 5010 
14919 
14956 
14933 
14943 
14857 3 
14961 1375 
14995 
14890 
14841 
15019 
16112 
15043 
14902 766 
14692 
14674 
14675 
14700 
14703 
14773 2618 
14689 
14691 
14750 
14701 
14688 5 
14726 
14771 
14749 
14778 870 4026 
14784 182 
14785 
17135 
14791 
14794 
14801 
14562 147 1089 
14530 
14524 
14547 
16154 
14544 
14621 
14558 
14556 
14557 
14632 
14561 
16155 
14569 
14551 
14566 
14602 7 
14622 1080 
14631 
14634 
14647 168 
14461 
17747 4 
14495 
14462 
14517 
14468 
14466 
14480 
14490 
14499 
14457 
14503 
14506 
14508 
14521 90 
14396 
14405 
14433 2013 
14404 
14406 
14398 
14402 
14434 
14416 4 
14421 2015 
14428 4 
14423 
14430 
14435 
14093 
14386 835 211 2284 1961 
14105 550 2781 
14097 
14112 552 2778 
14276 3330 
14111 
14113 552 2778 
18022 310 
14095 305 
14371 3330 
17183 11 218 
14145 3330 
16814 
14290 3330 
14237 3330 
15858 
14382 835 211 2284 
14173 3330 
14149 3330 
14322 3330 
14380 561 274 211 2284 
14152 3330 
14203 3330 
14115 314 238 2778 
14209 3330 
14151 968 57 16 17 2272 
14136 3330 
14244 3330 
14243 3330 
14107 310 240 2781 
14255 3330 
14261 3330 
14270 3330 
14354 3330 
14096 
14358 3330 
14230 3330 
14359 3330 
14360 3330 
14365 3330 
13864 
14080 2301 2160 
14086 1026 
14064 
13873 
13875 544 
14034 250 37 3293 37 
13872 
17131 
13941 
13880 
13882 
13879 1206 154 253 
13891 545 64 59 148 146 652 120 171 254 110 42 938 
13896 155 23 67 85 45 31 3169 85 45 31 
13899 
14091 76 101 110 835 2284 101 110 
13869 541 62 63 148 146 654 120 174 242 122 35 934 
13883 
13975 
14039 287 3330 
13998 
14038 287 3330 
14052 
16031 
14070 1442 
17125 
13834 
16354 959 
13809 
13819 
13810 
13800 
15608 
13823 
13812 
13828 
13862 
13825 
16280 
13806 
13835 
13847 
13848 
13859 1493 
12885 
12893 3532 1316 722 682 
12882 
12908 4222 2029 
12907 
13595 
13273 
12922 
12902 915 
13533 
12881 918 
13234 
12888 
12920 3961 25 166 
12897 
12910 
19175 
12896 5570 
13248 
13034 
13157 222 
13410 5115 
13093 1187 3330 
13074 
13551 31 190 
13122 
12904 916 
16006 2451 
14087 
12891 3532 1316 722 682 
13203 
13321 
13231 6152 23 
13249 
13081 
12880 4217 
13318 4480 37 
13371 5414 228 
13390 
13401 
13340 
13500 
13415 3472 914 
13789 3297 1355 688 975 
13663 
13726 
13476 15 5059 
14492 
13497 
14494 609 157 
12886 
13483 
13577 
12915 
13727 
13738 
13416 4534 717 
16470 
12834 
12809 4287 
12812 
12861 
12833 
12821 
12822 
12844 5 15 
18766 93 
12810 
18657 
12817 
12860 15 
12827 
16220 98 
16114 448 153 242 
12831 
16146 
12832 
12836 
12837 
12813 
12840 
12848 5 15 
12818 
12876 
12779 8 8 8 
14788 
12747 
12751 
12757 
12744 
13805 
12758 
12759 
15267 
12764 
12765 
12784 8 8 8 
12768 
15578 
12769 
12772 
12782 8 8 8 
12425 281 4135 222 2718 242 
12035 197 351 43 418 3540 47 2 71 230 10 999 50 75 312 535 
12169 
12297 
19349 411 36 
16435 
11993 5772 
12026 77 284 6389 
12679 
12046 
12125 3559 
12410 6138 
11994 1895 1207 157 249 2264 721 680 
11984 
12453 271 
12670 
11989 
11966 
12033 548 4113 1279 
12044 
11999 
13808 3296 
11995 
11972 1898 232 309 241 178 251 154 40 171 38 120 416 122 35 250 684 322 310 722 682 
11979 
12073 9 
12313 
15101 157 
12089 
12080 
12527 1447 
14761 
13824 
12099 
12025 
12427 
12601 4 
12128 
12149 1411 
12133 123 344 4 4 4 
12183 1805 268 3330 
15685 
12215 330 1476 5489 
12218 222 4425 
12024 
12250 1611 
12253 2930 217 2663 43 
12449 36 230 
12257 
12329 
12447 
12277 
12442 
12284 
12292 4083 2286 
12295 
12307 
11997 
12455 271 
12345 1627 
12355 28 258 
12363 981 311 84 4125 
12368 5696 
12556 
12438 
12382 
19137 
12418 
12398 
12421 281 4135 26 56 32 108 2717 26 218 
12435 2730 4386 
12446 113 7371 
11985 6494 
12471 
12560 
12475 
15373 
12483 
15042 
12495 
12516 6856 
12613 
14702 
12653 
11988 
15074 
12688 
12692 
12693 
12714 
12722 
12739 4438 1881 
11317 188 147 8045 
11408 
11557 
12823 
10980 1016 
11512 353 29 2267 233 835 113 98 2051 233 2189 33 7 4 4 4 
16196 
10970 
10983 
11895 356 2132 644 191 125 86 486 1798 1848 386 7 4 4 4 
10982 
13094 1188 3330 
11086 717 
11612 
10953 
11927 8021 19 
10954 
11417 
11131 639 
11271 461 
11225 7717 182 469 
11040 
11052 3825 
11133 
17238 780 40 
11917 
11349 
11444 4804 
11755 76 
16213 
11675 
11513 385 
15785 
11139 
11126 368 774 135 129 29 7230 
11690 245 7153 921 
10985 
11697 
10977 
11188 
11287 
11416 4648 
16181 
11507 
11661 354 
11270 461 
11280 598 1672 221 
11546 
15159 
11542 
12175 110 3230 
11290 5586 
13816 5336 
11021 1037 34 13 65 1728 548 
11216 548 
16392 
11624 272 1660 1 217 2 608 835 125 86 2284 550 166 477 158 890 4 4 
10997 
11311 
11565 351 2125 287 3330 
13886 
10976 
11356 3798 
10995 
11438 4373 
11149 
11450 
11454 
11456 
11510 208 172 
18321 
15474 
11646 6716 
16793 
16149 
11488 
11258 
11223 7717 182 469 
11551 227 10 5084 1227 282 1250 
15498 
10968 
11574 
11247 259 147 1754 6291 
11618 39 266 
11633 
11288 
11685 
11691 245 
11696 251 
16499 
11701 9 5 12 1217 204 1042 949 2381 
11726 7717 
11741 
11829 
11833 
11859 
11870 
11873 
11886 20 45 7736 
10463 
10528 4459 4096 13 13 16 
10495 
10512 49 131 47 40 34 18 17 3 
16200 
10500 
10688 1566 119 1166 
10608 
10531 
12654 
10479 
10486 1504 922 1207 986 193 1152 999 1713 
10485 
10489 
10487 5964 
10535 
10916 
15044 
13200 
10921 
13863 
10789 
12761 
10583 5369 20 3219 
10543 
10565 348 
10590 10 155 18 
10888 
14542 
10679 
10566 
10554 250 
12816 
10588 18 
10884 
15719 
14049 4 4285 489 
10747 
14733 
10597 7539 
10587 
10607 
19813 
12916 
10612 
10483 
10621 
10646 
14200 3330 
10628 
10488 
10647 
10484 
10695 
10685 730 83 911 7386 
10649 
10681 
10667 200 
10678 
10516 
10682 
10698 
10750 181 
10659 
10853 17 2694 22 859 2177 
18547 
10737 100 24 3755 2152 
10903 
10746 
10749 
10765 
10917 
10718 2434 
10754 2023 8 8 8 
11010 265 1843 
10937 
10863 7474 
10832 
10869 195 610 
10879 7150 
10901 3912 
10882 
10894 7526 
10902 2323 80 254 52 7 23 3 100 6 2759 636 100 109 2596 19 
10905 
10906 
14845 
10908 
17304 
10944 
11688 
10951 
10062 
10042 
10274 
14806 
12892 3532 1316 722 682 
10044 
10111 
10228 312 1082 835 234 704 123 36 494 2444 166 538 1003 63 643 
14309 3330 
10278 
10069 
10038 
16968 
10315 
10059 
10148 3105 3728 2393 
12452 4 261 10 
10068 
10063 
10165 4191 3330 
10036 
10067 
13902 
10137 
10099 
10093 
10218 
10081 15 46 15 6 26 20 134 4 36 
10094 
10261 
12773 1782 
10100 
10041 
10056 910 3872 253 154 1188 2039 683 
13090 
10040 2713 2069 253 3376 
10039 
17886 
10136 1136 
10352 
10167 
10110 
10158 7099 1235 
10162 
10164 
10179 
10253 
10176 
10195 6960 
19831 
10223 
10292 
10291 
15986 
10070 
10226 845 3846 
10238 8 25 29 22 13 
10273 
10276 9154 
10304 
10308 
13478 17 
10309 
10367 
10368 
15593 
10392 
10394 3389 4 71 
10410 
9569 
9562 
9886 20 
9555 478 
9563 
14427 
12762 
9554 478 
12749 
9567 
9559 478 
9696 56 
9632 
9590 
9596 
9580 
9726 225 
9778 
12750 1778 
9581 4895 67 
12748 
9560 
9585 2397 7174 
9595 
9592 
9608 36 33 6 26 29 29 51 32 25 4 52 29 43 4 
9885 
9722 100 54 52 81 4771 206 2320 841 1341 
9612 247 
9862 
9614 2560 14 10 14 1781 11 14 1184 914 460 221 132 853 40 26 497 419 42 183 4 
9711 68 76 
9787 191 22 5761 
9647 
13256 1017 3330 
9618 
9637 
9603 
9641 
9668 
13763 3599 2546 
9564 4894 69 
9673 
9674 
12130 7465 
9690 268 3137 26 383 704 1443 29 45 754 204 855 976 459 
9868 
9710 222 
9717 16 
9718 16 
9725 
18493 
18326 
9701 
9783 
14531 
3565 1714 
9898 
11017 
10280 601 5030 1429 
9808 102 
14418 
9920 
7498 
9966 457 
9994 172 6980 155 
15113 
10016 
9523 
9524 
1439 
9526 
9105 
8672 13 
8865 
640 
5445 5450 7526 
8670 
12271 
7254 
8695 
8727 
8777 
8683 
16044 1713 
9002 867 1470 1119 270 445 88 1880 59 1400 76 1114 97 22 174 42 10 26 6 2 57 139 27 203 51 200 5 182 159 5 127 45 310 160 
8681 
15617 580 
8698 
4954 12237 
8705 
9493 
14330 3330 
8710 
17100 
8724 89 9383 
14529 
10086 
9003 
18205 
5803 
951 3595 
8771 
9019 
12379 3550 
8795 8 
14202 3330 
6241 519 1717 38 1508 
9266 15 19 
9494 
8786 
9117 
2072 26 22 9 49 23 47 229 653 2070 178 273 4145 88 2854 2769 228 760 16 665 2076 
9143 
8834 
14728 
8700 
5536 
8773 
8680 
14491 
1276 
8756 
14971 
8790 
8794 
8753 125 178 183 119 
8706 
8687 
8667 
12778 8 8 8 
2719 
320 
8832 
8696 
9241 
2943 
8906 
8875 3984 15 
8889 
9369 
5548 
8914 
999 229 2270 1103 224 6496 3559 3140 
9203 
9325 8940 
8918 463 
16201 
8707 
9242 
8948 971 33 34 
10215 
5559 
8961 
2014 11344 4447 889 849 219 
9222 
10120 
4419 
8968 
19941 
8984 
14251 3330 
9074 844 
8925 
8810 
9504 
16198 
9365 
796 
2546 7408 550 2421 1292 2277 1053 
9044 294 3984 2055 
44 
351 16174 
9097 
9432 
9082 
14467 
9316 
5380 
9388 5736 571 2376 
13970 
9101 
9113 9 
8715 4784 
1477 3616 11959 
3867 14371 643 
9138 
9171 
8762 
19307 
1633 
6470 
9195 
9489 5484 
9207 
19266 
9215 76 
9148 
2589 13 17 8 477 11 
9246 
9262 52 
3721 9582 4817 
5405 10130 
9280 6469 3922 
16327 
5156 91 160 1436 66 214 2627 1737 1574 896 
9289 
16157 
9299 
423 2832 465 243 1820 5966 781 4396 1155 1312 
9306 1948 1853 17 226 
115 
3029 
9310 9734 
19236 
1409 
4342 1080 2755 2181 336 12 14 
9383 11 
4460 
9385 
10620 
9430 8415 
9454 
9485 646 138 8642 
14942 
375 1089 2347 8498 686 708 2922 1777 
7943 
9326 
9496 
8647 
15045 
1153 3600 
8658 
13937 
8664 
8591 
3821 6904 506 
8601 
11293 2966 3330 
8609 3364 4455 1316 
717 
8603 
6426 
8594 
8595 
157 
8634 
7988 
14023 2786 
7800 
7351 
8028 
7438 7296 
8000 
12906 
6623 238 183 71 
8007 
8176 7009 659 
9402 
9006 318 102 2846 
7697 
8247 101 35 
12781 8 8 8 
4938 
1399 
9517 
8011 
12775 
242 
8276 
2410 1010 2304 69 19 129 18 81 2386 8093 59 123 90 8 161 1043 108 
8618 
8005 
1019 3602 15318 
8679 
8032 1568 91 273 6760 1176 417 294 615 
8533 6048 2010 27 82 259 1043 7 87 14 42 
6668 
3147 1260 2 457 48 8 606 847 2 6 72 5 803 5 725 613 5 903 2 57 477 416 491 1013 10 1897 536 70 
6853 
8038 
8460 
8842 
8040 
8352 121 
8211 7653 
8024 278 
16742 
1909 
8189 
2984 
8193 
15979 
12042 
8084 3713 
18712 
1887 608 1265 3226 2964 5954 
8557 
8271 4802 
14676 
8002 9752 
8174 
8411 
8449 3 8947 
1180 3599 
7465 
8130 
4196 3991 4470 7067 315 
8309 8332 329 963 208 496 
12008 
8624 
8590 
8312 
8328 
5115 
8365 
19161 
9065 
8363 
1912 5 
8389 
86 3215 549 8760 4563 
8397 
8455 
8531 6243 772 
3447 158 413 27 2192 
8543 
930 527 1085 92 851 315 15 73 287 350 736 2122 1346 621 1337 574 117 287 1460 61 166 161 203 239 209 55 13 2940 322 55 13 520 15 293 230 412 867 
8567 2598 
8582 
2796 11585 835 211 2284 
7865 
1711 
7877 8 
7883 
2685 5299 
7863 
7864 
2580 14682 
7871 
7972 179 7420 
16182 
1185 3598 
7890 
3365 
7867 785 3 
5107 
7880 
1017 1456 54 401 525 918 19 229 973 208 211 48 33 66 52 41 79 1696 81 33 2972 47 598 297 3765 291 
7881 
7879 6006 546 
117 1868 9964 
1894 48 4507 
7933 
17098 
16037 
7896 
7932 
6618 492 
7861 9254 
9895 
7868 
3070 
7904 
7906 
7952 
7936 
862 
8835 19 54 54 198 191 
1319 286 2121 1613 1614 1568 668 278 2836 794 586 3311 2013 
7905 
11830 
7939 
7925 
17042 
14929 
954 
7874 
18187 
16888 
1790 562 8513 1251 1069 3222 
3144 1767 614 2465 1580 477 
7962 15 4 
12047 70 501 18 13 17 18 13 13 21 10 3846 467 12 16 972 
412 2474 10644 2030 756 
7970 
7971 
12185 1805 
8748 1209 
8626 
16346 
610 3056 6 1828 3 1014 622 5272 32 773 94 1024 3330 148 
7721 1985 
16262 
7486 30 41 9 29 116 26 8475 21 14 66 6 
7253 8762 
421 
7433 5533 
4267 
7668 
5874 181 
7361 
7798 
6432 
7686 2082 3888 5154 152 
7266 
7280 1350 7419 
15597 
7255 7423 
6538 4800 
7499 
3803 
5443 
7305 535 12 1493 
17199 
15268 
2547 8056 
7799 
7395 221 36 4828 465 
16335 
7693 
12459 270 
8354 
3875 2070 2372 4951 
5084 4680 
8838 
7269 
5324 
742 
7284 2309 
5829 724 662 1079 2621 14 350 601 203 233 317 104 2316 
7276 2307 
16159 
15281 171 
7402 2003 
4430 457 1506 3138 
7345 
959 5606 4453 576 139 6046 
8885 
12879 
8627 
7065 
9361 
2854 13257 495 2739 
7454 
369 2599 9134 4445 2273 
7494 221 9022 
14195 3330 
50 2684 
7414 76 
9329 
7417 287 
1115 3601 370 
7273 
7319 515 
5652 
7655 86 
10430 
7710 
7765 
15087 154 
570 314 41 22 96 17 5 8 86 15 38 113 42 40 30 128 79 55 2822 21 103 17 5 7 85 14 36 
7722 
7623 
1781 
3515 7945 
7777 52 12 12 5153 3485 
350 3025 3319 384 7978 
7419 200 87 
10696 
5586 8699 3330 
7996 9749 722 
7418 44 33 23 31 31 125 9 11 15 9 
7479 
7394 3957 2848 3330 
166 1096 
4034 
8428 
7369 
5 179 677 3610 
7866 
7272 8763 
7621 6024 2625 134 9 322 446 2392 
432 
8629 1853 
7471 
1725 1064 13937 28 182 
7467 7431 
8513 
7258 
7491 
1280 
6178 9183 1039 
7503 106 45 
7526 4723 
18956 
7527 8692 23 19 23 48 38 
8796 2398 1044 860 1948 4301 
7538 7276 
7548 41 9001 401 1165 
14304 3330 
641 
7550 1410 2188 4005 2940 
1563 13771 1697 
7574 
7770 62 12 
6548 4520 
7624 
15724 
7642 719 652 201 729 1441 171 225 1928 2057 1001 13 
7659 
16771 
7783 
14541 
7785 
7788 
6716 975 100 584 106 26 1207 
3625 
876 349 2181 203 307 9 6 136 158 15 5 577 2013 371 2978 954 7 5 174 1170 1109 644 952 107 41 21 7 527 98 1577 786 1325 
3900 
8699 
6462 2151 
6659 
13010 9 116 6 43 136 56 47 
5015 
6473 
6844 19 30 47 15 23 183 4 4 4 4 49 
6188 4 
6515 
9692 5419 
6790 680 3835 52 280 4033 611 16 
3159 6898 
6985 11 
19888 
17729 
6467 
6458 4502 
8708 5406 552 834 539 1405 
4193 
6783 731 1056 11092 
8208 
6882 165 79 290 8301 
5253 
6763 8162 412 
8569 
6926 36 1887 459 4888 2104 1226 
191 
6870 
6749 3881 3585 3330 
7075 
6557 6185 
8620 
6510 1156 
6160 639 1014 1027 864 72 847 607 3134 3330 
6560 
1551 
9497 
14673 
14283 3330 
6493 9028 
16252 
6800 
1677 
7038 
15193 
6504 129 63 135 38 42 48 77 80 276 265 8 25 27 73 15 2710 67 88 138 
6542 
6474 
13842 4163 
8677 13 
6705 784 7558 
6456 808 1343 1860 491 1013 923 3532 1316 722 682 
6556 663 9 3925 732 20 13 13 19 
6593 
6569 5168 
443 
6572 
1470 116 80 314 3246 
6573 4617 1186 
7588 2700 7609 711 
16009 
10978 
9582 
7006 
9584 
2956 
6481 3584 909 1012 790 2073 253 157 1183 2038 680 
7663 2976 
12031 549 
3435 720 4834 5039 287 2258 1072 
6521 
6928 6079 
6877 
14401 
6725 
6564 241 25 318 239 343 2941 92 52 78 180 31 732 215 26 27 482 1323 2209 246 188 461 1024 740 274 
9591 4898 65 
6631 
9425 
6636 
14071 
11268 
1388 14150 
6927 
6687 
6772 
6644 22 110 37 551 33 105 106 45 2927 244 
15620 
809 
8146 8139 2 
8971 36 414 53 10523 
6645 3931 
6555 659 
17020 
6452 
6657 7496 3330 
914 3596 2458 12259 
7022 
6562 52 458 4000 
10703 
7012 559 4040 4675 1133 
8801 
6669 4046 110 
11353 
6765 
13890 
10800 
6770 3 438 7703 8 
15476 
3961 1767 195 214 3093 
6879 12832 
8179 
6806 
6823 7361 1131 4 1510 685 586 12 186 1339 
12085 651 
7048 12517 
8766 125 178 183 119 
15504 
6503 201 17 36 4121 22 4764 
6832 8872 
12887 
6834 
7237 12 3095 1619 
6961 
6856 
6865 77 285 547 49 512 
15630 
13525 
11992 
8593 
1261 
6873 7 
6554 659 11888 890 
7093 3 
8760 
1774 7877 8337 121 1219 
8648 
814 
1144 3600 415 3841 
6920 200 
6923 487 
15417 3509 
6944 280 
1955 1858 3769 2985 901 218 786 1230 3702 1855 
8764 
7057 177 3468 32 32 73 100 
45 
6956 
17332 
6827 816 5820 1514 
15277 171 
15408 
8949 17 255 53 22 128 
7059 
7008 50 4610 3528 1766 
7017 
1050 3602 
7023 
3166 
7026 216 
2244 1039 1709 1318 4513 4581 18 1500 1130 1131 
7027 1706 8242 
99 
7034 213 
4924 
9331 6200 
8669 
8241 
7079 5154 831 1312 3330 
7097 3765 6538 6 
7128 6074 6041 
12420 281 4135 222 2961 
7208 
1653 
7185 
7198 1129 1404 421 766 14 14 
6436 
6418 
8423 122 
6417 
517 
1946 10527 4337 191 
6420 
19973 
12671 
9476 
6419 
6433 
6437 
3381 167 201 312 924 228 437 534 468 823 945 2365 528 341 367 2 2418 1072 250 227 1241 38 25 36 29 1181 1221 104 
8768 125 178 183 119 
6371 
4242 15380 
8617 
6389 
6378 6 
6388 
8447 
6382 
1648 
7887 
14579 3936 239 220 
5718 108 
1768 
7357 
16163 
1341 232 48 
5544 
5693 417 10 1953 1824 755 5865 
9313 
6630 
5607 1700 18 1765 41 
8822 
3009 
6424 
5612 
14456 
11008 5336 15 
6257 428 24 1257 754 255 6014 357 2690 
19663 
3214 292 6297 
5656 193 207 
7587 75 9 28 116 
1087 3601 10946 8 109 1 12 75 
5747 25 164 167 2932 
13422 
1154 2798 802 666 12555 
5541 2462 
1230 3597 6761 2919 2123 
5738 11 6 81 14 8 5 29 25 64 123 1991 7 475 10 1077 2514 743 
5667 
18473 
16122 
5788 20 8267 69 83 3247 83 
9972 
6337 12454 
628 2109 1064 527 624 605 111 137 3657 4036 3057 358 2092 
8602 
9610 
5646 4763 
3008 
5543 
6128 2243 6577 
5523 
8870 83 2988 3899 
5631 
5532 
8732 
5616 2139 10241 
461 983 150 14 113 62 6254 413 1392 8322 679 5 148 
5707 
1751 
5897 
5267 
5666 
13096 
10653 
5573 361 10036 2405 
1248 3597 
5960 
6312 
5550 
35 
6121 
9259 
5678 2379 8642 1291 
1873 33 1080 3436 2269 
2089 16454 
8147 
6070 
6248 
19715 
7979 1498 
7751 10830 
14397 
12597 
7760 
6431 7383 
5949 
7138 220 2488 541 4177 2142 2003 643 380 
5758 122 33 2803 764 
18449 
2411 175 1266 4226 7831 
5767 
1624 1837 3899 
5794 11470 
5820 
8911 
5596 7250 5 15 
9204 
5947 
5838 4083 
10427 5274 
6230 
6488 804 1343 1861 498 1015 914 3535 1316 724 678 
6664 965 
15756 303 43 
5908 8989 
5533 
2445 15385 523 
5709 564 
5927 
5562 52 269 
741 1729 13655 1 1 1 1 1 
7565 8667 
5061 
5810 4441 8432 
3352 5144 542 
6366 
6775 16 11 10 12693 3 7 9 
5831 41 26 2398 
6487 4506 
6044 3828 377 
1928 
8264 
6058 
7525 1757 12 
5540 
6069 
8763 125 178 183 119 
6169 12392 
6379 6 
1919 
6207 2602 
12903 
6222 
76 3149 107 312 1579 163 293 598 262 1233 286 1734 1014 119 957 4469 
3263 2313 239 118 45 161 1960 1764 463 
6234 1065 
6291 11489 235 
10979 
1047 3602 8214 15 
8374 38 
6293 1925 10499 
3088 
6333 
1808 
8253 282 
16243 
15499 
15 3 12 1821 3 
5364 
4926 11102 
5432 543 4035 
5071 8958 1337 55 
2550 65 1141 362 1724 24 3 9 108 114 7 65 82 9 19 1760 206 290 33 614 3146 3523 2886 
7338 
9983 
17730 
8697 
5774 1657 109 1260 383 150 5378 
4930 
9558 
5060 
10796 470 273 1749 86 169 3066 33 89 171 71 1169 1456 276 
5152 2175 117 
8765 125 178 183 119 
4939 
8703 
8853 
4943 8522 
4945 113 41 21 
109 
2837 
4990 79 6582 1997 2339 
8745 35 3754 533 199 4751 
18933 182 467 242 237 
7352 
5178 5139 
10701 244 
4947 
4149 
5202 127 5032 3116 17 7 
16087 
5166 
2959 6706 222 
4961 
10224 15 
4980 6578 351 
2475 706 135 285 37 8 293 80 236 63 54 20 1911 1820 2391 705 76 3421 52 201 589 385 123 
4976 
7764 
5411 
8378 
5353 
1390 910 6777 
4982 264 142 260 2408 
18452 
1426 10617 
5208 3245 5624 
5070 10795 
17036 
5393 
5465 1041 148 3843 291 527 3260 187 381 
12857 15 
4998 4763 5802 26 709 
1571 
5006 
1365 
5384 2397 29 
6435 
4367 7509 370 2104 1939 1391 566 643 
4987 
5133 
5712 59 125 175 261 28 
2020 5308 51 5 61 224 27 2265 
5032 2882 2869 5093 
16467 
3495 6290 
5049 719 9 3144 344 25 116 1037 1935 
12771 
12060 341 
7001 
5368 
5387 
5083 
5236 3611 2330 3558 4771 41 2 6 8 34 273 3 
15676 
9452 2101 
14079 
5094 7 68 301 11 30 
14628 
4940 8948 538 
5097 3696 1803 
5399 90 16 1738 7641 4 1670 356 68 4 860 151 
6860 61 29 7 36 9 35 88 290 877 1210 3788 673 212 3330 638 1729 
15420 
9881 
5456 
834 1061 48 408 44 5 574 2154 483 290 96 36 417 497 500 372 2633 1634 2925 2034 24 2017 13 13 877 18 23 
857 
3868 3 
5121 89 
18711 
4935 1544 2149 
20079 12 
1840 8 10987 
8694 
5493 
5441 3300 5 4517 4013 
5238 3165 1 6 10212 1092 
12119 
5433 25 
5266 
2409 41 307 662 1784 755 81 
5270 11707 
8152 
5469 11148 167 131 
5488 5539 345 121 320 295 294 10 33 21 38 
1619 
5480 4151 
5282 
12206 1806 
400 19394 
5294 1658 112 6525 2351 3954 
5317 
13140 
5330 5032 
5331 5032 71 
6076 
4292 835 1697 907 4330 138 1806 1172 28 678 918 
5354 
9102 
17222 
5491 
6989 
14835 
1300 3 2 
304 
5414 2520 
5423 
8752 125 178 183 119 
5468 
3765 
4869 
4868 3138 
2154 786 918 9794 1264 3660 
6975 7332 3330 
4878 
4438 5 452 5 1501 5 3133 5 
4881 
5972 5511 684 250 1619 5493 
5928 23 19 28 113 
4862 
4874 
16169 
4880 
2678 1039 243 
4731 
15517 
12767 
4473 3 3 3 367 3 3 3 
18579 202 228 
4492 
4455 
203 
6819 3577 3456 
4100 850 104 406 1067 1036 
4547 
8757 125 178 183 119 
4668 
8641 
158 
8013 
4468 
4663 
2226 
4463 
4404 459 1509 3139 
4549 
4737 
4464 
10236 3544 4057 
3513 7631 3102 3330 
4454 
4466 
4859 2331 20 3959 3819 
616 
4815 1425 1563 
9510 4953 613 
4434 457 1506 3138 
1929 
4403 
334 1402 
6370 
949 2144 1343 108 349 1506 3138 1836 307 533 404 812 590 
4401 8483 919 
980 1632 932 591 448 2253 3748 48 
4306 
4421 
17755 
12763 
4402 9402 
4426 
9283 2266 
5766 24 10426 7 27 19 54 1700 310 
11643 5121 
4432 457 1506 3138 
4411 9411 
207 41 7 8 2 43 65 21 70 21 17 48 17 22 33 30 60 78 1209 48 103 17 1777 3366 3029 2681 116 288 87 13 2597 690 
4417 
6616 
14385 835 211 2284 1593 
4422 
18305 
4424 
721 57 
3175 1136 1934 102 994 122 140 35 90 5971 1365 835 774 1550 
4429 457 1506 3138 
6939 
4427 457 1506 3138 
4445 457 1506 3138 
6622 492 
3591 2704 1114 
4104 
3521 11071 
3566 312 436 642 348 217 837 134 60 511 44 26 24 61 979 1432 10 24 19 90 12 119 118 1078 745 2739 422 3 858 1322 180 14 
4977 
3363 
5307 1330 1572 261 7238 1434 
4309 
3076 16602 
3180 4947 1721 8915 
1576 
1048 3602 4853 
1227 3597 1896 1836 1708 
6453 808 1343 1860 491 1013 921 3532 1316 722 682 
15762 
900 3596 
3059 5 21 6035 
3394 4340 1938 6816 841 
8887 
12766 
9589 
4211 
12745 
422 713 3600 2615 6506 
3744 7859 7096 
14538 148 800 
2994 
3163 
7564 
3556 4679 2310 3691 3330 292 643 
4369 10271 
10445 
4070 209 1198 688 3318 1025 3282 3297 130 91 1134 688 975 
3154 1264 11726 
4027 13361 
3198 43 11 1073 15030 
3539 11198 
3142 
16662 
810 
7032 213 
12328 
3186 360 599 150 1129 37 4441 4696 142 
9527 
3313 
3520 11071 
3173 84 9 1025 10486 
4042 12198 
3624 5532 36 18 18 
3231 5872 8267 1852 640 
4036 1627 
13965 298 3330 
3167 11383 148 799 
3950 1912 657 179 39 
14094 1381 530 
8709 
2231 221 9 21 292 681 246 2954 78 1320 32 44 5 224 918 328 67 473 27 39 1022 211 83 157 30 1370 81 5 25 184 31 18 21 2779 46 35 90 14 235 41 4 15 18 611 613 33 418 129 44 288 63 80 326 
4330 
3224 5 
3156 
4218 1998 4789 3774 2514 1279 226 219 
15691 
3189 2266 
11283 
6526 
3146 1260 459 48 614 847 1618 1521 59 477 
1905 
7060 3341 898 1299 3870 1960 3 1 1 1 1 2 2 627 2 1 1 1 2 187 415 241 18 4 4 3 7 4 4 4 7 1 2 1 2 2 4 1 1 1 1 1 83 2 2 2 3 2 3 2 2 3 2 2 2 2 2 
3206 130 4006 381 1755 499 5348 
8031 
1321 1059 542 903 1667 321 1160 653 2073 1619 1257 1406 2254 1647 167 540 
6931 261 
2794 
2105 7744 153 7834 
4210 
6051 
9518 4963 611 154 
121 6458 989 
7197 
4332 12812 100 39 17 44 9 23 
4063 5315 
5014 5147 5643 71 15 
5743 
3534 16 1522 4920 3161 2480 961 2353 
2103 
6468 
7321 
5359 439 3010 
3249 2512 3448 27 161 43 369 
16030 1719 
2679 
3398 11766 4343 41 16 307 
4177 5109 2234 17 765 44 35 187 5681 643 
1732 
6099 145 
2809 
3807 
14120 986 193 2151 
3503 4170 
11284 
3327 
8663 
457 56 15 566 918 342 1388 251 19 87 596 302 21 5 43 244 244 76 112 323 118 14 384 116 21 13 23 33 299 433 5 86 937 1098 110 5 59 74 1678 2708 717 1001 646 966 564 363 194 517 22 92 12 25 6 
6200 697 
6612 
3191 
19745 
5609 343 10171 355 368 2221 
15728 
15329 
9970 
3975 36 6758 
14522 148 801 
3289 3 305 4598 6764 
17150 
3201 
10984 
3418 
17167 
9598 
3216 
3472 3042 22 85 80 37 121 58 18 41 64 73 31 50 13 7687 
9058 
6386 
4083 
5839 3947 
2368 
4324 1337 5683 
9656 
8243 
2195 647 5668 833 6415 
6741 
2121 
7007 
3246 801 10946 57 
11301 3031 3330 
9196 
10493 7278 
6567 4075 393 44 656 
4094 
6336 
3341 
3585 1474 185 166 17 11 4807 5478 
1567 13 31 
4277 
5272 
10890 
1788 13841 
3253 4093 77 293 
416 
3349 13977 
13807 
3276 13632 2298 598 42 
3296 
14116 552 2778 
40 7744 7554 72 889 
8394 2381 2860 432 3095 1160 413 
1726 
3170 1772 622 350 3683 4379 
4001 
3739 5991 571 
4084 10946 2233 64 1664 24 
14225 3330 
2880 34 4520 34 124 8 50 5988 
6146 
261 134 88 17 90 2478 7 163 88 371 4892 147 1000 85 282 276 286 700 707 941 4857 1118 260 
3525 
3308 2341 4787 4597 1494 
7135 12354 
3465 3117 12175 
3165 
15689 10 6 
3318 6899 
5082 10976 
1318 3868 286 7785 
3854 
7857 
3399 7814 20 13 277 1423 
9098 65 247 7472 195 
6576 2208 686 1586 36 284 330 40 5147 2586 
3176 
11238 
2126 
3885 1134 293 1277 3850 678 18 12 16 30 22 13 22 47 71 45 27 45 83 29 69 50 5 41 50 2134 179 1864 1466 
3280 10044 513 7 
9130 
3153 
12049 66 384 18 223 4438 77 19 1232 48 274 137 94 
1352 156 6289 2493 
4091 1140 
12320 312 
8675 
15327 
3445 432 232 1234 3874 5299 3398 210 530 669 475 
3346 
2239 13279 44 
5340 
3158 11532 
8761 125 178 183 119 
3334 
8379 
3889 1158 3121 
537 105 
4080 
14818 
2523 1161 108 8538 
9144 
3131 
3379 696 11768 
17746 4 
903 3596 
5383 2397 29 
3517 16183 
2321 
1512 6646 
3190 
9267 
3411 2623 
8912 11 
3237 87 130 5718 5441 2646 
9815 
3559 235 12 60 4287 7816 8 429 10 826 148 
11987 1897 
3428 
3555 
14623 12 
3430 
387 7649 15 4156 162 39 156 459 16 63 3 8 16 3 7 54 155 9 9 22 17 8 114 420 66 113 166 3164 166 
3913 15 2310 8336 1156 209 62 692 1290 6 
6793 11231 
3442 
3635 1667 592 102 768 1362 1698 506 3 
1 159 685 3611 
4263 1213 8690 3330 
3759 
17389 
12622 
2548 18 63 236 882 1893 99 274 84 59 17 35 35 54 23 6 1916 27 119 47 52 38 
3446 158 413 27 2192 8729 
155 
1366 
3155 
2471 58 2450 64 34 1934 5039 2664 826 
3456 
3265 3885 611 2417 3586 2501 3644 
3469 8543 100 396 1418 124 18 1446 1047 51 91 285 244 559 42 159 2 53 20 66 70 105 48 16 191 12 209 15 213 17 710 102 
14478 
4150 
5551 920 811 1339 1859 492 3733 
104 3260 138 636 1356 1130 102 2085 357 29 922 15 189 290 1439 898 21 481 170 965 945 282 11 35 
3471 3042 7 5 7 3 35 18 6 26 79 79 113 10 62 32 117 15 16 497 3361 30 29 22 34 12 4 2 12 6 4 6 30 19 3 3 10 14 19 36 44 27 42 3 63 40 32 17 3 16 8 5 63 20 19 14 17 9 23 4 6 40 12 25 6 46 15 3217 3804 182 302 112 24 31 103 
294 
3294 
3487 4269 
3532 1850 
1548 4766 
5067 
3049 
3516 17 97 468 13 21 48 821 1607 1 688 1686 729 68 76 59 176 284 1023 1 29 1 32 2 71 285 1 
3991 1612 5 46 270 59 104 54 2 224 317 114 44 71 19 362 193 30 41 38 116 26 525 8781 
3269 8986 
1079 
8767 2 123 2 176 2 181 2 117 2 
3397 3188 20 4432 24 20 34 46 10 4 137 31 26 21 249 33 52 35 18 23 26 
8844 
168 
3488 
3305 46 1993 291 2345 156 736 83 25 130 71 680 663 34 37 80 135 18 17 35 467 4728 769 1688 211 240 77 19 
8659 
4274 
3168 
3557 4679 2874 1816 43 27 18 95 92 108 75 236 33 108 155 2548 759 91 511 337 139 38 9 59 387 47 473 78 62 353 29 66 
4043 1774 7 115 
3564 3560 8629 
1838 8 12642 
4241 6176 1902 311 882 3368 191 2646 315 
2076 25 1623 106 307 159 963 5753 4885 10 576 49 12 199 667 
3362 
7599 9175 
3612 10 525 191 9295 877 
7291 
3615 392 
4198 
2958 3734 1275 2210 695 420 3517 1788 
3626 6743 28 11 
3910 
310 
1362 317 8503 948 
3627 4704 93 122 1542 284 
193 257 310 120 
1219 3597 
3628 4705 5 1751 284 46 
3915 
7051 181 
5555 10926 
3675 304 7655 1592 19 6 2310 2957 40 419 
13367 1756 23 174 
3497 3314 4612 536 7312 
8928 
14399 4 
4116 2487 2613 1958 63 450 4834 1634 681 
1981 
7033 213 
3683 11087 3270 
9525 
3688 
192 546 141 103 5 3 2 1 3 24 1652 289 1624 5 3 2 1 2 24 3528 881 1631 1284 508 253 18 3113 1046 195 2648 55 242 18 
4234 2573 1135 4584 122 1541 928 1709 7 686 1825 264 19 
481 13581 3317 
3706 
3705 2 2321 8939 
3743 
8625 
12895 918 
6463 2 809 1340 1857 2 489 2 3730 
3745 
548 
8943 
15489 
3012 
7958 
14552 
1121 1010 472 275 70 1774 694 
3629 4554 151 5 1751 284 46 
5746 189 71 12 13 59 12 3556 2631 48 
14044 
3736 3831 2087 2838 5592 
10400 
2137 1847 13 12 17 5689 591 5772 2655 1207 
7973 
19148 
533 
3754 314 1898 293 1214 68 105 1376 374 239 553 2773 1494 
3874 
4387 5825 9551 
3160 
1266 
865 7011 
2843 2159 2315 519 
3816 11 239 6463 404 265 
3829 11995 
19805 
8637 
2100 1333 254 40 229 1796 93 976 247 243 148 222 11 650 220 1315 975 1308 1974 154 1349 323 1504 154 701 1037 
4933 
4117 
3853 
15575 
8929 
8016 
4028 2207 
5355 
54 
1246 1034 57 2506 1972 10 60 18 5116 1063 77 58 94 32 25 13 396 1115 233 81 377 111 889 55 90 170 2 337 693 216 488 16 279 485 
3886 3686 7816 
4385 12 8774 
3895 1360 21 
3909 
1739 
9561 
3912 
3978 
9594 
9129 
3987 
16304 
5613 2967 
3990 6448 5644 256 
4159 2610 
9390 
4021 1548 363 182 10817 1167 
4024 
17134 
4030 1827 50 2113 
860 3610 
7822 
14851 
2617 3253 231 
4031 11661 
14769 
11358 
1986 243 65 
4039 910 356 13 1 7 9 4477 59 386 2 
2460 5471 4085 
4053 2471 
18303 
11872 
6457 4502 
1626 
4229 2579 
4368 4570 
4079 
5285 
3203 
4082 2560 2331 18 20 12 19 1529 8 647 1296 760 2361 1568 842 531 
12145 
229 464 251 271 478 2015 499 332 273 320 289 58 3357 60 35 117 3 82 18 347 2080 11 501 958 207 371 44 173 71 1937 949 409 1039 329 86 228 
4087 15005 919 51 
2441 7330 8518 1424 97 
6482 806 1343 1859 496 1014 917 3535 1315 721 681 
1344 
4089 
4095 3054 4688 750 6465 
15773 
6571 21 2317 2618 298 232 135 1805 1327 3857 150 
4692 
2038 
4096 18 
4123 
4133 
4408 4 455 3 1506 3139 
4136 
4154 2168 412 
4165 
1733 1526 9 10 10681 
3553 6717 17 4503 1431 5 154 22 
18210 134 993 
12619 18 13 17 18 13 13 21 
4172 
4190 
4209 11709 
15069 408 
4226 
7021 5131 7290 
4227 
16463 60 5 25 191 13 198 
2653 2 485 
8660 1816 
7775 
6416 2249 13 
4228 
8967 356 
8015 
4244 
4269 
1385 
4289 3461 3 
4312 
4313 12874 
4343 2461 576 
8676 13 
2760 1567 25 790 286 3041 4968 199 73 3041 1566 226 
4348 
4357 
14440 
8646 
6523 
4365 109 3 3 3 6671 964 
4883 
19400 
1889 3241 
8429 27 61 66 
4386 14572 
3125 8819 777 
3027 
3018 
17366 14 
13080 
1634 
3036 
14837 
3025 
3026 
13117 
3077 
3437 670 2771 6157 
8258 
4329 
12270 
71 
3098 
10969 
1271 10712 
3099 11 2041 6169 
9945 781 
10064 
6421 
13471 
3078 
17021 
785 10145 
504 6587 2296 218 
4398 9833 3330 
3047 
8704 
1258 20 
3022 
10826 
3030 
15152 
14985 
3855 1225 2349 3991 472 46 18 401 288 3094 2985 
3048 
15928 
3033 
5748 38 194 8 2112 
3043 
264 349 936 3725 1433 422 1668 4201 1511 5100 
6907 2874 2443 6013 643 
3035 
3409 611 4258 10555 
3044 
92 
356 
3136 
3054 3808 4424 
3126 
3103 2405 519 539 4467 562 139 6831 
8178 
3141 4174 1250 1402 5562 2890 138 694 
3087 
898 3596 5894 3173 774 3330 
6485 
3105 1205 4609 5 40 10313 390 
3031 
3100 11 
9700 586 8027 688 
1392 26 70 42 6972 9268 
3120 
2432 1168 9902 2463 1072 
7441 
3109 10 
3920 219 117 66 10397 1348 
3069 
8684 
7455 
6221 
3038 
16276 
8850 
3124 
3127 2205 4482 103 297 202 1648 4987 1664 
3132 4230 24 19 22 13 6 6 
3139 
2997 
2993 
9587 
2991 
15182 7 
11592 644 1304 4529 
2982 
15186 
3014 
7768 7025 
755 
2293 64 837 2439 12690 
14497 
2988 18 
2989 
5531 850 78 3595 907 
3003 34 3397 
18207 
2538 3387 915 6355 527 4118 
2964 
9579 
2996 11664 587 210 
11000 455 915 204 
2667 
6629 317 234 1 1 1 1 3885 788 1 229 235 140 35 102 4424 1 2 1410 2 331 303 998 2 2 2 2 3 2 3 2 5 2 2 2 2 
1949 5636 3251 1239 5797 
3930 
13815 3307 
2574 1 
219 4 1 159 10 239 316 107 65 175 209 43 468 643 152 1112 248 52 76 48 197 114 64 671 70 132 91 521 670 115 92 4 49 784 144 108 616 17 534 349 234 34 825 1237 196 1114 86 563 43 852 189 577 184 134 434 895 108 15 683 66 131 6 257 288 373 17 15 53 140 10 14 48 3 127 29 104 80 
10899 
10949 
3004 
1684 
2010 
15519 
2223 
2751 
15650 29 9 
6797 23 576 190 4 14 13 44 9 28 26 90 2727 851 1981 6337 
2443 
1528 3509 136 3564 2696 362 1277 171 419 2998 736 711 94 
1021 3602 
2328 
1903 
2188 571 7673 4489 1156 515 27 30 83 311 891 13 127 79 31 24 59 109 22 27 213 27 1252 18 
2683 
6590 12921 
2099 5325 81 
2539 162 1427 323 457 982 524 427 1109 144 346 1112 3747 1505 3935 
14218 3330 
1752 
1924 
13798 
6502 130 
2791 526 20 345 14 1694 876 2812 662 151 3236 395 36 2186 
5375 
11975 2 6491 2 
3820 15219 
2652 5721 
18511 240 176 43 
803 
2813 
2210 
2604 10401 619 5550 144 
2343 902 
1607 
2747 
4237 4695 
386 277 2228 2306 2314 538 2111 608 669 664 1579 460 2342 988 
2882 12065 
429 968 63 796 268 316 723 812 664 322 458 1520 759 1362 536 1549 124 2265 1923 214 586 1541 89 1479 
1935 
923 3596 14726 
241 2690 529 9117 473 521 798 800 1410 1120 475 681 570 189 
13801 
3092 366 5654 
823 
367 198 14 1307 336 21 145 18 972 602 228 1481 96 76 2207 751 276 350 321 477 801 5 6 36 295 357 582 611 774 543 251 704 101 211 35 818 228 677 106 199 201 47 199 96 228 17 11 13 16 1375 
1979 
1992 
469 166 2024 1264 197 48 55 76 938 40 99 87 132 372 741 167 15 82 1201 616 9 8 534 58 236 394 754 457 425 1337 444 15 518 394 143 358 189 577 115 69 135 295 138 604 221 33 165 288 85 305 67 394 661 16 68 140 10 15 147 244 
7238 548 4178 84 242 6 42 4250 1467 1029 13 13 16 
2036 574 1446 50 97 852 270 71 68 875 308 190 702 564 41 2042 3350 917 450 2045 413 1054 
3174 
2977 426 240 756 819 1310 2392 823 550 249 1770 1319 67 58 3617 1968 38 
6341 
870 7392 7601 
2052 9873 765 6805 558 11 
12838 
2530 1287 254 214 17 708 18 5 216 884 155 11 609 498 891 2056 219 710 2378 89 2122 84 3027 830 18 
2387 118 29 1240 192 2266 1997 38 1880 94 107 1728 1541 1107 305 382 470 40 482 133 1337 655 
10856 
2957 
377 
540 6442 2697 3354 294 
11 2 3 3 3 3 3 3 1810 8 3 3 3 3 3 
1042 21 3581 21 
2671 
7035 213 
1590 
1954 5 3616 40 27 120 14 42 59 60 18 21 13 14 17 1877 10 5 6 2298 4373 2837 
5172 
4929 
12311 228 5257 3 229 381 215 686 511 
588 159 5235 114 737 1075 2605 
2808 
3019 
2446 13 229 139 2441 356 2819 117 
5204 215 10569 1970 700 17 1124 
1096 3601 1907 1323 2762 352 588 162 25 6872 520 249 27 285 31 48 19 
1891 48 3280 1227 1038 
2463 1895 1352 655 2971 1186 4235 1539 1834 
2955 
2367 
8596 
201 13 405 35 7 19 12 215 3596 
7201 
12824 
2053 
2307 1 12 251 5995 3634 61 37 16 205 9 24 1454 150 3330 
1991 
8731 114 
1254 
2599 198 1021 230 223 1846 793 44 793 556 163 461 348 613 983 295 1233 1722 986 77 527 1740 2230 
8448 8721 724 711 
1453 
7767 
18805 
10045 
592 20 442 3602 
2290 
8505 
1977 580 2401 270 135 1935 2970 42 6930 78 74 
2564 15 
7010 1154 8341 
1134 2710 890 
2626 
3924 315 2431 
1983 
7856 
2082 207 1334 13075 
1990 2994 4227 136 75 27 542 4623 1460 
2060 
1635 88 2034 2110 120 121 156 10484 
18485 
93 2162 11 172 36 299 101 55 16 303 2474 111 196 13 3193 485 270 4639 1426 
2992 
10712 346 5446 163 1550 
1997 1522 2109 381 702 721 186 7 291 185 377 304 638 240 63 274 157 271 684 2871 199 424 388 2518 1199 
15622 
1372 31 
1188 3598 5451 1164 18 39 38 459 
15491 
2128 4993 4189 4503 841 1311 328 389 
8754 125 178 183 119 
1904 
13853 
12040 
883 146 2159 126 129 64 51 17 295 384 18 12 347 320 54 37 34 19 13 5 32 12 25 63 64 25 74 23 22 33 727 144 134 6 21 12 21 64 447 44 26 24 61 981 334 1130 51 38 44 5 10 28 19 3 53 35 1056 94 745 1219 334 7 117 1080 17 125 33 80 123 26 10 18 767 49 109 14 112 254 143 22 245 668 395 88 711 646 
1976 281 14375 1429 
1129 1140 2461 2244 163 3677 1431 4528 2764 
13951 
1962 
2428 
16188 
7636 
2696 
2165 103 421 2909 2363 2844 1400 422 1384 2219 
13791 3297 1355 688 975 
8742 34 
2164 1874 332 
17007 
14155 3330 
1998 153 208 19 11 18 9 791 400 254 90 44 6343 1200 2 1747 1016 735 783 31 146 1635 
3058 5 21 
746 5 5 17 8 406 13 9 40 3308 228 13 8 40 
2135 359 714 2394 155 50 41 64 766 36 36 703 653 751 1446 2361 18 340 16 66 8 16 10 29 25 155 9 9 22 17 8 114 15 3 1219 113 2 67 2130 166 653 112 599 1120 276 39 
2001 155 216 19 12 55 1703 1468 30 23 466 76 51 1090 564 132 20 175 2855 2961 1452 2302 476 16 31 59 284 8 
15770 
793 5 14085 
13503 4509 
1899 
2081 
2478 14020 
18778 
14546 
11304 
5992 
6425 842 
3510 289 4422 6511 1730 
1945 
16172 
1379 93 27 290 
2630 236 5072 
7476 
2584 
2011 
2390 883 852 1468 1922 41 38 36 45 2417 4428 812 9 505 128 1374 1958 81 
2282 41 69 39 232 58 1283 1 157 1418 441 131 38 677 678 32 58 2138 141 12 4645 147 2705 
2039 
3185 
24 3 1833 3 
12017 
2008 
2401 6983 2769 2039 998 2031 301 
2055 
2007 
17773 
1984 
2045 233 4045 45 3778 235 22 4209 
13917 19 22 2145 1773 
2040 4610 
7895 6326 56 3274 56 
6441 
1077 3473 128 
2057 76 79 346 744 9 111 22 195 8 329 397 20 774 879 2455 10 6132 74 12 1774 219 16 303 144 829 
505 3712 1360 8273 
1086 3601 
1932 1230 2390 920 811 725 614 1859 492 3733 
12354 286 
8656 
2863 
342 103 7 251 88 8 180 24 5 17 76 24 96 12 1545 3 1801 23 5 17 75 24 92 12 2321 611 224 650 179 1741 340 45 898 612 139 126 7 1042 624 835 211 1580 704 703 4 628 856 93 
913 3596 
2731 
2741 1532 1370 1701 399 400 2438 46 4116 4632 
753 10 3793 
2177 421 1401 3646 1524 32 949 37 1866 3517 77 1557 47 21 25 36 30 
2565 10481 291 105 15 232 3117 2528 202 
17731 
312 306 586 269 128 464 71 1278 567 200 620 1086 424 2415 1248 6 332 187 903 1555 798 1171 234 2959 
1082 3601 338 
1564 8336 4727 5371 
2041 
16029 
2050 
15294 174 
1926 
2112 7489 5424 725 610 
9132 
2115 1252 627 2741 9575 1974 933 249 391 
8982 
3013 11650 587 210 
14316 3330 
9602 53 196 
615 95 
2000 152 68 146 963 75 510 31 432 630 362 151 253 300 93 33 306 509 362 318 386 1212 6 477 56 128 9 372 42 127 48 199 35 50 233 3 59 4 3 626 244 15 987 339 543 67 296 2 348 162 617 453 92 330 719 4 169 62 372 2 1094 535 52 13 91 3 216 49 216 
7873 
11509 380 
10610 247 4841 
317 1773 1229 3700 1836 81 505 388 248 2 186 2168 6079 459 
11330 
459 
2754 1506 889 217 2783 2201 5598 16 
1329 
17151 
2423 
3102 
868 2013 
1237 3597 
2140 8114 
2130 
6204 509 8198 2990 711 
877 12 69 14 39 4 149 42 1747 1532 76 14 38 4 147 39 1857 1251 34 3210 200 208 284 6 61 14 746 20 24 303 
16244 
10 794 456 561 53 33 1080 36 122 1260 459 48 614 847 50 31 808 729 614 45 42 820 59 477 417 491 1013 786 56 79 921 57 232 309 62 63 116 32 146 251 154 40 171 38 120 174 242 122 35 247 687 322 307 722 682 
2138 
2706 197 9777 
2775 50 
1083 48 374 45 75 862 963 121 93 6 238 47 258 471 427 182 672 78 302 8 1875 194 23 832 214 767 24 721 679 1499 27 2 271 99 86 10 12 13 17 19 174 147 532 191 380 823 319 845 246 15 1551 854 
3056 6 20 559 1566 3282 15 2725 1837 7000 
15932 
2752 826 2489 10459 2227 
2169 
2061 
10478 
67 2094 3576 262 7643 2614 
194 
975 361 460 1497 1285 3713 5011 
2173 
8657 
9588 
474 
2479 
16162 
7451 3884 
2179 
6225 8815 2252 2229 
11974 
2311 5999 127 860 533 2197 6658 112 
684 10622 238 29 4 9 77 
2361 96 43 97 26 236 663 6 470 2187 102 1736 278 967 112 5359 1191 143 1197 25 36 29 
12006 
2868 12818 
2215 61 945 696 15 253 256 457 1506 987 2151 1180 23 1375 1452 489 189 1726 1604 596 681 758 
16861 
1764 
837 14816 1560 
9161 191 47 15 5490 427 18 21 14 
16003 
105 1312 92 1412 3414 1563 8687 2119 
1988 2305 5890 
405 322 3573 
7858 
1331 13315 
9248 
1989 8647 7928 
2241 262 12 3 813 326 8 6 23 17 3 4 15 39 12 3 147 3 12 9 430 3 8824 1753 2383 
2049 7 2004 4504 4955 10 377 3961 128 
2193 11944 3330 
7882 
11991 922 1204 552 2778 1716 
2608 5749 42 
1598 
2200 
11422 536 
118 
1643 
2202 
9947 7256 
18251 643 59 
2176 
19729 315 
12856 15 
4171 8224 
2208 9 4422 40 14 920 31 2026 5219 
4925 
2326 
19388 
2341 3666 25 
5163 
2877 12115 
2823 6437 2680 3446 
2123 
14084 
2224 2052 6058 
1127 15 3305 281 14 162 1506 3138 4356 67 307 3330 
1517 569 3898 1529 60 2535 2922 
1386 306 68 11 15 15 7340 5093 3330 
2756 3150 218 1446 4574 122 272 1402 2546 53 30 356 2310 692 
12689 
7196 
2228 
8598 
349 3021 182 367 38 183 181 1164 1736 9 9 12 4636 20 13 13 19 13 229 23 74 1709 2237 
14353 3330 
2577 
2233 1647 
2832 16 5222 
571 52 384 25 3577 25 934 363 182 2609 10010 
2245 
7000 
12780 8 8 8 
198 84 3109 2687 732 5376 1805 399 540 71 224 211 1613 671 
4983 325 592 2197 2007 168 5548 
2303 68 4873 
1145 3600 3172 4279 1806 
2249 
2980 
7220 9 4690 13 
2079 297 719 2823 67 1728 
1982 222 61 133 1694 82 1610 945 22 96 476 310 27 300 825 5375 966 54 354 446 1510 1697 129 
835 1061 48 341 612 78 3476 2508 
14874 
2324 1256 14590 197 485 
8673 13 
7278 581 
4433 457 1506 3138 
3021 
17819 
2661 
2846 856 11163 
13397 1359 1784 1504 
2309 263 518 882 354 25 773 1631 3702 2708 4756 164 222 
7025 216 
2553 914 3233 79 109 76 4193 692 6 3278 170 14 95 3525 182 298 114 178 
1031 3602 
2279 140 301 721 59 586 152 1045 284 12 4301 32 5262 
2379 
2291 135 7 14247 215 1074 
2484 68 3761 1797 7303 
1761 17 39 
2937 
15363 
2046 
1616 
11447 
2347 
1320 6434 11083 922 
2145 603 3008 5503 6604 466 
15382 
8804 17 12 19 17 41 7 35 11 123 3 27 19 4 6 9 28 31 98 35 36 11 11 13 17 2 43 13 8 
15009 
2356 30 1457 1368 23 11049 2037 
19811 
2295 
2607 825 4542 60 77 59 186 40 4 8 23 137 2545 47 125 219 271 4439 8 45 55 401 496 1112 
1191 3598 
14482 
11084 655 62 
2117 40 189 81 7420 58 632 329 7836 
2362 262 905 2624 34 412 111 2992 430 1251 409 2959 981 199 1276 102 
1332 741 7008 4533 
7188 
2394 2764 2425 4045 
9490 
9092 
1994 562 989 206 929 4041 
2127 
16901 
1675 
2412 23 
12065 
3017 
4381 
10546 3362 3508 
2817 22 551 3711 4175 324 10 1437 291 105 15 9 47 176 1481 1415 190 29 2 2916 315 
2421 16270 
5726 3136 
3002 
2019 
18315 
441 500 3595 554 4128 53 2770 2166 161 1159 55 1955 161 206 63 347 
2965 
6943 280 
2938 
18742 
2911 2693 127 164 15 1404 2684 4727 4876 
2491 812 149 41 54 250 26 11 143 258 827 13 23 67 3 8 14 235 22 1180 101 1403 2060 7 52 115 4365 73 177 
14672 5 
2329 
14540 
9894 
2851 
2583 6643 7748 
2625 
6480 
2561 4913 86 
2920 9935 15 
9075 32 
995 
2677 
10061 
2521 1269 
6475 4500 
700 
892 172 524 2900 178 
2531 
15619 
348 
2325 12458 2220 
12760 
2540 15640 678 170 
4176 1020 18 9760 43 
53 
667 6122 1693 26 8 2758 
2545 
2485 50 66 1145 1814 79 47 633 1746 43 52 31 21 18 44 212 
2517 1269 2532 1707 421 967 9352 225 
6508 67 76 7 13 17 113 241 40 295 11 10 14 14 32 46 27 6 7 10 8 7 7 52 11 9 10 16 35 9 1 3157 175 39 285 266 104 63 867 7024 
18718 
14644 
14415 
8014 
1265 
72 1079 959 2641 3205 12 7403 888 71 1522 
1465 4 689 100 208 40 686 376 48 159 115 4157 135 5602 3637 1750 17 
10413 
2551 44 53 3196 402 10 28 1761 497 32 659 
3366 51 6 3 228 5 54 3 232 210 46 1092 54 697 1020 376 7 28 2619 217 88 40 9 539 288 474 132 1067 21 1748 72 249 11 756 10 11 18 94 513 
2864 2099 1571 85 420 72 31 4194 
8843 
1559 1732 138 4080 2160 2121 4855 2571 249 391 
2883 5071 
2031 242 223 64 205 412 66 327 3 19 7 7 15 11 16 5 47 61 497 712 52 14 117 56 139 9 301 23 542 6 45 51 30 1573 132 64 15 116 71 90 63 99 1 9 1534 18 15 25 12 60 11 50 5 23 8 7 14 28 8 38 18 
2581 368 9246 1710 96 
16068 
15398 
10744 1535 
2582 
17905 
9619 225 
668 2399 7 1372 457 1506 1790 800 548 7848 1631 
10981 1930 
2585 66 2933 132 11 132 62 23 182 123 1828 234 58 
2348 473 5102 10805 
2456 
15157 
2587 87 2892 129 19 97 26 23 62 7 44 37 42 60 26 112 1829 14 220 
119 117 
16180 
427 8154 5547 3330 878 
2588 1097 6135 293 10 208 11 42 
7301 546 
9578 
2590 
4941 
2592 28 8 83 6 188 45 4985 6 6 8 435 903 
2593 
2142 
2596 6559 175 107 914 504 4686 
18306 
249 9038 2973 40 44 121 59 7 24 59 1429 89 27 55 19 3229 27 55 19 2011 
2600 325 2376 2491 3852 
2872 29 
974 35 217 190 1277 4 1880 34 212 6826 253 8163 
2606 
2935 
7152 611 876 2258 943 751 1175 3252 1405 632 856 
2983 
2621 
3060 5 21 
2632 
2636 
2639 84 39 8150 
2643 
5770 3175 3902 5 15 
2499 778 200 178 109 1934 2390 7220 
2647 5685 7737 
4928 8950 536 
2844 95 893 603 457 1341 165 1952 1186 2559 76 296 517 673 34 150 1574 1208 1743 1290 
2650 62 10 31 3136 261 39 6 1881 
17189 
2790 
2784 13983 13 35 
7374 520 
17095 
431 
227 1014 1551 2046 
1113 3601 13469 501 182 155 
2795 
11405 555 
8585 
7270 
19194 172 15 58 
4069 
16268 
10275 
2033 
2656 
2119 
7742 
2718 
38 60 2199 448 
19319 
16613 244 1067 
2070 
2736 6748 6219 26 
2682 
10797 
1763 1577 13334 1414 136 136 
16687 
2705 1373 3972 188 1947 4809 4318 348 
5012 
2861 
1933 
705 
2814 
10923 
2729 11866 10 33 1 
1898 
3412 2623 83 63 
2732 
2739 
2724 39 
2740 1167 12078 
7963 
5106 
10801 
2744 6186 158 
5000 40 34 30 209 60 144 
2707 
2250 
41 707 688 55 30 13 1984 2184 959 155 2237 10648 
10418 
5262 11292 191 211 
2749 7558 
2761 12981 
18930 
1901 
2803 5999 3312 
6531 
13826 3297 
2771 
546 3299 1367 23 1333 16 27 536 1701 2044 144 44 23 11 275 347 22 18 23 36 750 368 170 637 3252 1405 633 856 
8623 
1902 5354 1336 53 6034 
19346 
476 10643 5401 
2798 2539 3157 2230 97 2590 2349 2290 566 1212 
19519 
2967 
2819 
9971 
495 443 3595 989 8525 2363 
2829 
467 
2831 
826 
6676 642 519 7048 
1116 16 3585 15 
2567 
2884 34 
5717 
7399 6441 91 2739 1550 58 529 228 
2893 10586 17 
14584 
3410 
10743 49 50 2098 50 155 42 93 34 112 47 9 80 22 12 11 18 54 38 1418 27 32 1411 106 52 39 58 1052 20 183 24 39 92 118 248 16 165 593 106 53 77 96 48 91 10 
1253 
2912 
4301 708 18 10927 
841 
2087 7756 
7937 
1267 
9908 4078 3897 707 440 
2919 11948 2158 
10043 
5597 8 
893 64 41 29 97 37 3328 71 40 29 96 36 
14899 
1405 35 197 
2946 4444 3340 622 
7296 
7683 
346 44 
19329 
713 
217 580 91 36 110 6 22 111 41 490 2816 54 62 6 22 13 95 39 4063 83 3974 56 591 80 375 287 3330 515 26 653 26 
19057 
1207 3597 
2962 2797 800 422 178 4 4 4 4 4 448 4219 6 12 
2104 
2978 7455 3403 15 
10519 
3000 151 1264 3582 2473 5959 
1882 
8881 
12229 4688 1996 
1921 1231 1264 459 662 927 2 809 723 617 39 1818 2 489 2 3730 
15503 
9976 5 20 
1877 11953 
8266 
16551 
1171 3599 7926 
698 518 3597 888 2390 1746 836 532 4622 
15406 
2071 233 2544 3903 19 106 19 159 19 73 91 19 61 39 19 1577 1637 
1823 
1831 
389 21 37 72 22 107 37 38 10 
5020 2462 7305 
1822 86 1116 1434 9 4184 4105 3278 
7277 
3112 
4879 11305 
1655 
1826 3091 4604 9628 
7787 
19224 
18713 
1827 
1829 4599 
3372 1 1 
10835 821 
2611 486 1018 334 457 500 1006 3138 2697 
12005 
842 
1830 12645 
8175 
18623 
1837 8 4597 
7964 18 
1968 83 27 24 4 10 25 40 44 27 36 27 30 8 32 33 21 10 
5026 
18804 214 
2801 450 595 4270 32 62 13 1546 85 5008 1071 
15000 
7281 
2942 
1324 3 16 18 69 15 34 40 22 4 34 6 32 11 30 9 6 28 44 12 
15289 174 
9379 24 13 
4964 
2163 1632 2311 989 405 
1672 
1284 
1773 11824 122 5798 130 
8743 35 
1784 
1875 9 52 1079 31 3397 
8017 
4333 2344 689 6791 3330 2358 
11967 
8575 11251 
1441 1327 4263 18 9368 
2676 9403 
8824 5373 3330 
8009 
1264 561 89 1085 151 1264 458 1558 3090 56 1 476 4421 63 148 1094 
2330 12 4370 359 832 
2594 5979 659 
14459 
8115 2012 
1186 3598 11051 
1274 8786 
6613 22 11948 
2363 
95 
17760 
4453 11561 
1717 
2472 
3530 
1758 
7561 
2776 5936 
1696 14423 
6649 
5847 289 62 5 435 1064 7305 3096 
1510 
9004 
9557 478 
329 6793 8053 717 777 1550 
2417 5111 6763 1645 1685 
1609 
1147 3600 4332 
63 2096 100 208 40 686 16 101 259 48 159 115 1104 319 88 2646 2183 2 3160 45 343 4 2022 914 15 13 398 55 25 72 39 84 370 221 1159 17 
1377 5 232 8036 2 
5004 
1270 
6795 
18756 
14661 587 210 
7812 1885 
437 260 2557 71 338 5 54 8 7 227 5678 7 4 322 4 227 816 169 134 768 13 259 10 69 58 9 424 157 82 23 335 72 74 63 464 33 10 109 701 249 280 339 332 71 1206 33 10 109 142 382 45 96 161 86 300 73 69 231 64 61 49 7 47 39 74 23 46 52 18 13 111 11 14 
9946 
1066 646 2738 457 1506 3138 
1572 
2476 3200 10126 
1255 
1995 72 72 115 30 15 17 15 77 21 22 111 153 
1804 
4281 
16054 
1097 1702 1899 15282 
1740 665 1318 2821 472 1560 10 576 11 112 16 150 31 239 212 573 380 2503 216 541 1407 1923 305 
11976 2 6491 2 
11345 
3416 6395 59 260 234 
5542 
1996 8641 2510 16 126 158 15 10 96 1602 8 13 2757 249 12 22 13 24 109 22 135 117 9 6 61 18 119 10 13 59 4 35 35 42 19 442 127 135 
1277 14006 171 
1754 
2030 79 673 417 380 277 1112 80 33 284 1391 674 804 95 161 1583 39 47 42 179 81 83 518 160 199 472 64 401 288 1261 328 1400 28 77 1413 107 22 7 31 55 190 286 6 454 189 39 184 2 46 168 139 43 125 114 230 
12221 
8498 
5662 3377 2483 7403 
604 
1285 
609 
8092 
1279 
940 664 562 258 319 1792 901 1513 2172 348 1565 25 1104 16 8 21 256 13 593 453 469 22 
666 2719 462 4054 262 
1328 5344 
8018 
10971 
4934 1544 5 806 1343 1859 496 1014 1886 231 307 71 608 193 2151 
1281 
1587 718 747 20 8 1112 10453 3933 
2645 9732 
1308 2 1 1303 
1792 
2227 20 7523 1751 
36 
4000 10998 
407 37 7997 5272 
335 5973 7172 3938 
1456 206 
1568 2504 919 3233 5721 179 3330 
7456 
9985 
1290 9 8 17946 
12280 
1973 1427 5986 3592 106 261 
13894 68 481 
1313 1808 8076 584 1060 6422 741 42 10 
15898 
1484 2628 10066 3227 103 
11702 
7286 
1292 10 7 
1137 
969 3603 
1690 47 
10523 
1876 9 52 1079 3428 
9001 2128 645 3566 
230 5584 1797 3408 583 25 1704 1429 362 3152 908 16 5 122 28 17 29 444 
9395 6315 
11267 
2692 5699 
559 36 6389 5530 29 4123 1550 80 530 
11265 
1971 
1316 
8033 
182 676 
1654 11 5682 388 
14464 
1334 4 12 23 31 21 27 31 163 163 16604 
15596 
8758 125 178 183 119 
1836 8 15920 
2238 127 854 442 2941 1086 602 31 766 40 222 1671 481 51 54 183 1372 222 50 1585 103 
2287 4635 83 1522 3541 
183 
2084 202 4718 549 119 5498 
14934 
1095 3601 
2262 
9142 
10428 6207 1291 704 
7872 
4966 226 750 406 1769 5530 5288 182 
2660 5147 8933 3265 11 12 19 10 11 
1256 
15618 
4927 
283 695 27 945 759 242 1630 26 555 444 148 1249 367 43 859 1693 371 78 997 221 6 524 1187 1006 506 268 72 1089 1395 240 704 20 101 528 418 173 
1631 
2097 92 12735 
4918 
5278 
3220 2019 4980 4388 324 22 2375 36 
825 
1259 
11186 
7530 
1420 
13778 
9852 
1489 575 398 589 6 14 8 4 2132 5045 25 150 2625 3579 74 256 
433 161 81 83 44 626 68 165 80 1767 94 1415 306 1011 262 753 387 1101 898 194 24 459 239 1063 727 112 389 32 881 228 50 6 73 670 50 202 269 333 373 1354 6 73 
651 5708 711 4433 2482 467 4797 
2028 3292 8272 
4085 
12129 474 4 4 17 1751 835 211 2284 
225 5631 3767 4404 287 3330 
1734 
13009 
9305 
2108 6297 1822 1541 2851 4170 
14336 3330 
3427 2488 4163 1718 
12220 1155 2034 
2909 
1678 
250 1725 1606 2040 4645 3687 178 3330 
1252 
16325 
1523 
5140 
1627 7868 
1368 221 17 68 98 4876 38 
15786 
3011 
1600 11368 
542 
1592 17456 
43 892 240 3355 244 5686 3334 950 2347 1355 688 975 
1431 
1706 
17775 
1387 
14553 
5358 
1934 
1389 882 1215 627 101 850 111 984 831 86 280 322 2344 177 103 773 49 111 531 573 92 79 1400 273 183 493 501 931 1222 183 1223 375 139 19 29 52 44 323 
2906 1041 8729 694 
8232 5384 
7497 
633 32 1484 4776 4559 3275 
15149 2761 217 520 
14833 
14662 587 210 
2172 
1591 
5038 116 
8205 
3971 
499 1648 378 1597 198 43 997 351 64 227 15 583 1133 481 279 449 392 116 7 627 2267 676 1195 490 1235 287 256 52 102 144 764 1663 249 391 
1522 17734 
14747 1574 
6439 
4459 
6533 608 
7614 2070 4649 1023 750 257 1300 
4359 
1393 4066 1393 
1424 4095 304 7321 116 165 3743 1242 428 164 
14204 3330 
4910 
13782 4 
1394 96 42 46 3582 7182 
1289 7 
3108 10 287 3794 579 52 12 12 11567 
1777 
1411 8255 
15748 
678 12348 11 5 43 18 30 57 145 11 9 75 21 35 7 13 11 11 42 127 334 287 2490 63 32 745 186 106 17 177 105 21 384 30 31 15 162 21 92 43 246 4 347 50 
1406 72 14 
1410 
1345 2643 5246 2346 3451 125 1553 267 812 573 
5546 4520 
15683 
1432 161 39 562 1145 4690 6109 1216 2114 
2981 
12007 613 18 13 17 18 13 13 21 10 3713 600 12 16 2001 13 13 16 795 10 74 11 12 19 10 11 
1421 
2713 
2573 
15073 
9565 
2668 469 
2816 4 30 
13867 232 309 62 63 116 32 146 251 154 40 171 38 120 174 242 122 35 934 322 
1558 9562 6942 
55 9868 
106 1694 637 3354 478 74 1679 179 81 17 1449 161 80 2078 73 248 567 42 733 32 225 1025 663 214 1985 159 325 410 306 833 
2277 
2969 
4382 1503 
7607 3421 144 49 28 73 211 98 230 176 110 12 245 174 360 42 61 11 2 33 29 179 39 8 77 129 18 7 121 218 11 20 9 2 100 35 33 219 107 2 687 31 1434 6 20 69 125 47 63 9 31 7 473 219 240 5 21 17 2 31 79 72 33 4 11 67 126 262 7 8 15 2 142 38 3 40 22 118 7 2 155 9 28 46 10 34 13 46 72 43 57 10 48 18 23 16 10 52 8 44 62 28 5 47 
1659 
10046 
7279 8920 
7425 81 
14422 
3512 3896 173 122 
2058 708 11 27 29 24 5594 78 
9613 
2037 
1695 11348 
14377 3330 
1449 3663 5061 
14834 
5534 2470 
16293 
15351 
1552 
1620 
15083 154 
14486 
14337 3330 
1495 5 97 1068 691 765 220 981 165 12 3 5 78 123 195 259 14 322 247 39 65 102 1784 963 988 338 736 1315 571 282 22 19 655 12 1897 1515 
1498 
1956 
1622 172 354 251 238 273 492 57 21 732 1121 371 1346 276 123 280 28 547 19 2668 105 10 15 632 75 4296 331 5 258 1510 643 
11281 598 
2118 
1535 
6440 
1779 11412 
4364 2282 21 7582 2453 877 412 74 313 668 
11085 655 62 8014 
111 
2003 
1569 885 4375 5237 888 145 
12332 
1795 13544 
1149 3600 
1272 
1485 
12899 2 4215 2035 3 
1486 
7094 
12349 6846 172 
2480 3185 350 160 1120 3158 
15301 
2694 
7891 
14340 3330 
1776 
8807 
458 10 3699 2707 15 82 493 2169 7582 1351 229 219 
1487 177 
14525 
80 5619 1078 37 1275 1708 3168 647 1896 988 668 20 736 101 547 161 8 30 93 
19378 
556 
3596 
150 1718 15160 
1497 5050 30 241 40 14 44 18 95 25 357 164 18 22 117 1754 1016 9 15 6 16 12 117 14 14 24 29 20 17 4 13 18 17 3 25 8 300 19 7 35 25 60 34 251 6 164 359 122 17 108 147 21 66 362 39 153 61 32 358 11 11 17 5 61 9 11 185 262 950 750 584 53 30 280 30 46 607 330 19 39 210 151 224 83 412 92 14 74 55 168 78 46 58 110 27 57 106 42 69 41 
14807 
2319 
337 
355 132 23 2326 726 330 328 16 29 1829 503 9 118 361 49 1305 391 202 1074 560 510 205 13 84 12 29 11 6 187 94 424 60 687 1251 558 1485 38 1249 391 717 
1502 
268 103 11277 
418 917 5519 
235 1321 
1583 607 
8941 
2094 8190 140 2936 1843 914 440 20 182 39 129 3 31 28 3 30 761 40 26 42 455 254 21 69 32 
1525 
5362 1321 1372 10774 
16366 
4189 
1526 
188 788 25 690 2888 24 1278 3822 
1533 
2728 11865 11 
3157 11382 148 800 
17048 
1539 7879 3124 
1383 232 
15769 
15022 
1650 147 1579 9910 6522 
15831 
12825 
7385 299 8423 
1546 4249 13781 
17998 
2080 4449 232 2925 
2870 
10873 54 1264 1805 
5735 1773 5055 
4093 3242 18 68 75 39 112 61 446 867 332 2770 3543 2998 
16032 
2845 7784 4684 86 
3822 
6387 8893 171 
12267 
807 
3275 6382 50 
9716 38 
6307 2554 769 1673 2908 2410 920 1748 
7926 
15598 
1560 
12828 
11981 1893 
2383 432 11145 
1575 
1596 
3802 
15767 
6512 417 2107 2273 3566 280 
1602 
8476 
12883 919 
5524 
1612 2575 
1729 
955 22 3581 22 
1970 122 54 
511 578 877 12 118 413 233 949 4 40 31 12 410 502 993 2379 66 770 272 575 144 407 435 1675 123 708 397 392 287 747 103 730 815 52 5 12 9 123 463 271 615 135 508 19 817 
1524 29 
1613 
2298 19 
1639 
14950 
4054 
2066 7367 
5769 
1697 
9067 
1640 828 46 40 630 28 407 136 28 27 179 99 9 13 121 103 21 28 561 49 144 88 192 35 106 42 23 41 57 8 67 47 22 136 11 70 4 7 78 55 29 7 21 73 134 60 511 44 50 61 87 535 12 193 137 5 104 88 48 70 19 25 33 1043 167 213 4 119 10 47 21 34 37 800 30 45 272 37 196 126 69 213 14 19 49 35 31 55 16 30 13 6 36 104 35 22 46 29 20 19 8 1251 68 22 26 433 60 65 29 131 18 8 155 5 90 23 82 464 264 50 41 277 27 40 36 720 148 2909 
16195 
39 
4410 8495 916 280 550 429 154 40 171 1987 1725 
15574 
3814 24 1752 564 2692 2341 
1728 
8012 9750 
3106 
2640 3487 2243 3184 
156 
1288 6 6357 1283 241 31 253 
1652 11 15537 
12621 
911 3596 3072 2195 9446 156 268 97 119 
9896 
1657 1110 167 4894 3229 36 65 219 370 103 6 309 2731 3531 
8915 
1911 5 5953 4950 
1993 41 306 1589 1716 532 1490 1347 20 298 1925 1873 468 79 2921 2361 774 60 
8305 
344 2382 1611 4377 4 21 33 20 25 211 57 
16086 
208 4074 
895 3596 
6744 
3236 3976 10 9 9 119 342 70 49 13 12 3066 13 14 422 517 11 20 13 13 19 50 626 10 13 17 18 13 13 21 1036 1763 10 1503 11 13 1421 596 13 13 877 18 10 13 18 10 
281 
1686 21 11 
1140 1349 1083 1168 3446 7142 
107 7669 
1703 7 
88 3099 190 159 369 98 54 89 800 27 92 115 15 95 110 39 11 40 7 9 845 1934 1640 1089 3556 29 142 318 6 745 52 104 90 982 
9250 
6883 17 94 
2083 133 65 41 
10477 
918 1151 2445 856 6882 1236 
4160 
1818 10778 1258 1046 3590 
403 8 
5618 
1713 
15336 
2 159 685 3611 3403 
12474 
2979 
1744 
10469 
2327 588 5036 
10426 2097 1044 
1775 11669 15 1052 5108 
2314 
1511 73 218 6233 1587 3498 68 280 16 31 180 234 2345 484 61 1109 51 653 
9337 
1000 238 3364 233 
1787 
13876 
8277 
97 11463 351 2129 287 1878 1452 
784 459 427 1257 1913 14255 919 
179 
744 11680 
1799 
2963 
10357 50 
917 422 2099 1075 931 1949 499 357 3323 7901 
3808 5142 2383 8 220 351 3922 
4331 
1198 1935 282 1381 159 108 519 2614 548 35 5803 
174 
2143 5170 3242 3294 4424 
801 283 42 892 169 20 276 1485 717 42 489 879 2064 92 1027 2372 742 1674 297 12 3318 12 330 
910 3596 9047 6032 
1023 142 2961 224 275 140 9626 835 211 2284 
852 3617 
9865 
8433 
278 101 3426 3268 4351 296 719 112 3994 2162 
303 
1791 4849 198 1 
963 3603 12219 1275 
8619 
1218 
462 584 3602 
14766 
8867 
8666 
8783 
6036 83 63 
6540 4169 53 45 
14477 
1051 3602 
1636 2594 2461 4600 4594 
1059 1640 1962 1578 46 437 4918 5028 1283 221 46 86 364 144 42 
14310 3330 
7870 
2990 
2396 4327 655 3139 202 158 
864 
5830 2465 
863 1015 3 2591 7526 1831 2 2 2215 
871 8505 
17809 34 
12437 
956 794 2809 1520 1845 452 51 441 83 1705 284 571 51 335 16 760 2191 48 8 82 2048 2053 890 
5068 
1069 
11609 6755 
8010 
228 197 83 47 3 6 8 21 7 334 9 500 11 40 49 724 623 34 131 6 20 204 111 1133 9 24 1340 659 17 23 9 536 188 14 89 46 204 71 1368 222 487 195 84 448 11 77 14 103 4 49 71 141 70 257 26 165 76 161 47 237 29 22 171 92 11 188 348 20 10 32 34 3 197 12 51 34 106 328 1269 92 271 531 594 32 463 360 498 6 159 68 193 121 403 230 856 
1314 9304 215 6222 12 16 
8638 
439 250 2583 
1002 22 196 12 3372 22 191 12 
18552 
10058 
1193 3358 240 
12426 
6748 
2077 1105 130 178 667 1014 132 1655 554 5579 2590 1636 94 1127 24 5 
18131 
3451 2511 8267 3330 
2240 10679 
7480 12 50 1 202 2903 32 17 51 54 107 13 14 14 2910 82 1609 29 1770 
1953 
14045 286 3330 
854 3608 
638 5969 4788 32 104 287 424 2104 3330 
298 606 242 1739 955 660 246 828 1172 141 1610 1518 441 213 595 444 22 401 1343 720 107 1117 1414 692 107 1291 494 184 
8181 
3831 70 
3828 41 3 422 3862 631 1818 4 10 3 162 386 2796 298 1098 1039 1193 1602 172 14 30 7 3 6 4 8 172 
782 1834 16477 919 
18039 
765 8099 83 18 159 96 53 22 26 102 83 
1897 
1169 10909 413 3078 525 795 
363 18 769 1020 211 41 278 2050 1318 8942 
8935 80 
960 469 587 170 19 303 709 435 125 786 737 535 445 479 8 3454 2811 114 180 711 286 1436 790 603 501 191 956 161 
1471 620 6293 472 586 182 2595 1088 231 1273 
3466 3224 8612 
933 166 964 1706 759 172 1326 2282 8 1800 
16572 64 133 87 34 966 420 9 332 97 518 68 
882 874 
872 
15853 
1018 430 34 737 2401 981 164 5251 4165 184 1242 4 1291 711 564 380 
68 
855 
19665 
4974 364 
896 
1395 63 103 99 23 
891 3596 
18481 
1156 3600 
2970 3926 592 5476 365 308 2020 
13930 18 179 3330 
1085 3601 
1408 407 1011 1033 39 183 53 30 3152 1105 23 660 1434 662 2842 287 2028 26 110 332 43 72 57 662 1650 26 61 142 
16387 
1446 339 
1006 3602 
916 286 3310 288 2710 1313 
6674 32 627 34 37 260 132 12 10 2760 46 
562 25 535 232 688 228 2453 1037 6437 1806 2652 161 
15292 174 
1880 
1513 
10907 
1183 3598 6836 305 
561 
472 
3640 4863 1324 1815 7843 272 
14298 3330 
926 277 9613 701 487 6 131 4714 92 1961 425 32 
6477 808 
4932 
919 189 20 15 1627 1745 194 20 14 
1068 3602 
1038 3602 
74 588 686 1527 12 4122 200 597 1097 1647 2606 869 281 6 50 12 1722 722 818 6 50 12 1799 43 26 134 
112 
7552 1790 123 
7930 
7472 9 26 40 12 
946 95 11 38 3451 102 11 37 
19775 
3634 6128 441 168 849 28 46 1821 39 263 130 1569 
489 56 2 828 9 147 1248 2730 269 3388 1566 409 665 681 782 1479 48 1894 633 54 603 76 65 
1224 3597 
2633 
493 1212 9548 9 896 53 153 180 511 51 586 325 155 2656 45 55 10 40 524 752 643 54 339 72 43 220 47 
2944 
332 146 4479 
1070 3601 
962 497 3106 3889 30 951 3 9 2362 1207 20 222 4768 1008 500 
1743 1113 5281 3926 
3524 
994 3603 
2933 3 
2469 2753 4569 1216 874 2760 72 1630 7 
10518 
8512 8670 125 
971 105 
4400 1969 2231 908 4957 
3496 2142 
1306 
18454 
7889 
18594 
333 24 1159 1182 1741 457 1506 1517 434 1187 305 732 2002 360 17 1298 41 916 781 590 21 231 36 63 10 641 41 1330 454 4 10 6 232 23 104 102 
1235 3597 3108 6 
9676 
6970 
3894 1360 21 3865 2916 14 68 35 11 20 55 16 30 13 42 161 46 49 19 8 755 586 5 21 247 3330 
5547 
14311 3330 
2022 
973 3603 1060 
5201 
1103 646 2955 
2027 1195 420 3701 77 287 6865 
8682 
190 549 6 9 16 9 413 4 1 3357 236 4 1 2261 180 3419 1039 243 486 232 17 31 4135 222 13 2646 302 13 
2021 
2536 
1803 1019 3834 2377 10402 
8599 
869 5193 
1893 48 1274 46 84 512 126 39 285 8 69 575 661 50 127 260 7 10 145 12 40 69 108 1778 33 1867 179 14 217 2066 4 1832 586 523 516 265 1537 135 
1053 1219 2383 
5919 5689 655 272 4693 
1035 2971 631 951 1010 809 293 2915 137 609 21 450 294 4819 1332 
5545 
2002 
17866 
749 1961 1443 42 1693 17 246 45 649 19 30 47 38 181 4 4 4 4 49 600 250 484 2005 1311 783 6091 
10279 20 
6794 5044 750 3532 894 2039 
2185 1153 5 15 1 1 20 27 253 182 208 26 25 51 21 1398 3157 5786 543 1547 
2860 
997 895 48 704 635 11 194 777 338 1848 5421 837 153 15 2254 1713 194 28 2718 242 
14526 
2032 93 107 42 3721 3477 3531 658 14 25 36 
1400 218 12 13342 
2543 3377 26 256 294 1525 173 268 18 26 22 25 10 79 108 109 1286 955 911 128 2135 2052 45 26 760 44 24 91 288 373 
204 7 314 
2824 2445 
14786 
8330 
13659 
1890 48 4507 1359 1954 
17246 
984 3603 3819 995 607 1188 583 1184 396 353 739 2092 
8747 446 
177 
815 
3005 
1724 
186 26 73 213 28 151 3507 3737 2188 661 3816 
12898 2 6250 3 
985 3603 3053 3762 3490 
1363 
19624 
1767 45 1411 5 12 337 642 6668 4228 277 2844 643 
15473 
12752 
3295 501 
17192 
16474 
988 3603 
614 8470 4663 6017 
15323 
873 11057 
52 
9866 
14485 
12294 5583 857 530 
7257 2309 
3526 
1004 22 196 12 3372 22 191 12 1931 281 1977 
15262 
885 234 3601 14846 
7457 9741 
436 4990 2205 
859 
1816 
10910 
897 3596 
2686 
1503 671 3708 1489 
867 45 16 213 1490 1178 699 15 218 36 3608 8 2806 
16046 
560 969 480 907 2283 677 294 72 4846 717 289 1020 163 257 137 61 183 325 2914 43 373 699 762 
1900 
6 3101 10 5 1110 21 755 4168 151 137 2191 496 688 3 604 745 3330 1906 184 
1698 
9522 
11323 84 555 148 11 15 12 79 8 48 130 93 40 26 446 82 8 243 184 52 134 429 24 120 76 840 147 1224 43 47 152 657 24 120 76 521 148 391 107 56 41 384 41 19 43 23 415 
73 1576 462 273 97 479 390 36 438 24 114 20 20 88 53 51 63 708 64 62 86 40 13 147 24 704 1634 218 12 188 14 1440 247 25 33 675 432 373 1 477 388 37 16 239 1713 252 49 50 250 59 183 206 43 186 189 1083 10 110 660 1683 
120 250 6458 1116 
17337 
1805 
1022 3602 2158 104 19 62 998 11 7 2674 857 34 351 2183 1056 242 36 2818 8 635 8 72 458 173 
5684 2379 
3401 9884 45 2552 
15355 
1067 3602 
12084 651 
181 
2746 
1049 1846 1756 2433 
1056 1782 1820 4536 3094 3978 1136 1401 499 276 77 269 
7372 
10083 
894 136 7 3160 293 142 7 4348 
233 5 17568 
6427 
3032 
12 2 3 3 3 3 3 3 1803 7 1 7 3 3 3 3 3 
9360 
936 3595 643 15 286 660 70 783 1051 699 693 2583 48 1857 166 1033 196 1970 1101 1327 
3001 
171 
2375 5831 11631 
4877 
1098 3601 
15100 157 
1107 3601 6443 89 342 96 33 17 94 6565 
78 853 3448 147 716 432 4120 4958 229 819 548 20 
828 2 
1111 3601 2318 25 180 363 2572 1014 19 42 370 807 7 121 154 5 1476 393 1694 238 60 242 27 4 6 5 25 7 104 12 59 4 9 7 434 347 6 13 22 4 16 227 31 129 195 11 72 14 12 12 176 173 25 180 77 56 90 292 53 36 84 158 
19552 
4861 
51 2684 1330 4275 2767 762 3259 1907 
1114 3601 
575 9 
1727 
1730 
9261 6126 
398 
10654 29 16 41 
1118 3601 8430 6468 
544 2957 5899 7847 
585 8385 40 
8940 7708 360 1698 
15903 
1138 3600 8232 202 2733 2796 
319 339 
18414 
12862 15 
709 1738 8 115 861 1017 457 1180 116 108 102 1537 221 1380 978 134 855 177 208 28 14 116 276 32 33 225 35 60 832 23 325 13 258 39 56 9 11 66 36 61 774 211 1952 115 39 56 9 11 66 36 1072 32 284 181 137 53 37 104 23 85 270 6 39 
2985 
1157 239 38 84 3239 5212 
1158 3600 
1582 
1163 896 746 29 24 526 1379 3767 377 9 81 43 1591 12 542 257 134 23 8 207 1169 8 26 159 20 17 8 79 15 248 11 2 9 23 19 22 32 25 14 3 28 2168 2655 227 223 250 472 134 15 
5046 
14825 
822 
13866 232 309 62 63 116 32 146 251 154 40 171 38 120 174 242 122 35 934 322 
1176 3599 
1181 5973 
9367 
1828 
1742 616 19 4827 5022 14 4400 1273 18 209 151 344 18 158 
1199 3598 
12374 96 
1515 3509 9541 
695 
15917 
1514 
5840 484 1818 60 52 46 115 19 102 9612 
1273 650 1105 
12430 
1201 3598 1788 2443 10292 213 71 
10803 
331 326 221 1070 9 812 7995 29 666 2010 18 576 
9063 
163 685 14236 154 
14910 761 
4988 23 5 35 235 30 31 
16131 
1245 3597 
9488 6390 1519 
805 3 
16476 
218 164 735 364 326 2911 2381 5380 1031 175 
840 
77 6423 63 62 40 4430 10 722 
775 8006 237 
8969 5330 2896 434 
1257 
260 222 1611 4920 1478 243 1338 7171 92 21 13 469 459 1189 272 
7052 181 
605 15620 30 
12490 
7875 
819 
9659 494 
3371 
18687 
15407 
843 
1148 3600 
8245 101 35 
7802 
829 
3218 9730 1108 2500 2736 
2397 6143 
102 
3926 
811 1072 
14821 
1925 
3884 5904 
392 42 774 1094 31 3 2469 691 649 875 5377 2984 825 
18521 459 
259 371 
827 
12774 
442 59 858 1707 7 677 2903 3961 700 242 956 1784 1803 1527 
851 
8791 181 
4025 6291 11 18 44 
939 3595 
12830 
812 
17127 
9115 
1964 
9627 
4431 457 1506 3138 
9509 
18523 
12854 15 
776 1988 704 152 229 1371 1798 594 108 629 6 736 1143 796 296 902 320 675 387 315 3878 243 103 92 4 14 261 364 4 14 36 41 141 469 103 55 
15718 
1722 
490 4597 94 2806 3096 287 79 18 4468 1104 
2806 
4103 
338 
816 
408 
817 14278 157 3914 
1814 
5050 
2374 56 
2576 
818 4731 2335 6008 545 64 59 148 146 652 120 171 254 110 42 938 
806 
5150 
5129 
1920 
19107 892 
1540 13037 3424 
17759 
983 3603 8850 2213 
6091 395 4506 8439 
824 
1178 
272 618 154 86 3356 160 
5155 
271 19 7737 360 10422 
831 2140 79 3 41 1358 457 1506 1485 1653 
11541 5173 1402 155 118 
1182 3598 
16415 
3179 452 3329 8037 
9463 1800 462 
583 5634 634 4719 5640 
899 3596 
13818 
833 2140 
964 1084 2519 1653 9527 
534 
1681 831 7 330 27 12 10 883 7 1347 259 359 93 5 139 33 49 272 441 3 34 28 219 243 148 60 162 44 26 591 16 43 16 607 277 319 54 166 49 50 65 206 118 409 106 14 826 140 337 16 156 149 91 503 43 32 24 43 17 29 48 20 30 29 334 20 94 326 124 103 241 321 3 3 2 2 166 97 211 150 306 888 110 20 294 177 112 124 103 75 3 39 255 99 213 222 103 52 5 133 90 256 275 208 
5328 5032 
2113 14228 
5191 5314 886 78 22 213 89 683 6915 
1268 
401 224 74 467 164 28 12 65 33 52 169 27 628 509 1913 201 226 1156 331 1438 2704 357 1900 406 31 53 127 334 287 485 312 2228 305 275 41 88 138 120 371 188 126 815 
2263 
13746 
989 3603 
11435 
10935 
37 
6140 13118 
486 90 77 1880 1504 8207 758 2650 294 448 
8926 
1347 44 59 86 2 118 5779 34 132 9678 
1275 
3113 240 
551 45 475 352 672 19 1173 678 707 1008 10 1901 468 10 1049 291 319 108 5689 324 380 170 
1301 3 
8145 1737 5102 3179 671 8 
886 
430 229 1756 280 1248 3505 2565 1081 435 605 1481 1255 
216 689 3596 
1958 1534 43 369 151 147 2140 1568 2876 4872 
14498 
2568 730 290 662 712 182 17 10798 
234 1088 1654 284 316 6 5148 7794 
11695 
7265 1343 1860 
19225 
578 72 1069 63 1428 2784 495 200 777 1746 17 594 328 17 443 2532 19 440 1957 1775 554 708 966 80 
129 4062 6214 983 
1297 1 
3613 
1415 226 
2702 
257 2590 862 1336 300 
7533 
2453 
14272 3330 
302 
1251 
402 
821 
12334 
455 1 260 52 
11400 554 
2662 8 464 
5352 
170 
1167 1750 666 778 406 1419 1336 427 2825 13 2722 2169 1572 21 25 2000 
12914 
289 480 5356 2243 708 9103 639 
451 
5013 4648 240 
8693 
6537 10697 
853 3608 
1170 3599 
8653 
4073 6599 41 4689 2640 31 
1110 3601 
475 8429 10726 
16695 1290 
3235 3657 12552 
13797 3306 
343 5006 581 108 1325 326 100 444 1580 602 295 296 3857 764 206 41 468 2592 182 
1651 
7501 
318 647 1219 13 305 11 1258 11 786 413 157 125 78 30 20 693 2943 654 218 121 60 6329 916 60 504 708 588 
1922 
18618 1224 
172 684 978 1173 33 3398 7389 54 229 314 63 61 148 146 251 193 209 120 173 248 116 38 936 315 
1747 
3574 12518 3 10 
2635 
293 351 63 7854 1079 637 6283 404 838 16 181 
309 
196 840 719 369 765 7 4 1738 1410 850 4534 68 25 1452 775 2755 759 22 139 695 918 235 
165 685 413 561 89 1085 151 1264 458 45 614 850 49 1566 1524 56 477 4421 63 148 1094 
14512 
12999 
270 84 152 60 14 49 5 1684 4991 1848 2236 705 1106 
83 396 1550 205 658 2 405 296 198 455 3919 879 362 93 3433 603 150 621 502 330 253 1217 1028 270 258 389 90 179 21 103 803 89 46 
1680 
991 1614 1989 
7320 515 
507 
8044 202 101 35 93 66 
14180 3330 
7769 
18560 
404 819 3597 11983 96 
46 
1798 
195 193 282 2 265 1863 1732 2568 3 2923 1361 2317 4081 328 1098 249 311 80 
176 
2995 
13053 
1668 
922 2999 300 47 250 2291 271 3522 33 73 15 19 17 58 26 367 24 243 47 710 713 118 211 901 971 18 1480 84 241 536 408 37 703 14 144 758 
244 5538 4167 4279 3330 501 
2444 
15677 
13740 
7529 
2690 
2301 348 3308 2410 
1738 
9586 
3129 
15640 
11328 814 122 272 706 696 2546 53 30 356 2310 692 
581 1386 5 1626 79 369 110 2338 1974 522 241 2446 1272 185 712 2078 409 1545 132 21 
16443 
14108 550 2781 
1340 
420 
11009 5336 
206 41 7 8 45 156 21 32 82 23 90 78 2819 1242 3 3 4413 59 13 465 3655 5770 68 
4354 
794 1576 1144 7484 13 114 246 99 22 258 60 11 70 33 432 288 6850 558 11 
14626 
8701 5405 550 834 534 121 1292 
1731 
1013 2518 1084 11116 
909 417 2793 386 7366 3326 313 74 830 834 
514 
5379 
11204 
488 741 3597 2823 1838 620 1436 32 18 69 488 1143 3490 2066 65 613 358 
736 
1283 
16033 
6364 
521 2570 193 51 60 637 97 996 466 300 52 212 814 353 1023 754 54 11 100 147 884 163 1022 1588 98 101 12 516 108 19 138 745 752 98 818 16 603 101 19 874 361 249 439 301 674 
1442 
180 
11623 303 1629 218 2 4488 166 477 158 
3470 12243 
5096 5215 
774 
18016 
2613 
1269 
215 107 314 45 665 18 16 831 453 39 1305 1048 341 817 566 104 18 63 81 343 520 1776 270 38 262 462 10 26 428 308 883 35 651 344 73 15 1028 591 78 1408 110 5 36 16 234 793 18 34 319 35 196 165 372 21 402 380 23 112 
18546 
426 83 3289 35 2093 162 54 2 2672 1122 663 40 135 6546 
8616 
287 
5961 148 71 
209 256 209 
2440 
3039 
2727 
2730 8 
6546 116 155 40 14 33 11 18 95 25 773 923 76 33 15 83 356 1189 9 15 22 12 26 13 35 11 14 18 14 38 29 20 17 4 13 18 17 3 40 53 240 19 7 35 12 107 251 6 73 91 77 6 76 94 60 50 8 127 5 103 39 22 18 47 42 36 16 14 33 3 6 18 36 218 42 6 7 32 16 11 126 21 26 14 32 24 10 12 17 8 77 74 13 60 63 11 11 17 5 21 40 9 11 179 149 61 20 36 169 20 60 689 14 72 99 112 467 608 72 116 125 9 17 30 199 396 20 36 169 20 143 19 39 18 17 33 142 9 48 47 20 27 89 135 83 54 30 89 55 7 54 20 22 81 24 68 14 74 21 83 44 13 32 14 16 6 118 42 16 110 27 57 106 31 14 21 19 26 41 
13832 
313 1114 525 762 550 703 110 975 180 222 2868 506 1108 780 2773 646 2406 924 497 717 
881 147 427 3175 6446 1867 3518 
274 1189 542 3369 11015 2005 964 
981 2401 1202 1546 1421 1248 1770 265 
173 
341 
414 3 11 7 2827 4293 204 6465 2571 759 424 1307 
14493 
9746 
8325 1996 
3348 21 182 127 8 42 199 392 1165 17 800 325 101 347 117 9 579 52 12 12 384 2255 36 7355 707 
210 
15594 
7104 
2442 
3205 142 
8866 259 197 185 
169 
15293 174 
2183 3626 3243 704 7602 836 1076 
15768 
15953 
2492 
8902 792 47 193 360 
4339 2160 369 469 18 2618 595 554 908 488 4201 248 888 644 
10138 3175 4875 102 572 130 
1447 4247 1436 944 7071 59 
185 975 3600 4218 17 1933 
1349 
3315 
16047 
15867 
245 
2486 63 1199 1813 80 46 53 101 30 143 84 59 17 35 44 28 17 17 6 6 1739 43 52 31 11 10 18 19 23 68 10 85 25 13 14 38 11 15 
720 
15048 
232 695 3595 
15090 154 
9344 155 
60 882 1295 264 10 330 632 297 10 122 298 240 97 360 616 890 336 1307 75 388 585 55 135 177 7 73 249 9 443 217 907 304 35 77 16 595 744 43 26 163 65 159 50 22 270 307 2070 189 704 367 324 42 593 76 35 1125 
620 
220 
4937 
3699 8695 
4127 59 7843 9 2031 1447 
2312 1575 360 2524 611 4150 3257 2381 1080 582 61 
608 
8265 
737 
1374 203 18 
757 10157 3817 
6752 
291 
374 6200 862 1672 1937 3 41 184 16 85 107 14 186 63 63 8 1394 2 197 
13865 
252 3684 4 343 695 131 30 233 9 54 81 106 49 26 2390 332 1382 
2787 5936 7513 
14601 7 
9689 88 186 
6484 806 1343 1859 496 328 686 916 3535 1315 721 681 68 207 95 30 29 22 8 51 
17139 
3239 451 2 6 364 1136 1497 320 3090 973 2286 167 
19649 
2306 6951 4002 39 2346 317 
125 
15379 
8759 125 178 183 119 
1091 
12820 
300 6363 
2725 6462 4359 630 3330 
986 3603 5580 2493 
16137 
9258 
4278 822 3 7 9 24 172 88 26 4803 5693 145 
11462 3043 
673 3233 299 5266 1348 5498 94 323 22 
14245 3330 2348 
3161 
1832 
14109 550 2781 
1413 20 7686 7830 
7330 
288 9350 2471 113 15 2 239 27 20 520 291 105 15 132 379 221 77 882 608 1763 77 1748 264 19 
12243 
586 
3010 
10989 762 283 548 
2618 5367 4662 
839 
1753 
10809 
908 3596 
7287 
11167 279 
221 
2203 61 393 576 38 51 66 341 666 1324 361 662 203 458 934 1804 64 820 1296 40 100 35 1550 1520 643 544 2433 55 74 441 141 
13230 
9059 
13189 
7332 463 7572 
761 22 448 3122 475 7632 270 6364 14 390 502 13 42 
231 10816 5953 
16040 2446 
397 2458 2563 
222 1111 22 96 86 2641 5010 36 2798 226 123 1978 558 443 2329 
9939 3305 5336 260 
10604 
2788 
3862 56 15 63 37 2510 858 737 7712 841 1290 137 
17230 
175 
275 834 3601 375 5310 6521 1805 
11101 
9134 
12826 
664 1978 188 938 4469 11283 
694 
2879 
2122 1105 59 383 12 12 2572 1341 1212 8 4386 220 820 3330 
1819 
14881 70 24 74 
2017 151 38 2154 11194 
2578 
399 
788 3091 10514 835 211 138 2146 
520 1122 2096 1519 544 2311 2481 4937 
13399 
647 880 111 554 17 27 166 1032 47 175 107 1278 477 1065 1967 1098 71 40 443 971 129 484 1419 22 6 206 152 73 51 203 382 43 815 1070 156 138 291 45 8 139 307 318 43 121 1859 
759 
16079 
8725 
3354 
267 94 1398 7559 
4428 457 1506 3138 7607 
4423 2046 4498 
2198 7618 17 40 
764 
1381 125 196 
391 1089 1193 585 135 1696 6342 5069 1595 449 698 585 
1190 3598 
7271 8916 
5170 
15673 
2310 
19586 
9136 
14846 
14523 148 801 
269 103 354 625 1979 256 93 10 36 151 1376 484 51 19 78 87 95 1270 18 1804 944 678 702 17 86 581 250 1174 445 1687 912 41 488 2 649 411 1303 
16091 
240 5243 
3242 1727 1385 4001 
1378 23 268 7787 
8661 
280 12 7 97 
3865 2139 327 1894 137 2004 75 993 
19773 
539 
1931 
14104 550 2781 
2013 6807 937 3562 4571 708 670 91 
5821 232 4272 
187 608 416 39 3558 39 
906 1559 844 258 935 727 1861 1959 2971 
17906 
295 
178 
626 1712 2106 457 1506 1270 1868 1635 2989 702 164 529 26 240 699 970 
17761 
4931 
4340 
10071 
2528 
8841 7465 
6122 10 2234 
14032 287 3330 
11337 
1162 2902 698 12616 
226 9400 
301 139 250 13895 5366 19 
297 305 410 543 406 65 28 434 809 142 60 95 86 52 237 210 73 362 683 149 245 537 62 1781 95 18 214 377 305 128 670 151 110 238 413 253 1048 41 792 177 647 1060 497 234 5 261 661 455 377 122 584 566 879 21 
85 3215 314 1565 5021 2759 8 2337 4007 
17428 
453 313 
563 36 2039 49 594 47 1806 314 209 77 45 20 117 167 33 7 8 36 103 578 66 22 209 637 29 1111 52 18 20 12 19 94 30 23 37 180 398 888 2543 11 831 1257 578 1119 1048 623 
15916 
460 441 65 251 3280 72 245 1061 3327 3861 
3282 
792 3182 4386 553 7081 2138 453 
8041 
8713 
624 47 1500 243 3450 397 1376 578 249 255 588 597 108 1166 2051 17 2677 181 585 2612 229 
4921 
213 314 3 2203 
380 132 2110 1332 1077 105 1216 1931 845 187 104 966 3234 4636 643 397 527 
4919 
17138 
2750 36 14447 842 1843 18 
728 
323 12736 1029 1757 240 
14395 835 211 2284 
1647 
324 8855 1328 857 15 242 164 606 735 1216 2503 159 668 1151 417 515 24 117 
11425 
276 
2235 
328 2097 355 14544 2060 66 
15656 
656 1636 2086 1178 104 144 4213 3267 611 25 524 1302 
820 
11472 
239 4027 1080 470 122 116 222 822 1801 59 23 373 74 45 163 572 14 1967 89 30 1485 201 1316 1048 732 89 1266 688 975 
1930 
3483 
631 301 529 1043 12 4 17 1121 4 5 9 36 3 4 15 39 12 4 149 21 430 138 1819 2587 272 253 271 345 952 13 11 376 53 111 45 41 431 396 526 20 28 1 141 46 9 4 3 16 42 3938 44 496 10 134 129 260 328 679 440 
3164 12989 
4013 1275 417 1635 121 141 125 10810 
1963 
4041 1474 7574 152 51 
1960 1502 296 212 104 243 654 1331 27 314 39 622 535 12 1050 297 606 120 3529 1530 539 293 167 
336 12157 4121 
3096 
339 6591 3604 18 2456 4876 707 
2966 
5991 
6786 3511 
532 
2522 1269 
199 480 236 327 1092 2177 328 1250 249 2184 2116 216 5108 2830 511 
11348 2 4 
347 725 3601 
8610 
7077 2529 408 
4 
19823 
9335 
62 
492 61 53 82 
16512 
471 13123 4305 711 
15269 
7300 546 
1918 
19676 13 186 
1376 404 9216 4027 
2654 
10229 
1356 7835 
16789 
359 
14168 3330 
6507 2470 5781 2450 44 58 
4420 503 1538 2151 
2369 13 
12501 
3045 9725 
4936 
1240 3597 
1106 3601 
123 18885 
627 1594 3344 735 222 3889 2070 1315 269 2481 464 83 1355 288 207 193 807 168 
330 
273 414 418 615 2986 3766 5821 3330 
362 298 682 1493 11423 3330 
686 395 606 348 912 547 1188 353 469 743 70 317 304 2067 1026 522 476 1386 94 424 25 42 632 125 616 233 2608 97 63 329 108 130 1363 38 160 126 108 142 14 
9029 1233 7978 643 543 
364 84 4666 2 2 2630 2401 1430 762 148 765 21 306 3593 80 958 333 
2107 
18619 
126 
1239 846 1336 1415 2592 3003 4487 3053 
266 792 94 2801 403 304 92 1070 5430 447 483 365 1639 2389 941 1775 
1287 4 2 13052 2306 1024 
152 1718 2363 2613 522 534 1803 239 7246 
1700 
19223 640 
9568 
5126 1134 933 10 1908 1589 5614 2521 
197 479 
1694 
368 10 8999 9851 
5415 
1286 1323 16307 
167 
18689 
384 2427 4187 4607 2109 3572 
5745 44 190 212 310 5692 1806 1688 1217 
296 
6906 4109 5462 1467 
4344 4527 29 54 25 130 50 21 5725 490 
9223 169 
14213 3330 
87 3794 1091 477 46 855 1770 6692 997 52 
5184 
536 2553 3707 
2313 367 36 720 580 2659 106 185 327 304 37 190 3503 705 2149 2456 27 20 43 170 614 418 43 173 69 16 13 390 93 137 10 13 133 
10391 
920 3596 
16615 
1927 5951 8 4943 
284 2382 7419 6292 9 
2802 128 2811 1634 6 1061 5263 3576 505 34 27 496 1536 
607 180 306 1067 2 20 9 23 179 282 497 6 18 196 21 129 47 22 22 204 23 36 89 44 23 6 229 3 15 3 386 452 105 14 202 812 10 5 624 200 1007 94 42 140 8 50 60 15 21 1449 120 69 11 124 4 46 21 99 23 542 7 401 113 76 379 1071 275 516 672 173 30 130 131 107 553 144 97 4 443 102 77 7 690 6 23 67 720 247 369 59 10 219 6 215 297 205 
138 5 2305 668 15731 
12815 
5725 7929 4435 1380 
8155 
1507 
6161 2126 1341 135 
10475 
114 86 121 31 33 264 7178 10147 
1168 3600 
750 22 8 2152 
2818 
5034 160 236 4359 344 880 
4882 
164 685 2185 
7089 8652 
15333 
8674 
16589 
376 139 8794 3618 5983 444 550 
189 
5655 
13406 3874 63 
10640 
4224 3026 10522 724 
1189 5 3358 235 5 
7306 18 115 
5963 
5260 3892 
497 377 140 60 131 155 202 326 59 865 92 4 1106 602 59 127 832 1950 48 44 299 510 1268 640 1474 257 3 8 29 16 29 117 21 202 45 382 28 8 757 23 223 58 75 15 7 53 115 6 1034 1652 59 169 220 15 7 53 115 6 516 254 425 263 41 106 38 316 282 192 
480 
365 
10999 
645 1630 6069 739 992 42 2207 1400 352 4619 
5538 
466 
9389 
470 21 61 
14843 
7959 2068 3761 651 2646 1355 688 975 
1566 
8644 
48 
730 7086 2508 6058 3539 10 
12909 
7422 114 
732 
8395 
1714 
6595 4933 
639 2563 
496 873 
19483 
715 10509 
17319 
12783 8 8 8 
12336 4 13 13 
1422 
5587 562 1153 546 74 2641 1639 363 1417 26 
4465 
96 2845 2055 29 239 3722 6873 10 81 23 
3020 
10055 
279 1974 338 280 2754 243 2085 3254 697 
2907 
14549 148 799 
1879 
704 14231 5 
4215 
19218 249 391 
740 
524 
4275 
424 
4960 
315 253 14 755 893 3182 28 1441 96 154 474 781 52 953 546 777 593 323 481 45 351 33 732 1015 683 330 12 73 29 1116 723 12 352 488 520 816 
523 516 18 47 35 33 398 3071 18 46 34 32 1440 
777 
2218 1601 3273 1845 1088 9627 56 
531 
15528 
719 67 
1910 
10920 14 14 
10919 28 
413 720 3600 
838 
1676 
538 105 63 8911 394 
669 5494 580 1808 494 4812 2769 135 1431 
130 4 5 5 
734 5341 3532 130 155 2786 3661 
2006 69 138 251 671 109 62 254 313 9 133 247 686 38 13 4 50 35 17 17 19 42 23 15 6 21 8 15 13 3 11 23 46 22 24 65 20 16 178 11 2369 11 2004 42 96 10 21 103 62 4333 1101 55 155 11 273 4 8 213 146 35 394 22 49 83 36 28 14 6 20 386 535 2 75 188 
543 1703 3188 8 5600 45 655 62 772 852 21 282 2330 2196 9 634 
2497 29 6 596 43 24 9 22 24 20 51 12 9 19 26 21 32 9 33 9 20 26 56 17 27 8 6 22 30 37 22 50 51 40 38 32 19 18 30 9 56 25 21 48 2 15 48 16 24 19 51 20 830 9 350 34 27 25 63 18 30 48 6 20 86 16 81 8 4 11 17 70 17 29 22 12 51 18 9 11 46 133 21 64 37 24 61 17 11 23 5 308 43 31 47 255 35 296 246 11 22 44 17 9 19 59 22 30 41 13 14 4 90 44 66 25 9 1235 727 106 110 124 4 21 41 76 116 159 175 296 6 129 2899 17 1553 
154 1718 
19768 
4316 
2783 10611 
8135 
12230 930 222 800 1025 1352 407 546 320 213 25 8 23 254 18 10 
950 205 658 2732 210 5682 775 1844 865 2854 29 20 35 8 72 1068 320 76 1386 114 
2669 3336 9667 
800 
15358 
8597 
2646 11065 
89 238 111 39 178 290 16 583 127 1136 1439 294 24 2435 82 319 705 60 25 54 1222 706 881 388 1779 63 445 331 956 1380 829 1062 1421 
8001 
6476 
366 1973 95 324 196 510 644 1097 252 124 152 18 30 105 88 76 11 133 110 1912 249 3609 1705 985 1180 735 73 100 42 977 97 8 100 1843 18 
1317 7699 161 490 161 3017 5 15 3012 
17425 
2296 77 3577 3693 35 309 194 1119 31 4948 2322 
724 
4425 
743 
42 
1709 
1969 2175 1426 9230 
3883 9369 3113 
8662 
2869 405 6172 
3320 5200 4843 2551 592 110 2623 305 
3549 2737 1847 94 6731 
1010 237 841 56 11 195 331 23 4 1904 232 6560 3176 2102 2066 
3835 5070 711 2574 1389 416 
61 
1414 1954 7295 3967 1173 
91 1328 374 1474 668 1637 65 188 27 116 9 23 24 228 76 1754 122 53 150 10 571 1219 326 16 50 565 54 18 15 47 112 35 21 10 10 16 16 17 34 29 3 66 4 29 17 5 41 4 5 90 235 60 19 34 59 7 11 19 4 17 21 4 28 25 9 18 37 64 8 21 8 358 13 32 20 78 79 5 13 11 3 17 8 7 8 95 204 21 3 55 9 21 39 5 8 2 23 28 198 16 7 12 48 113 1 13 77 21 98 22 354 607 1025 484 111 471 4 42 1 13 77 21 98 22 590 527 146 69 14 10 
5273 
14699 5 
127 
19321 
12201 1806 
7744 
15632 
11709 
6019 
1474 4519 1985 1861 
2364 1110 1825 110 
617 3033 4035 1935 4218 2874 69 110 20 1212 160 344 160 
1623 
4376 
8318 
153 296 1027 395 
8702 
7999 
3041 
454 313 2444 332 283 305 17 111 29 9 733 117 248 8005 
10594 
921 3596 
19456 359 
14057 
3169 
2332 3 
11903 7799 
1236 1865 256 484 494 498 4175 467 1028 1931 2 3775 1897 
637 12338 5763 
305 1660 1323 894 1129 2973 1627 1562 800 296 852 3454 60 
12746 
3247 2157 10930 
4124 119 5172 1202 3228 4114 717 
1645 6268 4255 63 1370 85 5946 
8839 
47 522 22 20 6326 60 4041 392 174 190 6293 248 849 357 110 98 
345 
5535 
14269 3330 
1839 8 
4920 
14513 
683 
14092 
4994 79 
8939 211 129 150 15 
1088 3601 
5539 
132 4 5 5 
3234 89 66 1007 41 457 237 468 121 361 319 3138 186 25 346 
2043 3720 4988 1635 2335 
14982 38 14 2 15 
7259 
2132 1471 6129 2207 
1102 255 14 239 452 134 727 552 3 1225 589 672 61 2282 8 233 1567 166 293 198 274 3101 1654 749 927 
1603 
714 21 
718 18055 303 
3457 
1915 2958 8998 232 309 241 178 251 154 40 171 38 120 416 122 35 934 322 
722 
2684 10245 1836 
7862 
6272 
7 1 8936 1607 353 3982 
708 
1112 3601 
929 2609 23 498 465 6784 805 7391 234 54 101 
9556 478 
8668 
646 
725 
11332 74 555 734 1511 75 1360 21 76 480 23 19 71 38 1167 75 1942 
82 5159 432 2431 2144 947 2411 4764 
2641 783 1927 778 2243 2288 44 170 1071 716 16 2189 1815 215 1074 1752 315 
15614 
2755 4169 
12631 1932 79 
1685 
5451 
64 952 396 2172 157 606 271 439 341 39 1555 1289 736 2739 4649 942 1268 635 344 
0 159 3 682 3 
3213 19 24 249 82 249 467 861 163 9 217 135 35 7 123 26 14 16 2 450 267 1439 140 53 38 21 17 96 1370 372 23 47 4511 
3893 4 9092 
57 
8688 
503 
5281 
2068 
6218 3938 
1045 1108 196 2298 2441 3362 5387 
65 1623 27 2149 5399 1177 
14484 
603 
9 1811 
15828 
4876 
14844 
9832 2391 265 
3114 
110 
7195 
5563 
5855 49 
202 372 828 172 108 881 350 576 410 87 183 14 896 3772 452 296 88 275 486 871 2131 1175 12 1460 204 1014 454 170 704 76 
11559 351 
473 3562 67 1046 1771 126 74 1344 1731 89 477 1285 1928 936 3613 
7821 
691 662 109 80 462 537 1049 59 118 1222 199 286 2272 1304 43 7 924 352 866 345 984 515 97 67 46 10 2 127 72 251 2209 328 93 390 9 123 445 653 19 307 50 198 1316 
103 6665 6 52 86 71 58 76 562 5713 
17268 23 
729 
15609 
13361 
7308 
142 
702 60 374 815 1001 1784 5856 143 103 2 
7189 142 463 8945 
21 1836 
6747 439 7537 4982 
1748 17 45 
7205 
19602 
70 3661 22 609 929 287 11 38 86 241 54 8 242 1235 30 392 1079 190 15 1909 1242 1629 475 536 76 2991 
1195 3358 240 
14187 3330 
49 357 1151 3953 3809 425 711 611 2287 2203 89 1340 2216 
2828 2125 
7153 613 874 1485 773 943 751 1175 3252 1405 632 856 
875 18728 
1833 1315 1767 614 2465 1580 477 
4349 
557 17370 704 
66 
17815 
9114 
84 4165 8882 468 617 956 2374 1967 41 86 
8829 9572 
14820 
122 
14479 
340 
14545 
8162 2903 2258 3683 1353 53 
14347 3330 
58 179 178 4 1864 276 303 774 2156 387 2304 1210 15 109 8 49 53 14 41 557 803 3595 574 602 104 22 1703 833 
4023 4257 1008 810 222 
56 5329 4479 120 
836 1406 1065 202 2854 1691 166 1100 445 572 7028 
8649 4105 
81 2474 628 358 263 35 367 45 19 110 863 223 211 23 512 55 25 1798 24 18 85 62 188 32 24 1275 4817 121 31 742 56 20 912 16 
7521 
124 8703 477 6647 
17763 
34 18515 237 
3197 
16448 
12814 
2360 60 15734 
3143 4846 
100 6755 40 906 3367 166 6090 690 
813 
18482 
8812 
94 
9225 
59 5982 662 2977 59 87 27 89 64 13 403 5238 
7888 
10818 8873 
529 16036 
18774 303 
6545 
577 7915 
8188 4037 
1708 
1599 14296 
69 
16441 
7252 
75 474 1221 1585 787 24 3727 2966 2611 2511 3453 
14949 3561 14 11 24 187 15 9 23 3 113 60 17 39 38 19 
360 1446 549 1556 35 496 457 1235 271 697 518 229 1694 600 1502 2703 651 1289 1390 
10135 
1501 8885 
3448 
90 4954 34 891 5085 1928 2034 
967 246 1580 1777 240 5479 160 2481 1646 
3230 6395 1502 338 9 2877 3330 
1184 3598 7666 
2134 410 
286 1688 3266 432 3326 1249 5172 1096 494 1226 643 74 
8755 
79 3461 11198 57 1061 
16431 1 
326 
522 446 3603 
2025 
243 13 58 2 42 136 103 4 81 70 114 21 15 68 63 42 17 85 33 3288 57 18 62 41 17 83 31 
3 
205 41 5 2 24 29 
15781 
8717 
33 16432 
5715 843 422 178 4 4 4 4 4 721 2089 1857 6 12 1760 
133 
1769 5218 498 2210 47 193 141 598 33 14 106 379 5118 
11948 
6115 396 1306 11601 
13729 5634 
3554 
101 5016 5472 
1466 
18404 
3042 
535 
18357 
1080 43 189 1992 79 80 41 19 229 614 315 43 399 552 2611 185 83 260 162 61 233 537 763 5 41 9 956 762 170 447 494 10 2 42 789 590 176 754 178 951 197 484 747 
5619 1754 159 2766 8460 455 249 391 
696 10940 2518 2499 831 480 328 389 
16108 
8240 
3527 
16025 
108 301 37 72 435 125 101 259 37 18 61 27 165 20 45 369 19 205 9 23 62 12 262 101 29 236 287 249 30 75 72 91 221 385 131 99 314 10 83 95 26 165 11 30 315 5 41 26 123 8 138 100 38 243 168 15 134 82 76 84 438 32 697 39 50 16 12 21 17 27 43 18 26 40 127 29 123 83 50 110 17 55 41 53 83 88 62 104 37 81 20 87 73 23 88 64 19 20 92 7 20 106 44 64 230 49 8 20 619 38 30 5 4 40 11 58 50 9 33 31 30 362 303 35 65 2 14 611 31 235 9 163 34 30 8 703 296 178 58 96 24 37 41 469 220 14 131 205 156 543 58 14 43 13 32 2 302 17 73 308 124 563 166 273 45 106 13 22 239 57 193 36 89 136 58 29 22 10 
554 3064 1677 5291 48 11 298 246 67 417 30 4 448 26 35 853 89 222 642 171 2493 837 710 153 490 744 
8288 
137 
1282 
1100 1151 2450 
311 750 
2490 
7260 
113 145 1065 412 309 217 1215 3 231 576 964 8 31 67 276 74 38 20 38 146 1586 88 171 1381 279 901 50 42 993 1793 30 39 857 564 971 387 9 1399 1031 346 113 215 325 130 
325 28 
1398 231 
116 
8880 
14460 
952 
147 
16958 
2569 
128 573 1792 198 1450 834 672 49 2390 182 6320 4688 378 
2926 
832 2140 7218 4789 2362 
1244 1608 15 1974 1668 32 132 8 34 21 30 26 11 96 303 478 15 575 2398 43 157 568 926 619 76 31 332 504 3 17 80 31 35 33 182 631 1693 824 182 2024 
771 3565 4495 154 8 16 32 145 14 212 27 9 7 3208 18 27 1886 1037 36 1175 43 179 16 2650 53 242 20 
131 4 5 5 
8671 
11137 4237 496 
4345 4515 37 150 100 280 54 5845 
1467 295 
149 582 584 552 918 338 1352 3 3 3 367 3 3 3 793 410 2056 1721 3003 6462 
19575 
573 1414 36 51 825 301 1987 155 131 153 960 5 149 916 1118 252 841 1256 223 118 1908 68 15 1142 113 421 814 851 188 202 642 251 272 856 125 273 242 
151 1718 15160 
2260 1084 707 1559 343 3143 1333 18 6028 928 
9165 
148 1718 
8643 
2024 
2175 5154 5682 757 1808 
===Document Endings===
[www.eecs.umich.edu/, 9, 9]
[www.bostonglobe.com/, 155, 146]
[eecs.umich.edu/eecs/about/articles/2018/improving-communication-between-humans-and-robots-in-20q.html, 803, 648]
[fivethirtyeight.com/, 838, 35]
[www.eecs.umich.edu/eecs/about/articles/2018/ADA-center-reimagines-how-computers-are-built.html, 1251, 413]
[realestate.boston.com/home-improvement/2018/04/08/low-profile-high-style-kitchens-go-with-flow/?s_campaign=bg:hp:well:realestate, 1820, 569]
[www.bostonglobe.com/news/bigpicture/2018/04/02/globe-staff-photos-month-march/fx1OqcVbKEyCnPCqqMePfK/story.html, 1873, 53]
[www.washingtonpost.com/, 1897, 24]
[www.washingtonpost.com/news/powerpost/paloma/the-energy-202/2018/04/10/the-energy-202-republicans-are-deeply-divided-as-scott-pruitt-s-troubles-mount/5acbce7a30fb0406a5a122cf/, 2979, 1082]
[www.washingtonpost.com/video/business/technology/from-2005-to-today-a-look-back-at-zuckerbergs-comments-on-privacy/2018/04/09/ade7ed5e-3c57-11e8-955b-7d2e19b79966_video.html, 3017, 38]
[www.gjsentinel.com/news/western_colorado/interior-s-second-in-command-blm-to-leave-washington/article_5522ee70-3a23-11e8-ab61-10604b9ffe60.html, 3142, 125]
[www.politico.com/states/florida/story/2018/04/09/scott-running-for-senate-in-epic-showdown-with-nelson-test-of-trumps-popularity-354385, 4400, 1258]
[www.politicopro.com/states/florida/newsletters/florida-health-care-newsletter/2018/04/09/scott-announces-senate-bid-democrats-dig-up-medicare-fraud-past-051529, 4453, 53]
[ns.umich.edu/new/releases/25372-reimagining-how-computers-are-designed-u-m-leads-new-32m-center, 4861, 408]
[www.politicopro.com/states/florida/newsletters/tallahassee-morning-newsletter/2018/04/10/in-speech-scott-bashes-career-politicians-courts-puerto-rican-voters-051530, 4910, 49]
[www.politico.com/states/florida/story/2018/02/13/in-third-bellwether-contest-florida-democrats-again-carry-the-day-and-hope-for-a-blue-wave-251975, 5523, 613]
[www.politico.com/states/florida/story/2018/03/26/records-zinkes-office-refute-scott-framing-of-impromptu-oil-drilling-reversal-330060, 6369, 846]
[www.politicopro.com/states/florida/newsletters/florida-budget-watch/2018/03/27/florida-budget-watch-will-resume-publication-in-2019-048044, 6416, 47]
[www.washingtonpost.com/world/here-are-15-of-the-weeks-best-photos/2018/04/06/a5e69d00-34f8-11e8-94fa-32d48460b955_gallery.html, 6452, 36]
[www.politifact.com/florida/statements/2014/mar/03/florida-democratic-party/rick-scott-rick-scott-oversaw-largest-medicare-fra/, 7252, 800]
[www.politifact.com/florida/statements/2010/jun/15/florida-first-initiative/groups-ad-attacks-rick-scott-over-history-columbia/, 7856, 604]
[energypolicy.columbia.edu/events-calendar/book-talk-and-discussion-renewables-politics-global-energy-transition-johannes-urpelainen-and-micha, 7988, 132]
[www.politico.com/states/florida/story/2018/01/09/scott-might-still-score-deal-on-drilling-as-zinke-heads-for-tallahassee-174894, 8591, 603]
[www.politifact.com/florida/statements/2010/oct/12/florida-democratic-party/rick-scott-dodges-answers-invoking-fifth-amendment/, 8643, 52]
[www.tampabay.com/news/politics/stateroundup/scotts-political-opponents-correct-his-former-hospital-company-committed/1101540, 8665, 22]
[www.washingtonpost.com/sf/brand-connect/childrensnational/young-and-restless-why-teenagers-arent-getting-enough-sleep/, 9508, 843]
[www.politicopro.com/states/florida/newsletters/florida-ceo-report/2018/04/02/incumbent-lawmakers-eye-other-seats-048430, 9554, 46]
[www.politico.com/states/florida/story/2018/04/04/dnc-official-quits-after-uproar-over-colored-people-remarks-348613, 10032, 478]
[www.politico.com/states/florida/story/2018/04/03/desantis-says-trump-coming-to-help-his-campaign-very-soon-347201, 10463, 431]
[www.politifact.com/florida/statements/2010/dec/09/rick-scott/rick-scott-claims-his-company-caused-national-heal/, 10953, 490]
[www.politifact.com/florida/statements/2014/mar/03/rick-scott/rick-scott-says-medicare-rate-cuts-will-affect-sen/, 11966, 1013]
[www.politifact.com/florida/statements/2013/oct/25/marco-rubio/marco-rubio-said-florida-300000-people-are-going-l/, 12744, 778]
[www.tampabay.com/news/publicsafety/roads-closed-as-hillsborough-swat-units-respond-to-person-barricaded-in/2331687, 12809, 65]
[www.eventbrite.com/e/driving-efficiencies-fuel-economy-review-autonomy-and-energy-security-tickets-44416209077, 12879, 70]
[www.politifact.com/truth-o-meter/statements/2009/aug/11/barack-obama/barack-obama-promises-you-can-keep-your-health-ins/, 13797, 918]
[blogs.abcnews.com/politicalpunch/2009/06/what-does-the-presidents-promise-youll-be-able-to-keep-your-health-care-plan-period-really-mean.html, 13863, 66]
[miamiherald.typepad.com/nakedpolitics/2013/10/whos-to-blame-for-300000-policy-purge-florida-blue-or-obamacare-or-both-.html, 14092, 229]
[miamiherald.typepad.com/health/2013/10/consumers-react-to-getting-cancellation-notices-from-their-insurers.html#more, 14396, 304]
[miamiherald.typepad.com/nakedpolitics/2013/10/florida-blue-though-were-canceling-300k-policies-were-giving-migrating-options.html, 14457, 61]
[miamiherald.typepad.com/nakedpolitics/2018/04/a-month-after-legislature-failed-to-act-on-metoo-report-finds-florida-lags-on-womens-pay.html, 14522, 65]
[miamiherald.typepad.com/nakedpolitics/2018/04/bill-nelson-spreads-wrong-information-after-shootings-in-liberty-city-parkland.html, 14648, 126]
[miamiherald.typepad.com/health/2013/10/consumers-react-to-getting-cancellation-notices-from-their-insurers/comments/atom.xml, 14670, 22]
[miamiherald.typepad.com/nakedpolitics/2018/04/bill-nelson-has-never-been-tested-like-this-but-neither-has-rick-scott.html, 14816, 146]
[miamiherald.typepad.com/nakedpolitics/2013/10/deerfield-beach-businessman-entering-race-for-cfo-says-hes-qualified-for-the-job-.html, 15067, 251]
[miamiherald.typepad.com/health/2013/10/nevermind-about-obamacare-healthcare-for-most-americans-is-already-subsidized-says-report.html, 15231, 164]
[miamiherald.typepad.com/health/2013/10/nevermind-about-obamacare-healthcare-for-most-americans-is-already-subsidized-says-report/comments/atom.xml, 15261, 30]
[miamiherald.typepad.com/health/2013/10/excluding-childless-adults-from-public-benefits-costs-as-well-as-saves-money.html, 15442, 181]
[miamiherald.typepad.com/health/2013/10/excluding-childless-adults-from-public-benefits-costs-as-well-as-saves-money/comments/atom.xml, 15471, 29]
[miamiherald.typepad.com/nakedpolitics/2013/10/bill-nelson-somebody-ought-to-get-fired-for-obamacare-website-fiasco.html, 15591, 120]
[miamiherald.typepad.com/nakedpolitics/2013/10/dade-medical-colleges-chief-executive-resigns-amid-criminal-charges.html, 15767, 176]
[miamiherald.typepad.com/nakedpolitics/2018/04/mucarsel-powell-raises-500k-in-quarter-to-fund-curbelo-challenge.html, 16003, 236]
[miamiherald.typepad.com/nakedpolitics/2013/10/nrcc-makes-get-out-of-jail-b-day-card-for-rep-joe-garcia-hits-him-in-new-ad.html, 16131, 128]
[miamiherald.typepad.com/nakedpolitics/2013/10/senate-gets-appeal-to-retain-existing-gambling-as-it-considers-expansion.html, 16162, 31]
[miamiherald.typepad.com/nakedpolitics/2013/10/ag-pam-bondi-to-fl-supreme-court-medical-marijuana-group-is-hiding-the-ball.html, 16418, 256]
[www.politifact.com/truth-o-meter/statements/2013/oct/09/tom-cotton/cotton-says-pryor-voted-give-congress-special-subs/, 17094, 676]
[miamiherald.typepad.com/nakedpolitics/2013/10/in-east-room-event-obama-jumps-into-immigration-reform-tomorrow-does-this-mean-its-dead-or-alive-.html, 17428, 334]
[miamiherald.typepad.com/health/2013/10/consumers-react-to-getting-cancellation-notices-from-their-insurers.html, 17726, 298]
[www.politifact.com/truth-o-meter/statements/2013/oct/01/jeb-hensarling/gop-rep-jeb-hensarling-assails-sweetheart-deal-law/, 18449, 723]
[www.politifact.com/truth-o-meter/statements/2013/aug/01/marco-rubio/marco-rubio-says-union-irs-workers-begging-be-let-/, 19137, 688]
[www.politifact.com/truth-o-meter/statements/2013/may/02/barack-obama/president-barack-obama-says-people-health-insuranc/, 20112, 975]
