===STATS===
unique words: 1953
number words: 5187
number docs: 22
===========
713286 
713307 
713306 
713289 
713290 
713285 
713283 
713291 
713284 
713296 
713297 
713294 
713298 
713293 
713305 
713299 
713287 
713300 
713337 
713301 
713302 
713303 
713295 
713308 
713292 
713338 
713340 
713341 
713374 
713021 
713007 
712942 
712933 
712920 
712998 
712965 
712883 441 
713036 84 
712891 441 
713077 32 
712941 
713067 
712900 
712899 
712972 
713059 
712979 
713079 
713135 
713010 
712902 
713134 
713138 
712890 441 
712912 
712919 
712916 
712952 155 
712968 
712993 
713033 29 
712939 
712922 
712946 
712911 
713154 
713040 
712950 158 
712945 
713121 
713142 
713103 
713064 
713089 
712955 
712944 
713038 
712957 
712904 
713267 
712876 441 
712976 67 
713092 
712898 
712980 64 12 
712888 441 
712986 
713240 
713100 
712990 
713127 
712991 
712995 23 
712889 441 
712877 441 
713008 
713011 
713015 
713016 
713019 
712923 
713026 
712882 441 
713027 
713028 
712977 181 
713037 
713030 
712897 
713034 29 
713045 20 
712924 
713046 
713051 
712875 441 
713153 
713058 
713081 
713082 
713083 
713084 
713088 
712878 441 
713090 
713093 
713001 
713096 
713099 
713006 
713118 
713122 
713129 
713132 
713133 10 
713229 
713139 
713144 
713147 
713148 
713151 
713155 
713163 
713166 
712758 
712566 
712363 
712285 
712464 
712304 13 
712275 604 14 427 14 
712288 
712424 14 
712589 
712279 
712337 
712283 
712297 
712293 
712302 
712594 
712319 
712437 83 38 15 
712301 
712299 
712305 
712287 
712318 
712306 
712578 
712311 
713055 
712429 
712369 
712527 18 
712307 
712325 580 
712309 
712277 
712284 
712359 
712365 
713009 
712316 
712557 
712344 118 33 101 
712342 59 110 7 10 11 5 
712439 
712441 113 9 
712345 126 39 21 
712586 
712431 
712286 
712420 
712282 
712358 
712290 
712280 
712380 
712303 
712390 
712378 
712399 
712453 
712348 23 39 11 
712419 
712422 
712484 
712292 
712430 
712340 176 9 
712433 554 
712367 
712522 
712428 
712537 5 
712551 
712909 
712599 
712350 23 39 
712459 
712460 33 
712313 
712480 18 
712490 16 
712502 
712587 
712523 17 
712296 
712443 29 93 
712547 
712555 
712562 
712569 
712571 
712572 
712574 
712576 
712999 
712577 
712585 
712588 
712591 
712592 536 
712598 
712658 
711929 
712158 
712071 47 22 343 20 79 
712062 
712057 899 
711912 
711877 404 
712033 
711884 
711959 
712039 
711879 
711883 3 403 
712116 
711938 
711920 
712125 
711887 
712031 
711889 
712152 
711971 
711891 
711969 
711885 
712021 
711917 
712178 
712085 396 
711895 
712009 
712098 850 99 13 
711904 3 9 392 
711960 
711902 
712096 382 
711925 
711906 9 19 
711908 
711936 
712027 
711881 
711919 
712095 
711927 
712073 46 22 956 
711931 
712108 
711932 
711874 
711937 
712102 
711947 
712120 
712171 
711918 
712016 475 
711882 409 
711956 
711905 
711893 383 604 4 10 427 4 10 
711982 
711958 
712159 10 
711968 34 936 
712153 
711970 
712034 
711973 
712059 
711981 
711950 16 20 24 
712101 
711998 
711903 11 19 377 
712070 
711992 
712087 
711993 
711996 108 493 
711997 
712170 
712013 
712011 
712182 
711990 
712017 
712019 
712185 
712020 
712022 
712025 
712035 155 
712044 948 
712082 
711983 
712047 289 25 94 34 16 8 16 5 19 495 
712048 314 27 67 58 21 17 
712083 274 226 18 
712053 313 
711972 
712063 
712058 509 
712067 
712068 
711952 24 
712192 282 
712074 
712049 367 
712050 
712089 
712090 52 
712100 
712103 
712112 
712115 72 216 
712121 970 
712130 
712132 
712135 
712138 1008 
712145 
712165 
712176 
711762 971 
711710 971 
711715 971 
711716 971 
711717 971 
711719 11 960 11 
711761 971 
711720 6 5 960 6 5 
711750 9 962 9 
711782 967 
711711 971 
711721 971 
711712 971 
711757 971 
711733 971 
711735 971 
711744 971 
711737 971 
711749 172 799 
711753 971 
711736 971 
711745 971 
711792 
711748 971 
711751 5 4 561 401 5 4 
711746 17 954 17 
711741 971 
711714 9 5 957 9 5 
711752 971 
711769 971 
711755 971 
711771 971 
711766 971 
711783 967 
711767 971 
711732 971 
711770 971 
711713 21 950 21 
711781 967 
711785 967 
711787 967 
711788 967 
711789 967 
711790 967 360 19 
711747 7 4 960 7 4 
711738 971 
713164 
711725 971 
711764 971 
711779 967 
711739 971 
713145 
711784 967 
711727 971 
711851 
711538 
711585 
711551 1350 
711546 
711566 
711514 
711524 
711528 
711529 
711530 
711564 
711536 
711578 417 12 38 117 19 203 583 37 10 28 
711534 
711543 
711545 
711547 
711548 
711549 
711579 370 8 8 20 18 15 5 52 24 23 227 23 10 29 16 544 11 30 
711553 
711554 
711522 
711518 
711563 
711558 
711559 342 422 595 
711560 2 
711521 
711565 
711557 
711583 
711580 371 24 4 25 20 52 47 260 591 9 30 
711519 
711584 
711535 345 
711587 
711542 
711591 204 402 407 566 
711517 
711525 
711650 
711688 
711661 
710920 
710840 
710865 
710901 
711501 196 163 400 407 609 107 
710841 
710922 645 205 167 388 416 182 
711467 196 163 400 407 609 107 
711105 924 13 424 
711168 
711218 93 25 
710994 15 33 39 39 12 6 12 58 55 11 13 18 8 45 13 
710905 
710877 
711112 146 851 
710932 
710894 
711367 
711177 
711278 
710862 
711491 196 163 400 407 609 107 
711164 
710896 11 1023 382 3 593 13 
711327 1648 137 
711020 37 95 
711211 
710863 
710895 
710868 
710965 
710917 
710869 1 6 22 8 
710970 
710891 
710919 
711023 
711157 
712476 
711262 
710881 
711265 1088 
711474 196 163 400 407 609 107 
710933 
710921 
710882 
711063 6 1025 52 
710874 1049 
711010 33 
711041 
710893 
711171 
710936 38 201 
710914 
710889 
711266 
710976 
711145 
710960 
710890 
711383 768 
711466 196 163 400 407 609 107 
711586 
710903 
710854 
710941 
710911 
710915 
711159 
710910 
710952 38 201 
710850 1 6 
710959 55 33 33 
710842 
710935 38 
710997 18 73 30 
710848 
710988 
711126 88 20 114 22 
711000 
710938 
712320 
710860 
710943 38 
710937 38 201 
710945 38 201 
710956 2098 
711060 
710995 212 64 30 
710947 38 201 
712086 
710944 
710954 38 201 
710950 
710930 
710951 38 201 
711030 
711073 148 
710892 
711397 
710961 41 19 17 10 13 13 
711198 
710962 
710963 
710964 41 72 119 93 44 
711153 
711369 
710971 
711277 
710980 
710968 35 1447 20 
711200 45 
711053 1429 
710998 66 250 
711100 
712903 
711139 1225 
711013 81 25 127 92 
710866 
710918 
711019 6 1335 105 504 4 
711024 
710855 
711078 
711049 
711007 76 
711096 
710909 
710948 
710940 
711095 935 159 2 2 212 94 
710934 
711230 
710884 18 
710838 
710978 
710885 
711040 
710946 
711722 971 
710843 665 196 163 400 601 441 
711062 
711099 276 1111 580 39 
710913 
711093 
711097 
711552 
711067 5 
711204 52 12 86 
711098 
711173 
710966 
710899 642 
711374 
711028 
711284 
710929 
711052 72 
711282 
711106 1894 
710967 303 1178 554 
711032 4 
711109 28 
711187 
710925 645 205 167 388 598 416 
711115 926 
711116 460 1382 
711405 
711331 
711125 
711210 6 35 109 
711308 1766 
711140 435 872 113 372 
711183 
710972 
711142 
711154 8 7 131 16 50 
711130 
711283 
711156 
711158 
711039 184 359 444 914 
711161 
710949 38 201 
711165 
711172 
711035 219 
711179 
711181 
710979 
711182 
713288 
711113 
710888 
710897 
711205 4 6 34 1 7 12 55 31 4 23 
711213 24 109 40 
711180 
711222 
711224 955 
711128 
711016 1036 
711225 127 
711141 895 
711228 
711495 196 163 400 407 609 107 
711229 1203 
711329 
711233 
711235 
711236 
711238 1834 23 18 
710986 
711347 
711121 
711241 
711261 
711131 
713141 
711272 838 
711363 
711226 
711291 
711373 
711293 
711294 
711299 744 
711312 
711317 
711050 270 1048 
711343 1108 117 
711318 
711319 718 
711326 
710939 38 201 
711185 
711322 19 
711323 
711123 242 
711330 
711332 10 
711350 
710879 
711357 
711361 119 196 163 253 52 95 407 609 107 
711368 
711376 
711189 
712338 56 
711378 
711380 
711385 
711033 
711391 
711393 
711135 
711394 
711143 1254 
711421 
711309 1766 
711396 
710953 2 36 2 199 2 
710880 
711279 885 211 200 
710982 
711276 
710908 
712590 
711290 
711454 
711465 
711473 196 163 400 407 609 107 
711482 196 163 400 407 609 107 
713114 
711476 196 163 400 407 609 107 
711478 196 163 400 407 609 107 
711479 196 163 400 407 609 107 
712015 179 212 30 39 
711485 196 163 400 407 609 107 
711486 196 163 400 407 609 107 
711488 196 163 400 407 609 107 
711489 196 163 400 407 609 107 
711492 
711494 196 163 400 407 609 107 
711497 196 163 400 407 609 107 
711498 196 163 400 407 609 107 
711502 196 163 400 407 609 107 
711503 196 163 400 407 609 107 
711506 196 163 400 407 609 107 
710762 
710724 
710706 146 
712251 
710718 
710748 
710742 
710704 
710709 
710708 
710702 23 790 
710717 
710703 
710740 
710719 
710705 
710722 
710749 
710723 
710728 
710743 
710729 
710732 
710733 
710734 33 104 
710747 
710714 
710737 34 2143 
710738 20 
710744 
710731 43 
713304 
710753 
710755 
710756 
710757 
710760 
712985 
710766 
710765 
710736 34 
710730 20 23 766 
710761 
710775 
710764 
710710 
710604 
710665 141 2104 
710593 
710633 
710692 142 
710603 113 
710605 
711107 1852 
710598 113 
710648 141 
710594 
710624 117 
710684 141 
710643 17 124 17 
710683 141 
710626 
711054 
710606 920 
710590 6 
710657 141 
710650 141 
710670 141 
710612 
710652 141 
710653 141 
710669 141 
710875 
710625 
710613 
710591 
712423 
711065 316 971 
710618 
710616 
710617 
710690 142 
710622 117 
710645 141 
710679 141 
710621 
710678 141 
710630 116 
710623 
710607 113 
711900 
710628 117 
710640 141 
710602 113 
710646 141 
710631 
710635 141 
713123 
710887 
710592 
710636 141 
710637 141 
710638 141 
710614 6 
710658 141 
710654 141 
710667 141 
710659 141 
710642 141 
710644 141 
710629 
710601 
710597 
710672 141 
711709 163 400 408 
710649 141 
710641 141 
710615 
711922 
710693 142 
710651 141 
712134 
710655 141 
710656 141 
710663 141 
710682 141 
710664 141 
710668 141 
710584 112 
710675 141 
712445 
710676 141 
712038 
710677 141 
710680 141 
710681 141 
710610 
710685 142 2242 
710671 141 
710687 142 
710634 
710691 142 
710694 142 
710479 
710471 
710476 
710572 
711264 317 766 23 39 76 94 391 35 12 
710754 
710478 6 1391 15 
710482 
710483 
710473 
712343 13 105 33 101 
710494 
710500 
710472 
710475 1403 396 
710490 
710477 
710480 
712917 
710497 
710487 
710469 
710492 
710470 2869 
710493 
710498 
710504 
710499 6 1391 15 
710496 1403 396 
710503 
710495 
710474 
710491 
710378 124 
710376 1537 
710347 
710348 
710373 
710361 
710344 
710350 
710352 
710359 
710360 
710346 
710342 125 122 10 9 93 11 
712885 441 
710371 
710353 
710365 
710374 
710367 
710355 1537 
711147 
710384 
710375 
710372 
710379 
710368 
710370 
710381 
710358 
710354 
710382 
710380 
710357 124 
710362 
710351 
710450 
710383 
710369 
710461 
710253 
710229 
710233 
710226 
710227 
710234 
710235 
710225 6 
710236 
710238 
710248 
711303 
710239 
710244 
710237 
710255 
710256 
710257 
710249 
710258 
710230 
710247 516 
710245 6 
710254 
710264 
710224 8 
710250 
710259 
710252 
710228 
710325 
710336 
710100 
710101 
710106 9 
710109 
710110 
710133 
710117 
710118 
710116 
710129 8 
710136 
710132 
710140 
713116 
710123 
710114 
710102 
710125 
710124 
710205 
710216 367 
709974 1 
710048 125 120 125 122 
710080 
710091 
709839 154 
709826 154 116 125 120 125 381 665 196 163 400 408 193 441 
709859 154 
709925 
709831 154 120 
709827 154 116 125 1291 1360 441 
709832 154 121 746 
709833 154 
709848 154 
709837 154 
709834 154 
709830 154 
709845 154 19 1 101 23 1 98 20 1 100 25 1 99 22 1 
709835 154 
709843 154 
709836 154 
709842 154 
709861 154 
709854 154 
709838 154 
709850 154 126 742 
709851 154 
709844 132 22 94 27 98 24 96 125 
710366 
709857 154 
711523 
709855 154 
709841 154 
709865 2894 
709856 154 
709846 16 138 16 105 20 102 17 104 22 103 19 
709858 154 
709853 154 3335 
712341 36 23 
709852 154 
709828 154 116 125 120 125 
709492 
709573 2455 23 
709690 2478 
709860 154 
709485 
709654 
709488 
709604 
709494 
709497 
709531 
709622 109 
709511 
712175 760 
709518 
709487 
709503 
709493 
710501 
709612 
709621 15 26 1 
709507 
709806 
709633 
709509 
709673 1528 
709630 15 
709638 27 
709514 
711742 971 
709500 1111 
709648 
709710 
709559 17 24 1484 135 1120 40 6 123 653 
712509 8 9 12 5 
709726 
712981 
709489 
709718 
709523 
709708 
709719 
709512 
709521 
709714 
709560 33 3 132 5 1506 762 83 323 93 80 
709524 1108 
709491 
709506 
709510 
709546 33 
709677 2791 
709517 
709529 
709530 
709532 
709574 
709693 
709707 
709660 
709670 6 3404 
709534 
709541 37 1453 222 878 
709795 
709649 
709652 33 6 6 
709498 
709542 1798 22 
709499 
709543 63 
709527 2397 
709544 63 1389 83 123 71 22 1758 
709525 1375 4 1022 
709629 15 
709623 109 1390 26 912 12 370 62 17 38 5 467 4 17 5 4 50 
709563 2431 12 87 55 13 215 
709519 
709545 21 11 31 9 34 5 
709552 29 22 2805 61 
712278 
709582 1417 23 23 
711227 161 689 47 25 285 67 
709553 
709585 1792 740 285 
709528 
709547 
709516 
709683 2813 36 17 
709564 
710639 141 
709556 
709549 
709659 
709561 
709614 
709692 
709565 2443 
709508 
709554 29 15 
709568 
709679 
709571 
709586 
709627 15 57 
709680 
709588 
709592 5 
710619 
709594 
709727 
710759 
709601 
709602 
709609 120 
709610 120 
709611 8 16 39 
709580 2872 713 
709616 
709669 
709626 15 1377 
709628 
710662 141 
709631 15 
709686 1891 1389 37 38 
709632 
709624 1 15 
709637 27 
709643 
709569 1442 15 32 8 9 205 
709647 
709650 2857 
709657 2490 
709658 
709667 1648 1134 
709668 1443 56 1767 151 
709709 
709671 
709713 2633 45 72 56 27 558 
709701 
709672 2746 
709675 40 
709533 2365 402 24 
709678 
709495 
709687 
709700 
709550 
709522 
709504 
709696 
709702 
709703 
709704 7 
709705 
709599 
709706 10 
709501 
709723 
709724 
709725 
709375 
709384 
709345 
709338 
709335 
709372 
709349 
709334 
709353 
709367 
709336 
709340 
709344 3543 441 
709359 
709369 
709333 
709337 
709357 
710839 
709379 
709341 
709363 
709347 1009 
709366 2178 17 753 
712111 459 
709360 
709331 2200 345 1010 441 
709339 
709361 
709350 146 6 1362 3 2028 441 
709374 146 6 9 1348 3 2027 
709343 
709381 
709364 
709351 
709365 
711527 1354 441 
709368 3539 
709370 143 1413 645 205 167 388 598 416 
709342 2178 17 
709371 1006 
709605 10 2346 373 47 
709376 
709377 
709373 
712107 830 
709378 
709380 
709382 
709332 2200 
709383 
709356 2200 
709362 
709358 
709346 6 
709385 
709348 
709292 156 141 24 330 2455 439 114 
709238 156 495 2894 
709242 156 495 2894 
709305 156 495 2894 
709241 156 495 2894 
709303 156 495 2894 
711379 
709246 156 495 1431 1463 
709310 156 495 2894 
709322 156 495 2894 
709239 156 495 2894 
709236 156 495 2894 
709309 156 495 2894 
709320 156 495 2894 
709316 156 495 2894 
709256 156 495 2894 
709235 156 495 2894 
709252 156 495 2894 
709261 156 495 2894 
709161 162 3351 
709162 162 498 2853 
709296 156 495 2894 237 
709308 156 495 1053 1841 
709257 156 495 2894 
709234 3 153 3 492 3 2891 3 
709219 169 476 2881 
709274 5 151 5 495 2889 5 
709270 156 495 2894 
709251 156 495 2894 
709248 156 495 1452 1161 21 260 367 
709258 156 495 1235 88 1571 
709317 156 495 2894 
709233 156 495 2894 
709240 156 495 2894 
709244 5 151 5 490 5 2889 5 
709245 156 238 27 230 2894 347 
709247 7 9 27 113 7 9 27 452 7 9 27 2851 7 9 27 
709250 156 495 2894 
709259 156 155 340 2894 
709275 6 150 6 150 339 6 2056 832 6 
709260 156 495 2894 
709262 156 495 2564 330 
709264 156 495 2894 
709269 8 148 8 487 8 2229 657 8 
709271 17 24 115 17 24 454 17 24 2069 105 679 17 24 
709276 7 149 7 488 7 2887 7 
709284 156 495 2894 
711791 
709285 156 495 2894 
709289 156 495 2894 
709291 156 495 2537 357 
709294 156 495 2894 
709297 156 495 2894 
709298 156 495 2894 
709300 156 495 2894 
709301 156 495 2894 
709505 
709311 156 495 2894 
709313 156 495 1095 1799 
710927 645 171 34 158 9 388 382 216 416 
709314 156 218 277 1052 946 101 795 
709315 156 495 1622 1272 
709319 156 495 2894 
709321 156 495 2894 
708912 263 
709071 
709047 
708918 263 1526 20 132 
708913 263 937 
709007 
709065 
708939 263 
708916 263 
708910 263 
709011 
708919 263 
709055 2899 223 817 107 1 24 
708937 263 
708997 
708922 263 
708923 263 304 613 1637 971 
708914 263 927 
708984 
710349 
708962 261 
708929 263 943 
708946 263 
708930 263 929 
711174 
708982 
708940 263 
709053 
709062 
708933 263 
708993 
708934 263 
708985 33 
708977 
709058 
708935 263 
711978 
709012 4147 
708942 263 1530 17 17 109 
708906 263 930 
708925 263 
708915 263 
708921 263 
709063 
708943 263 
708971 261 
709014 
708945 263 1465 141 
708932 263 
708949 263 
709000 
709052 2340 1748 
708938 263 926 
708963 91 170 
708926 263 
708968 261 
709024 
708978 
709051 2017 2081 
709863 154 125 119 126 122 
708911 263 
708976 7 
708908 263 
708979 
708966 261 
708951 263 
708980 
708950 263 
709038 2048 1269 226 
709037 
713086 
709555 17 12 
709069 
709070 
708996 
708905 263 944 
708999 
709001 
709046 
709006 2104 56 
709008 12 2992 
709066 
708972 2174 
709010 
709013 
708959 261 
709015 
709016 
708936 263 
709025 
709026 
709029 
709030 
709028 
709031 
709032 2128 
709034 
709035 
710858 
709039 
708909 263 
709040 
708967 261 
709068 587 1436 1363 713 
709041 
710246 
709049 
710647 141 
709036 
709056 2899 225 
709840 154 
709548 
709057 
709064 
709067 
711477 196 163 400 407 609 107 
709072 623 1692 1197 
709042 670 2676 
709033 
708981 
708970 261 
709134 
709145 
708506 
708766 
708590 
710772 
708668 20 69 24 
708567 
708756 2532 
708560 
708578 7 
708604 
708501 1610 615 
708563 28 
708512 
708562 43 59 
708577 7 
708536 
708515 
708670 94 234 45 514 1691 86 
708505 
708641 9 
708540 
708509 
708571 
708619 
708680 
708517 
709849 154 125 
708525 423 263 1705 
708521 
708529 
708527 
708528 
708514 
712298 
708524 420 263 924 
708689 2506 204 
708533 
708623 
708697 
708612 
708497 13 
708719 
708530 
708799 192 14 
708502 418 263 925 
708573 
710861 
708532 
708504 
711108 28 
708535 
708518 
708537 415 263 1291 
708552 20 58 23 23 92 226 3420 635 27 
708499 
708662 145 
708496 
708638 3362 
708776 19 
710984 
708598 
708500 
708723 12 1953 142 
708744 34 217 686 1563 
708541 
712417 
711533 
709355 1319 141 740 342 429 580 
708631 
708665 
708534 
708659 
708520 411 263 2346 
708531 
708618 
710826 
708550 1068 1428 
709273 156 495 2894 
708553 124 120 192 14 
708702 
710942 
708554 420 18 
708555 62 392 257 2 154 2 493 2 1215 334 196 163 264 14 23 99 407 177 2 430 107 
708583 
708658 
708538 
708788 
708706 43 
708767 
708570 74 119 23 
708615 48 
708564 28 2683 
708790 
708687 29 67 2437 
708559 23 7 8 25 5 54 13 32 12 5 39 23 182 
708516 412 263 1294 
708640 9 
708565 
708566 27 166 18 244 
708543 410 263 
711910 
708574 22 28 33 34 26 57 36 176 36 1986 189 193 615 387 551 
708575 143 2213 38 201 
708791 
711339 
708558 63 121 
708576 
708673 
708579 7 166 
708581 7 
708551 197 545 156 495 2894 
708698 263 27 234 82 156 495 1051 38 11 27 1767 
708599 700 156 495 1139 209 1546 
708594 
708728 12 14 
708872 
708616 9 
708600 
708634 
708601 717 156 495 2894 
708602 
708772 289 
708701 13 6 12 888 41 61 12 2321 72 40 
708609 450 575 2330 10 10 
708606 
708607 
708761 12 
709295 156 495 2187 397 20 290 
708608 
708610 
708611 979 2479 1025 
708792 
708613 
708614 
712949 5 
708526 
708620 
708519 23 
708635 
708595 
708498 409 263 2346 
708629 32 54 
708696 
708727 12 14 
708523 1611 617 
708633 3521 996 
708511 
708637 921 37 
708775 
708652 23 
709567 
708639 
708522 
708645 3401 
708646 3812 
710856 
708746 227 
709017 
708647 147 229 2011 746 967 
708648 595 12 144 12 483 12 2642 240 12 
708703 3764 
708651 
708636 20 
708669 2623 
708692 
708672 3382 72 40 854 
708678 
710138 
708679 
708556 98 91 
708503 421 263 
708811 
708682 
708684 291 
708568 
708685 
708539 
708686 21 
708690 1031 
708722 12 
708507 
708700 10 4312 
708705 979 1408 
708695 
708628 43 42 18 
708709 2628 
711056 
708712 
708793 
708721 12 
708642 
708724 12 14 294 2996 
711765 971 
708626 
708725 12 14 294 15 
708580 7 124 864 114 1412 224 
708655 12 
708730 
708674 286 90 171 2064 1150 
708747 
708513 
708758 
708765 
708769 2364 
708557 136 36 12 67 161 261 
708760 267 
708549 
708770 2470 1360 
708771 
712150 
708784 
708785 
708787 
708789 
713115 
708883 
708796 
708798 166 261 326 147 1465 
708800 
708802 
708803 
708804 
708806 
710849 
708219 
708304 404 
708204 287 409 263 162 155 343 154 116 125 120 125 122 112 147 665 196 163 400 408 193 441 
708403 409 262 661 285 125 120 125 122 1077 204 402 407 566 
708203 287 409 580 
709486 
708209 1121 2543 400 601 441 
708212 
708315 5 59 11 
708294 106 4589 
708211 
708252 
708261 287 410 582 
708419 409 262 661 120 165 125 120 125 122 883 195 204 402 407 146 420 
708216 
712492 
708322 
708412 409 262 661 285 125 120 125 122 948 130 66 138 25 377 23 384 23 543 66 107 
710240 
708217 700 263 1306 
708205 287 409 263 162 155 343 154 116 125 120 125 122 112 147 665 196 163 400 408 193 441 
712425 15 
708358 3816 12 210 702 
708206 287 409 263 162 155 343 154 116 125 120 125 122 13 9 90 14 8 125 665 196 163 400 408 193 441 
708411 409 262 661 285 125 120 125 122 1078 204 402 407 566 
708223 3665 
708264 
708365 
708210 
708445 409 262 661 285 125 120 125 122 882 196 1579 
708222 
708230 
708232 1122 2540 400 602 
712892 441 
708308 4653 
708260 287 410 582 1088 301 622 23 205 167 388 598 416 
708448 409 262 661 285 125 120 125 122 882 196 1579 
708289 
708346 2758 10 460 813 59 578 47 16 
708343 
708233 
708394 
708215 
710661 141 
708340 1251 
708420 6 403 6 256 6 655 6 114 6 159 6 119 6 114 6 119 6 116 6 877 6 189 6 198 6 396 6 401 6 140 6 414 6 
708236 
708349 4095 
708363 
708385 3614 489 476 33 
708305 
708431 409 262 661 120 1735 204 402 407 146 420 
708463 
708237 
708270 29 
708295 
708327 
708245 3664 
708241 
708291 
708235 
708388 
708240 701 263 1181 122 
708220 288 
708432 27 207 175 27 235 27 634 27 258 27 98 27 93 27 98 27 95 27 855 27 169 27 177 1375 27 
708243 
708446 409 262 661 285 125 120 125 122 882 196 1579 
708434 409 262 661 285 125 120 125 122 882 196 1579 
708214 
708319 4791 
711718 6 5 960 6 5 
708218 
708438 409 262 661 285 125 120 125 122 882 196 1579 
708247 
708225 2370 
708250 
708374 
708251 
708254 1885 
708255 
708280 
708286 
708311 24 2360 142 422 
708256 2512 105 1055 
708228 
708259 287 410 582 1386 645 205 167 388 598 416 
708339 
711070 142 69 16 48 39 
708248 
708345 2758 
708404 23 386 23 239 23 638 23 120 142 23 102 23 97 23 102 23 99 23 862 21 171 24 180 24 378 24 383 24 146 180 216 24 
708416 409 262 661 120 165 125 120 125 122 161 142 580 195 204 184 88 18 112 407 146 222 4 82 112 
708258 287 402 8 255 8 169 128 22 589 797 645 200 5 167 388 411 5 182 
708262 68 
708263 68 478 264 1931 385 
712322 
708413 409 262 661 285 125 120 125 122 1078 204 402 407 566 
708265 
708227 
708369 
708268 65 
708271 29 
708229 
708273 8 16 10 353 
711422 
708253 4662 
708274 2 8 
708282 473 965 
708275 
708396 5 2726 24 52 52 12 39 4 34 9 11 716 271 3 20 39 523 24 18 45 83 18 6 22 4 
708278 
708395 3112 196 163 322 78 138 269 452 157 107 
708290 
708226 
708279 
708398 
708283 33 2641 130 699 967 315 
708239 
708318 3628 
708927 263 
708298 
708292 
708293 268 143 
708231 
708296 
708301 74 2701 9 1088 
708468 409 262 661 285 125 120 125 122 882 196 1579 
708306 
708309 67 
708288 
708324 359 118 218 
708313 
708353 
708397 4635 
708424 409 262 661 120 165 125 120 125 122 883 195 204 402 407 146 420 
708418 409 262 661 120 165 125 120 125 122 883 195 204 402 407 146 420 
708314 
708317 286 704 156 99 396 2205 689 
708249 
708371 4748 
708246 1601 154 
708321 3740 968 
708323 
708267 65 237 74 119 
708473 409 262 661 285 125 120 125 122 882 196 1579 
708482 409 262 661 
708384 4042 61 69 407 33 
708361 6 
708354 
708328 
708329 
708207 287 409 263 162 155 1105 112 
708414 409 262 661 120 165 125 120 125 122 883 195 204 402 407 146 420 
708303 
708357 
708213 
708334 
708336 45 891 156 495 1381 1513 
708337 
710666 141 
708310 31 36 
708338 
708415 409 262 661 120 165 125 120 125 122 883 195 204 402 407 146 420 
708347 19 
708272 
708386 6 2637 42 58 70 7 11 26 9 69 35 606 104 22 68 301 568 106 
708326 2823 98 39 
708287 345 148 3359 422 
708344 2758 205 806 42 231 561 92 34 
708302 
708352 12 
708355 
708380 926 156 495 1198 147 1549 
708312 2739 321 605 10 528 9 12 5 
708409 409 262 222 156 283 212 73 125 120 125 122 886 192 204 402 407 238 328 
708359 
708350 12 
708368 3967 58 
708257 287 410 263 169 150 
708266 
708208 287 409 263 162 155 
708224 1605 154 
708370 2 
708373 
708356 1297 29 1408 
708382 2860 93 730 13 28 23 7 24 
708383 
708325 64 
708221 
708387 312 
708391 
708407 409 262 661 285 125 120 125 122 886 192 204 402 407 566 
708393 
708244 
708399 380 
708351 
708402 
708405 409 262 661 285 125 120 125 122 
708406 73 336 73 189 73 117 156 315 73 107 105 125 120 125 122 886 192 204 402 407 206 360 
708238 
708408 409 262 661 285 125 120 125 122 886 192 204 168 234 407 566 
711948 
708410 409 262 661 285 125 120 125 122 1078 204 402 407 566 
708417 409 262 661 120 165 125 120 125 122 883 195 204 402 407 146 420 
708348 12 
708421 7 402 7 255 7 654 7 113 7 158 7 118 7 113 7 118 7 115 7 876 7 188 7 197 7 395 7 400 7 139 7 413 7 
708422 409 262 661 120 165 125 120 125 122 883 195 204 402 407 146 420 
708423 409 262 661 120 165 125 120 125 122 883 195 204 402 407 146 420 
708234 
708425 409 262 661 120 165 125 120 125 122 883 195 204 164 9 229 407 146 420 
708429 409 262 661 120 165 125 120 125 122 1078 204 402 407 146 420 
709253 25 9 122 25 9 461 25 9 1411 765 70 614 25 9 218 
708430 409 262 661 120 165 125 120 125 122 1078 204 402 407 146 420 
708277 8 
708462 409 262 661 285 125 120 125 122 882 196 1579 
708433 409 262 661 285 125 120 125 122 882 196 1579 
708342 36 2739 
708269 696 83 178 
708435 409 262 661 285 125 120 125 122 882 196 1579 
710912 
708436 409 262 661 285 125 120 125 122 882 196 1579 
708437 409 262 661 285 125 120 125 122 882 196 1579 
708439 409 262 661 285 125 120 125 122 882 196 1579 
708440 409 262 661 285 125 120 125 122 882 41 155 41 163 400 407 568 41 107 
711475 196 163 400 407 609 107 
708441 8 401 8 254 8 653 8 277 8 117 8 112 8 117 8 114 8 874 8 31 157 8 31 163 400 407 570 8 31 107 
708442 8 401 8 254 8 653 8 277 8 117 8 112 8 117 8 114 8 874 8 40 148 8 40 163 400 175 232 561 8 40 107 
708443 8 401 8 254 8 653 8 277 8 117 8 112 8 117 8 114 8 874 8 188 8 1571 8 
708444 409 262 661 285 125 120 125 122 882 196 1579 
711824 129 
708475 409 262 571 90 1220 204 29 36 99 686 392 24 
708447 409 262 661 285 125 120 125 122 133 142 607 196 1579 
708452 409 262 661 285 125 120 125 122 882 196 1579 
710345 
708453 7 5 5 392 7 5 5 245 7 5 5 644 7 5 5 268 7 5 5 108 7 5 5 103 7 5 5 108 7 5 5 105 7 5 5 865 7 5 5 9 13 16 5 136 7 5 5 9 13 16 5 129 13 16 5 366 13 16 5 330 43 13 16 5 549 7 5 5 9 13 16 5 73 13 16 5 
708454 409 262 661 285 125 120 125 122 882 196 1579 
708455 409 262 661 285 125 120 125 122 882 59 137 59 163 400 407 550 59 107 
708456 409 262 661 285 125 120 125 122 882 196 1579 
708990 14 
708457 409 262 661 285 125 120 125 122 882 196 1579 
708485 409 262 661 
708458 409 262 661 285 125 120 125 122 882 196 1579 
708461 5 5 399 5 5 252 5 5 651 5 5 275 5 5 115 5 5 110 5 5 115 5 5 112 5 5 872 5 5 22 3 3 3 3 4 148 5 5 22 3 3 3 3 4 147 3 3 3 3 4 384 3 3 3 3 4 391 3 3 3 3 4 561 5 5 22 3 3 3 3 4 91 3 3 3 3 4 
709694 
708464 409 262 661 285 125 120 125 122 882 196 1579 
708467 409 262 661 285 125 120 125 122 882 196 1579 
708469 409 262 661 285 125 120 125 122 882 196 1579 
708472 409 262 661 285 125 120 125 122 882 196 1579 
708474 
708476 8 401 8 254 8 653 8 1142 43 36 363 192 204 218 184 407 557 9 
708477 409 262 132 6 150 6 367 122 6 2888 6 
708478 409 262 116 17 139 17 372 106 17 2877 17 
708480 409 262 661 
708481 409 262 661 2330 
708483 409 262 661 
708242 
708486 409 107 155 661 2238 116 11 212 762 
708487 409 262 661 
708488 409 262 661 3142 
708489 409 262 661 
===Document Endings===
[acenewsservices.wordpress.com/2018/02/24/washington-us-navy-hospital-ship-usns-mercy-heads-to-the-pacific-on-friday-carrying-800-military-and-civilian-personnel-from-us-canada-uk-australia-france-peru-and-japan-planning-to-stop-over/, 708490, 287]
[acenewsservices.wordpress.com/2018/02/24/kabul-afghanistan-just-in-taliban-militants-killed-at-least-18-soldiers-in-a-pre-dawn-assault-on-a-military-base-in-afghanistans-western-farah-province-the-ministry-of-defense-said-in-the-dea/, 708899, 409]
[acenewsservices.wordpress.com/2018/02/24/mogadishu-somalia-just-in-the-death-toll-from-twin-car-bomb-blasts-in-the-somali-capital-late-on-friday-has-risen-to-at-least-45-from-the-initially-reported-18-a-senior-government-official-said/, 709161, 262]
[brittius.wordpress.com/2018/02/24/mogadishu-somalia-just-in-the-death-toll-from-twin-car-bomb-blasts-in-the-somali-capital-late-on-friday-has-risen-to-at-least-45-from-the-initially-reported-18-a-senior-government-official-said/, 709323, 162]
[brittius.wordpress.com/2018/02/24/washington-trump-administration-hits-north-korea-with-even-more-sanctions-aiming-at-preventing-their-biggest-export-of-oil-by-targeting-50-vessels-one-person-27-companies-28-vessels-with-spe/, 709479, 156]
[acenewsservices.wordpress.com/2018/02/24/san-francisco-calif-doj-fbi-report-former-ceo-of-sunnyvale-based-tech-company-pleads-guilty-to-inside-r-trading-in-his-companys-securities-defendant-traded-before-negative-earnings/, 709822, 343]
[brittius.wordpress.com/2018/03/22/breaking144-uk-british-police-say-a-suspicious-package-was-found-near-the-offices-of-cambridge-analytica-in-central-london-building-evacuated-acebreakingnews/, 709974, 152]
[acebreakingnews.wordpress.com/2018/03/22/breaking144-uk-british-police-say-a-suspicious-package-was-found-near-the-offices-of-cambridge-analytica-in-central-london-building-evacuated-acebreakingnews/, 710092, 118]
[acebreakingnews.wordpress.com/2018/03/22/breaking144-somalia-radio-daslan-dalsanfm-reported-somali-police-sources-say-at-least-5-people-killed-in-mogadishu-blast-ambulance-sources-put-the-number-higher-acebreakingnews/, 710217, 125]
[acebreakingnews.wordpress.com/2018/03/22/breaking144-rwanda-travel-advisory-some-areas-have-increased-risk-reconsider-travel-to-the-rwanda-democratic-republic-of-congo-drc-border-due-to-armed-conflict-acebreakingnews/, 710337, 120]
[acebreakingnews.wordpress.com/2018/03/23/breaking144-some-of-the-alleged-historical-sexual-offense-charges-against-vatican-treasurer-george-pell-will-be-dropped-because-one-of-his-accusers-is-unfit-to-give-evidence-an-australian-court-he/, 710462, 125]
[acebreakingnews.wordpress.com/2018/03/23/breaking144-zambias-main-opposition-party-filed-a-motion-on-thursday-seeking-the-impeachment-of-president-edgar-lungu-accusing-him-of-constitutional-breaches-the-presidency-said-on-friday-ac/, 710584, 122]
[gunnyg.wordpress.com/2018/02/23/us-gun-control-advocates-exaggerate-benefits-of-australias-gun-restrictions-2-23-2018-15355-pm-%c2%b7-by-rogerantone1-fox-news-february-23-2018-john-r-lott-jr/, 710696, 112]
[gunnyg.wordpress.com/2018/02/23/mass-murder-copycat-effect-the-media-has-blood-on-its-hands-in-florida-2-23-2018-14913-pm-%c2%b7-by-marktwain-ammoland-20-february-2018-dean-weingarten-another-mass-killing-has-taken-place/, 710838, 142]
[acefinance.wordpress.com/2018/03/14/tehran-iran-irans-media-say-the-countrys-national-airline-iran-air-has-signed-an-agreement-with-unnamed-chinese-company-to-provide-funding-for-the-company/, 711508, 670]
[acefinance.wordpress.com/2018/03/22/boston-mass-just-in-the-top-agricultural-food-export-crop-in-bay-state-could-face-a-new-business-hurdle-for-international-customers-as-trumps-administration-looks-to-apply-tariffs-to-eu-exports/, 711704, 196]
[acefinance.wordpress.com/2018/03/09/markets-us-dow-unofficially-closes-up-437-47-points-or-1-76-percent-sp-500-up-1-72-percent-and-nasdaq-up-1-76-percent-first-record-close-within-6-weeks-and-a-strong-jobs-report-and-lower-wage/, 711867, 163]
[acefinance.wordpress.com/2018/03/09/washington-oped-president-trump-announced-thursday-that-he-is-imposing-tariffs-of-25-on-steel-imports-and-10-on-aluminum-imports-with-exemptions-for-canada-and-mexico-the-president-acted-because-s/, 712267, 400]
[acefinance.wordpress.com/2018/03/09/washington-thursday-u-s-secretary-of-commerce-wilbur-ross-announced-the-affirmative-preliminary-determination-in-the-countervailing-duty-cvd-investigation-of-imports-of-forged-steel-fittings-fro/, 712674, 407]
[brittius.wordpress.com/2018/03/09/markets-us-dow-unofficially-closes-up-437-47-points-or-1-76-percent-sp-500-up-1-72-percent-and-nasdaq-up-1-76-percent-first-record-close-within-6-weeks-and-a-strong-jobs-report-and-lower-wage/, 712868, 194]
[acefinance.wordpress.com/2018/03/22/washington-farmers-electronics-retailers-and-other-u-s-businesses-are-bracing-for-a-backlash-a-s-donald-trump-targets-china-for-stealing-american-technology-or-pressuring-u-s-companies/, 713283, 415]
[acefinance.wordpress.com/2018/03/22/washington-farmers-electronics-retailers-and-other-u-s-businesses-are-bracing-for-a-backlash-a-s-donald-trump-targets-china-for-stealing-american-technology-or-pressuring-u-s-companies/image15-31/#main, 713390, 107]
