===STATS===
unique words: 5141
number words: 20438
number docs: 32
===========
19898 
19425 
19409 
19747 
19416 
19700 
19712 
19720 
19401 
19448 
19534 
19443 
19449 
19442 
19454 
19825 17 
19424 
19607 
19845 
19816 16 20 
19738 
19666 12 
19824 17 
19675 
19688 
19692 
19697 98 43 
19743 
19774 
19820 
19042 384 
19139 
19045 
19038 
19050 
19064 
19070 
19025 
19161 
19061 
19040 
19289 
19149 
19184 
19218 
19229 
19257 
19029 379 
18239 571 51 
18586 
18214 245 491 28 
18588 
18196 
18241 666 
18232 74 185 272 33 191 29 
18895 
18830 
18263 30 42 55 289 48 52 68 
18278 353 
18230 
18284 134 150 
18267 
18460 
18333 
18576 
18204 
18328 
18388 
18511 
18253 
18539 242 
18189 
18404 481 16 50 22 6 
18216 
18676 
18806 
18233 76 15 45 9 7 34 8 143 58 27 16 36 1 4 8 37 156 18 9 20 
18510 
18559 1242 27 
18560 
18573 
18831 
18857 
18203 
18623 
18318 104 283 
19024 
18273 333 18 
18693 
18502 
18308 
18743 
18430 
18758 
18202 
18775 
18776 
18206 
18832 
19022 
18866 
18217 132 183 209 540 1 512 
18889 
18990 
18896 
18933 
17801 2260 
17921 2260 
18031 31 56 1613 2 558 31 56 
17643 2260 
17774 2260 
18032 2260 
17616 2260 
17633 1420 840 
17608 2260 
17609 1796 464 
17601 2260 
17896 2260 
19352 
17924 2260 
18070 67 2193 67 
17629 2260 
17615 2260 
17617 2260 
17619 2260 
17625 1798 462 
17805 860 239 1161 
17780 173 2087 173 
18159 2260 
17951 366 14 22 67 19 12 10 11 26 9 252 29 1423 
17697 2260 
17897 1177 301 319 463 
17686 2260 
17940 2260 
18094 1025 1235 
17929 2260 
17855 54 24 74 104 1570 434 54 24 74 104 
18014 2260 
17891 2260 
19812 
17893 2260 
17922 2260 
17937 1614 271 8 367 
17941 2260 
18036 2260 
19407 
18105 2260 
18120 2260 
16497 
15461 
18694 
15679 67 143 512 12 6 15 24 
15497 
15463 
15486 
15472 
15562 
15471 
15459 
15492 
15751 
15473 
15740 
15802 
15916 
15622 
15462 
15480 
15984 
15970 
15524 627 
16149 
15786 304 23 16 18 35 
15821 11 
16317 
15529 914 
15533 
15866 491 8 
15643 67 108 131 481 
19399 
15464 
15893 
17647 2260 
15836 
15609 
15572 
15573 
16041 
15656 
16016 
15582 
15592 22 35 37 367 11 151 
15996 
15594 
15485 
16444 
15597 
15612 
15613 
16284 
18912 26 21 
15639 
15744 
16071 
15648 
16454 
15465 
15474 
15659 305 
15946 
16204 
15460 
15498 
16159 
16271 
15626 87 573 125 28 
15813 
15577 2748 396 
15688 
15694 
16116 
15697 
15708 
15711 
15702 
15724 
16030 
16361 
16009 
15495 
15745 
15748 
18585 
15753 
16244 
15757 
16295 
15766 
15578 
15565 
15781 
15787 48 
16127 
15719 
15846 
15792 
16294 
15988 
15834 
15475 
15843 
15867 
16229 
15902 27 
15935 
15938 
15678 132 580 
15978 
17646 2260 
16290 
16161 
16005 
16031 
16040 
16075 
16102 2135 1033 
16120 
16158 
16160 
16162 
16163 
16293 
16315 
16203 
16205 
16242 
16243 
18205 
16257 
15635 
16258 
16328 
16263 
16298 
16354 
19856 
16325 
16327 
16384 
16385 
16403 
16299 
16427 
15083 
15106 
15080 2522 1429 379 452 
15081 
15257 2826 2260 
15098 
19003 
15092 3949 379 
15077 3951 374 
17600 2260 
15118 
15095 2523 1426 384 450 
15086 4318 
15115 2527 1423 385 452 
15109 3090 
15121 
15114 
15116 
15119 
17604 2260 
15265 2534 1827 433 
15134 
15136 
15162 
15274 
15319 22 3873 
15172 4477 
15100 
15195 9 77 29 2350 31 65 106 63 241 1146 230 378 31 65 106 63 241 
15079 
15205 4376 
15209 
15400 
15763 
15217 
15241 
15258 2826 1718 27 515 
15097 
15373 4100 
15078 
15269 
15271 2382 1627 249 112 272 
15089 
15330 2709 1346 914 
15840 
15333 
15335 
15367 52 2408 169 1470 621 169 
15391 2459 15 1250 376 619 15 
15398 3759 32 49 110 256 
15440 
15445 
15448 
15456 
14838 
14094 
13618 
13969 
13727 
13444 
14056 
14995 
13922 
13815 
14229 
13733 
14641 
14068 
13462 
13689 
15065 
13458 
14955 
13519 
14027 
15264 18 2516 330 12 4 1481 433 330 12 4 
13621 
13496 
13489 
14531 
13561 
14221 38 242 
14033 
14130 
13917 51 21 7 38 1 887 
13453 
13639 2801 
13498 
13445 
13482 4579 1615 131 514 
13643 1046 
13595 
13676 
14614 
13463 
14406 
13954 
13629 
13632 
13522 
13454 
14680 
15754 
13523 924 
13679 2407 
14333 
13680 1605 
13803 
14162 
14487 
14580 
14366 
14064 259 
14553 4356 21 
13721 
13762 
13782 
13729 
13824 
13823 
14738 
13512 
14041 
13562 
14307 657 
13581 477 
13786 
14415 
14427 
13874 
13830 
13600 
13919 
13476 2 
13658 1019 
15858 373 
13518 
13865 
13526 
13921 
14956 
13896 501 117 416 
14488 
15069 
14013 
14061 
14055 
14071 
14074 
14295 360 77 
14938 16 
14830 
14170 132 306 
13743 
14175 678 
14198 
14203 
14211 
14879 870 
13695 
14063 
14232 
15791 
13594 
14468 
14253 
14254 
14256 
14188 
14263 
19495 
14264 
14301 
14274 
14414 
14306 
13475 
14327 
14328 
14578 
14345 
14354 4 661 
14369 
14379 
14385 
14257 
14092 
14413 
14561 
14430 
14442 
13472 
14159 
14114 
14320 3591 37 2223 37 
14523 
14570 
14574 
17606 1794 466 
14579 
13804 
13976 12 52 
13723 
14631 
13486 
14576 
14636 432 
14656 88 44 
14800 
14212 
14745 
14754 
14791 
14797 
14862 
14947 846 
14844 
14946 
15009 
15025 
15070 
13377 
12577 
12699 
12611 
15001 
12589 
15789 
12594 
12590 
12576 
12862 
13275 
12599 1 
13158 
13428 
19066 
12704 
12617 
13196 
13279 12 40 37 
12641 
13343 
12614 
12613 
15956 
12647 
12651 
12605 
12579 
12573 
12575 
13047 2523 
12610 
12618 
12841 
12598 
13203 
12711 591 3064 
12696 32 
12702 
12658 
12581 
12756 
12765 
12640 
12725 
13372 19 
12580 
12636 
13265 5 1461 134 
12865 76 
12574 
12604 
13189 
12794 
12799 
12698 
12975 
12835 
12815 4910 2260 
12972 2035 
12824 78 52 206 227 
17772 2260 
12593 
15273 
13943 
12644 
13058 2738 
12942 32 
12857 
17607 2260 
12866 77 
12885 
14612 
12649 
12570 
12894 20 207 
13662 
12896 
13083 
12959 
12982 
12979 121 
19633 
18572 
12595 
18255 743 
13149 2862 2905 171 90 
14742 
13012 
13483 863 138 506 66 
13016 
12990 
19188 
13046 
13437 
13068 
12707 
13088 
13217 
13274 
13298 
13120 
13137 
13146 
13148 5273 
13157 5381 
13243 
13199 1273 462 
15105 
13211 
13215 
13403 
13455 2 
13259 
13417 2260 
13281 
15693 
13283 977 237 11 
13290 
13303 
13525 1118 
13308 
13361 589 1091 1133 3029 
13400 2575 
13408 
13905 
13422 
13430 
13431 
13432 
14132 
11702 
12145 
11774 
12325 
11763 
12288 
12462 3566 
12120 
18508 72 88 161 
11816 
18343 142 
17695 2260 
11729 
12330 
11736 
11718 
11701 
11857 
11745 
11746 
11754 
12215 18 
11824 109 537 2841 
11876 4 2990 
11790 
13263 
11762 
11903 106 39 116 295 47 34 25 
11898 
12314 30 
15530 57 15 29 348 11 49 40 325 11 18 23 
11755 6347 2260 
12252 3009 2534 326 1501 433 326 
11731 
11739 5906 2260 
12274 
12324 
11802 
11744 
12049 6623 
15045 
12230 
11818 
12221 
11864 
11764 3491 
12289 7317 
12363 
11854 
11950 41 10 21 6 33 26 
11937 
11747 
11740 
11888 1126 
11896 375 
11773 256 
11907 49 257 
15690 
11761 
11913 
11935 
11728 
11926 
11838 20 
12250 
11946 
12301 
11912 
11965 
11782 146 114 72 45 28 
12251 
11971 
17942 2260 
11974 
18184 
12367 
12276 
12300 
12165 
19760 
12260 1033 5075 
12013 33 
11766 26 15 
12015 
16297 
12036 191 182 22 
12041 383 6763 
12214 
12060 2786 759 14 695 
12309 
15392 2474 1250 376 634 
12047 7226 11 
12110 
12132 
12133 
15352 
12157 2502 
12298 
12160 
12177 362 
11706 
12186 
12190 89 78 34 7372 
12206 
19507 
12208 
12219 
12447 
11786 
12240 
12264 
12277 85 2780 2626 2260 
12284 
12392 5595 2260 
12296 2076 
12303 
12310 
12384 
12387 294 
12421 1901 
12460 
12479 
12562 
12507 
12513 
12550 
12566 
12567 
11372 
11406 4571 326 147 
11280 16 3 42 
10909 4561 
16021 
11072 
10912 
11371 
10972 
11336 2168 127 497 
11229 
10971 669 
11051 
10911 
15997 
10944 
12995 
11225 
11167 407 
10919 
11153 
18642 
10973 7503 
11171 
11124 
10926 
10966 
11592 
10967 
10975 
19433 
10914 
11144 329 2059 534 873 3648 
11562 
11011 
15500 
11005 
11222 6541 2260 
15831 
13416 2379 
10999 78 108 52 74 11 91 25 101 
11484 1521 
11092 
10915 
13537 
11452 2921 181 1225 
11623 
11333 21 66 
11022 
11625 
11665 
13796 
11194 
11314 
11032 
11482 6598 1682 578 
11242 
19586 
18289 533 56 
11036 4207 53 2374 411 1013 276 560 411 
11047 
11054 1510 
11255 
10992 
11068 4765 361 3471 
11388 1425 164 
13577 1316 
11283 2358 2235 2853 
11084 
11188 
11465 
11004 4063 
19609 116 
10917 
11116 
10986 32 
11118 
10930 
11060 
10976 4 3444 
13280 
11247 
11125 
10940 
15477 
14262 730 584 
10997 
15551 101 15 59 24 102 13 34 77 9 53 224 12 64 8 103 
14205 
11134 
11135 
11329 
11148 16 
11149 
14054 
11152 
11272 
11611 
10983 
11159 
13451 
11168 
10918 
11170 82 1957 1648 
10943 
11174 
11489 
11177 
16292 
11190 1656 
11158 369 794 
11209 
11277 47 3897 2931 2260 
11548 
18523 
15689 
11377 779 
11663 
11897 442 19 
10987 2219 
10942 
11008 121 122 331 18 41 
11224 2644 544 
11368 17 
11240 
11402 
11262 
11856 
11350 4357 3938 
11155 
11275 
11557 
11295 
10921 
11316 550 97 177 30 310 
11226 
11331 
11338 
11362 
11192 
12864 83 152 52 
12867 72 
11403 
11427 
11441 
11443 
14180 
11446 
11447 1222 333 972 2249 36 
11448 
11449 
11454 44 
11456 1971 2699 
11457 6872 
11459 
11460 
11477 
11505 108 
11529 
18709 
11658 
11530 
19523 
11549 
15736 
11550 
11552 
11553 115 610 
11560 
11569 
11573 
12908 
11585 
15347 3835 
11610 
11686 1031 606 3 4 15 5309 
10447 
10256 
15624 
12603 
10594 5367 
10278 
10257 
10663 3 
10323 8 67 13 
14755 241 296 2365 10 91 42 6 153 195 931 20 69 132 23 38 137 11 121 12 66 38 46 119 10 91 42 6 153 195 
11704 
10567 
10267 
10258 
10785 115 
10389 
10281 
10275 
19500 
10631 3828 
12337 
10270 
10322 88 
19406 
10330 
10542 
10417 
10282 
15839 
10244 
12592 
10763 
10320 
10606 
10283 
10844 2789 37 429 
14169 438 
10269 
19027 
10446 
12270 
10254 
12845 
10339 
14448 
10279 
10375 
10384 1920 
10385 
10414 
18183 
10906 1278 4150 2237 
10708 
10460 
10829 
10466 
10859 
10432 
11795 
10280 8780 
10669 
10562 
10564 21 28 
11637 
10568 
10570 6 
17779 2260 
10773 40 
10612 
10641 
10658 4993 
15907 
10678 
10905 
11604 
10724 
19545 15 9 280 
10850 
15488 
10764 1788 358 5321 
11293 
10848 
10765 77 
12385 
10771 5373 
10796 462 1556 
10797 5583 
13092 4 
10807 
10826 
10830 
10834 
10843 
10849 
10898 
13441 
12616 
10234 
10229 
18185 
13528 
9480 
9597 198 44 12 31 13 19 
9460 
9471 
9602 198 12 45 12 30 20 
9501 
9456 
9467 
10020 
9469 
9497 
9470 
9848 298 8334 
9485 
9676 54 347 39 72 15 
9482 
10112 25 6257 1277 1700 560 
14985 
9551 591 1646 7144 10 
11717 
9542 
9978 
19150 
9490 
12346 
9474 
9498 
15561 
9525 
18954 
9822 
11595 
9493 
9494 
9454 
14714 
9459 
9601 198 12 45 12 30 20 
9671 
13003 
9612 4180 1083 45 
9477 
9492 
10127 5462 
9531 2630 1503 77 22 
9495 
9453 
15375 56 2245 32 127 129 10 10 14 1477 88 373 32 127 129 10 10 14 
9675 6625 
9484 
9585 19 180 45 
9738 
9608 
15675 
9611 77 254 31 
9615 8115 2260 
15538 
9458 
9538 23 118 286 54 60 400 14 5 
15479 
9646 
10140 
9651 
9654 
9717 3512 
9744 
9746 
15891 
14109 
9747 
15481 
9777 
15917 3746 
9778 169 
9974 
9801 6107 
9802 
9806 
9841 
9855 510 
9859 
9861 
9984 
9991 21 
9995 
9999 
10002 181 
10024 91 
10040 
10072 8285 
10111 5787 
13587 
10120 
10163 2279 44 
10176 
10205 5687 3664 
10222 
9022 
9057 
9177 10 126 
9054 
9192 1763 4556 
9101 38 89 79 27 100 3 
15120 
9038 
9042 
14195 589 
9047 
9052 
9306 
9145 216 
9297 39 
12441 
9243 37 2297 
10536 1257 201 677 53 1769 1110 616 2668 320 172 176 
9310 4593 
9043 
9024 
9160 28 14 22 1281 
9079 5994 1182 
9053 
9141 86 
9073 
9036 
18956 
18035 1303 957 
9102 137 197 
829 
9059 
13461 
9295 5057 
4039 4001 9368 
9371 4747 301 
16000 
9044 
9032 
9300 
9299 
7108 2154 5873 
8993 
9023 3559 
9134 137 
690 3627 2757 11060 15 2245 15 
981 144 5969 
4222 481 954 4141 264 24 280 5516 1709 1415 
9329 
9331 3472 5717 
2344 3337 2564 992 635 3041 977 199 1821 2266 85 2175 
9332 3177 2152 1352 
161 94 4081 4490 
8609 
8815 28 578 
8593 
14552 
822 903 4146 12449 18 93 13 20 23 39 
8624 
8634 
8633 1654 651 
8640 
8594 
816 776 25 1578 14 188 202 1375 2542 134 33 703 757 6 97 562 1498 1055 396 267 1604 776 1159 15 188 202 1098 63 940 1257 63 
8659 197 
8976 
8710 180 84 2338 555 
8613 
1360 2491 13369 
8747 2115 6974 2260 
10958 4556 
9427 1659 
12531 
10145 
1840 
8997 308 40 1016 193 
8639 
521 707 11273 3621 
8880 
6615 
8699 891 193 1317 594 7289 
8864 7550 2852 
9086 
454 1572 278 328 3380 6790 6458 
8621 
8761 
3015 
8768 3345 45 
2808 47 5543 10547 
8771 
2537 420 2448 
8775 41 16 13 41 27 
2244 285 1459 89 4443 2349 5 886 52 957 598 577 485 558 876 1494 89 1068 1332 
8608 
12588 
8720 
904 
8812 1238 6227 63 
5331 
6147 
8681 168 
8835 
14457 
5773 1926 5046 445 49 
8848 1144 
13465 
1028 402 2496 565 802 3103 1490 7409 
8865 
8631 
7412 
8881 
12645 
9233 43 86 27 5147 
9404 
4292 
8884 
1506 5419 1047 6590 
8896 
8979 
8999 
13177 
957 814 4388 6174 40 
5949 
9016 3156 
15113 
7428 
7480 42 131 720 
11631 
7530 19 29 20 17 769 4359 425 
7588 5787 45 
18191 
3577 13369 
3230 654 12715 654 
8539 
8242 
8161 2717 
1108 
8344 
2586 
8529 
7433 
6144 12112 
7518 
6044 2571 
8850 1902 1561 592 
4672 8 19 
4772 4 13989 37 
8544 
16288 
5031 
8172 6882 
2673 
7979 
7457 
7453 
15499 
8106 883 729 804 
7463 
7504 
19441 
2565 
8476 10405 
7472 1621 2503 1657 1103 3604 1244 1016 
3812 4311 9058 
7614 
18934 
4826 2530 6892 
7464 
401 
7602 189 4840 104 245 225 
747 4225 14631 
7489 
7635 
8814 28 
7442 
14349 
360 
7929 2948 2236 1381 
14563 
7501 704 4757 
8622 
19777 
2514 
898 
5380 407 
7468 
14637 
1471 
8036 
217 806 1608 1598 448 838 2106 888 4662 24 170 149 4084 
622 
7823 
7696 62 11 56 16 17 15 9 13 29 9 19 19 30 346 10 19 33 39 37 2 11327 17 20 
7527 
18050 7 16 1600 10 627 7 16 
11720 
8383 
8468 
10734 36 
3352 5 266 108 12990 5 266 108 
7529 112 
7431 
1995 
2785 2478 1339 192 5468 1291 376 2352 1668 2260 
7606 
7519 10732 28 317 31 50 18 104 
11579 
7563 
19767 
8055 
7779 
9786 
562 2197 1853 8709 2779 
4365 11024 2459 1265 376 619 
7918 
7940 632 
13709 
9136 146 459 403 
7658 3409 2683 
8154 
7834 
946 14200 2627 280 1616 17 347 280 
7619 
14402 1589 
7622 4053 663 3792 
8222 4741 
11794 
11220 
2696 
280 277 4626 320 610 20 1154 659 423 123 7644 
7636 
3097 13368 
7485 492 
11715 
8450 
8531 19 4783 
2501 
7671 
7694 950 1053 609 115 60 153 115 86 1127 
18426 300 213 
10685 30 
7697 10643 89 14 98 209 
7770 1330 42 6 1433 5 28 5 24 1991 2576 99 2446 200 897 767 396 200 
7721 
7854 4805 352 2995 3747 
2923 19 
7545 1118 2043 27 90 
7784 
14537 
2216 51 174 148 804 1230 6 24 270 4604 647 3383 234 18 41 484 191 1553 684 
7752 9920 2260 
7767 183 5106 
7778 
14332 
7782 788 
7531 12173 
7466 
7912 3115 
7797 
15496 
5668 541 145 785 745 5134 469 37 82 685 745 890 281 
7603 792 5514 175 
3409 7587 2340 830 2612 
7802 
699 2 3 3 3 3 3 3 
8503 5068 182 4519 335 18 
8382 
7818 
11629 
8052 241 1317 99 232 
7941 
9623 812 5985 
7430 
15811 
734 
7452 1168 
16179 
12536 6152 
6058 
6960 13 181 8 17 
7860 
8227 
18254 26 353 
2058 9864 
7435 
15723 
9058 
7869 
5715 
7888 4328 3088 2444 1571 689 
7538 488 7 302 
8187 
15790 
7867 5873 
7926 451 6855 3845 
7930 830 
7942 
8155 28 28 
9077 
11096 
7999 
8014 
7398 
3877 13369 
8022 
13731 
321 458 409 183 22 137 5002 1390 1460 3419 3011 
8039 
19063 
8054 8333 9 
15742 23 3981 
6549 
8072 
8077 
965 125 5 4 10724 23 65 20 42 62 24 9 54 100 172 17 24 10 10 8 14 
8540 
8095 
8308 
1091 8601 
7537 495 
8107 
8111 
7781 
15466 
8372 9344 251 1115 54 429 411 251 
8578 
8168 
8469 
2475 13148 
8174 10427 
15782 
6424 4 14 2222 39 
8184 
8231 31 1419 
8929 
12299 6004 107 732 85 16 
11031 
7065 
8240 
8248 
14496 
11151 
9219 
8264 3076 7191 
4829 1980 
8318 
8432 
5494 
8463 
8408 
8412 
13546 
8455 
15604 
8472 2014 
8474 
8484 3152 
8500 
11714 5907 1796 464 
6791 
15096 
6563 
6634 
826 17028 59 219 1982 59 219 
9351 
11741 
7312 6748 
6582 
6112 753 1091 52 280 493 116 1065 502 
6590 
6594 
19078 
5643 7558 2739 2820 
6571 
3435 3913 1066 5022 3368 1239 2260 
6626 216 
6604 1954 9796 
8160 
10899 
6411 
6557 
2874 
6765 2659 
8811 
6592 
6811 
6835 152 322 535 6990 
2033 
6638 162 
6585 
6581 
8278 664 
6847 
10775 5052 
6822 
11712 
6606 16 168 49 44 41 377 10 
7269 
6652 
6621 168 49 462 
10276 
7192 
2370 4265 183 8 169 4155 959 7609 
5275 77 
6629 
3680 28 5 61 1328 654 11293 28 5 61 
6666 624 6866 
15199 2732 2260 
6757 41 1117 3346 3567 3041 2260 
7244 
6691 8035 3892 272 
45 1235 7 7 1459 339 1190 742 1052 471 1802 9728 2260 
6889 59 2501 3457 736 
5828 
3377 328 2538 156 1591 27 20 66 43 209 208 195 27 159 4 169 224 5050 2355 328 
8274 
93 480 254 292 2726 566 300 26 80 4392 616 15 25 105 96 984 728 2809 322 473 794 1038 692 8 194 1012 362 684 8 194 
6254 428 
6583 3685 
6886 
1543 7 32 8 23 5935 10822 127 189 
7043 
6680 4192 
3873 10147 3222 
7129 8812 
2926 
3460 8799 4570 1416 
7229 1342 6505 
6742 211 22 8 77 64 82 
6562 
9213 
9524 
6768 
6741 
6820 
2726 
6802 
10242 
6591 
6833 
6844 40 491 28 23 
13456 
6848 7093 2122 2242 
6654 
7063 
3946 586 9 3086 903 1343 1747 1720 26 3949 1578 
6872 
853 6795 
8070 
15476 
1913 352 346 
6891 
6700 
6775 
4250 
6027 
9333 
16379 
3110 13368 
6990 5849 
14918 
10913 
6908 4351 
6552 
11215 
7151 6657 5161 46 
6917 1585 5068 1400 
4255 
6920 
6786 3373 
6934 
2474 
7329 
5808 3110 3525 213 1120 4669 98 
6970 
17630 2260 
15277 2489 1770 103 387 
7081 
7706 
3834 28 71 81 9732 3457 28 71 81 
6989 4168 2548 1920 87 338 235 125 22 
13982 1687 
3001 
6721 
15739 
6559 
18229 
6407 1500 11885 
6668 
18761 
4476 8357 
7000 816 5106 1292 
7017 
7038 11805 101 5 
7306 40 
7041 
18692 
14560 
7045 
3312 10531 2838 
3709 92 1768 53 11456 92 
7885 478 
5925 
6671 
7082 
7092 
2744 
7104 7653 
10000 
7212 809 4004 5637 31 91 1530 608 31 91 
13286 
9033 
7111 9305 3238 
7121 
7141 387 112 11073 
7159 
5046 
9208 366 468 5337 2526 1574 686 
14325 
2933 1252 27 3906 605 1705 869 6257 27 
7166 2339 8367 1452 808 
7189 405 3927 4248 
317 917 524 468 4136 7507 2130 
7198 
7201 
7226 2756 
7227 
7297 6 75 15 25 
7240 
7247 
11940 
12183 
8674 2083 
7319 5874 2386 57 
5917 22 18 
7320 4871 1583 87 30 185 1125 379 20 18 19 2145 1464 295 501 
245 
7821 
7617 
119 2243 12684 1053 
7323 53 
1 53 
7285 5907 
7355 
7424 2409 
2214 9441 
6038 
9702 
6059 
6245 48 11385 2260 
741 
1176 
6041 
2298 21 49 201 30 268 142 39 135 3195 1322 42 678 108 9 2533 316 454 152 51 2835 1673 1521 70 2190 70 
2413 1284 13369 
6558 
1816 
6434 3158 150 146 173 24 
6048 
6480 11608 2260 
3658 4768 4284 13 265 34 17 187 1 11 9 52 398 23 60 3247 
8195 
6204 6671 60 
6235 716 122 7009 31 
6051 1404 1168 422 438 9951 
6049 
11162 
6676 72 4272 
64 
6050 
6061 
6223 
6 1 
6257 
6068 
4272 
6053 
6060 2575 425 436 788 2336 
16566 
3496 422 1495 1268 483 78 1405 119 186 615 134 61 459 88 33 65 32 117 338 5971 422 434 197 192 14 778 1079 197 192 14 
3388 166 7649 5554 166 
8874 787 9022 
12379 
5207 
6042 
6092 7204 
11541 4445 442 
214 
6080 3448 
7543 797 321 2070 90 2815 
6131 1278 
14808 
164 84 152 60 14 49 5 3904 3076 5748 707 138 260 
6163 1952 
13443 
10266 
6096 390 7 
6099 3424 1219 12 
9958 5438 3759 
3839 4840 8529 
6102 
6379 
6047 
6140 207 1177 4655 1683 208 3 77 510 
6120 87 239 5 2302 54 4082 
5847 
6128 8 2012 725 
6390 
18437 
11346 
6174 107 160 1112 17 103 219 115 783 
3304 183 3514 6647 3025 183 1688 
6132 
5845 
6330 317 149 
896 402 499 2433 7468 
6030 2570 
6189 
5861 
6492 7380 1473 
6162 951 
13975 12 52 5327 
6250 
19435 
6036 
14662 
9098 277 
6168 87 5 62 20 7 110 2230 87 41 29 41 1550 3682 
66 3060 1139 799 991 532 872 1168 422 438 785 660 802 873 861 1643 380 1003 1141 566 854 383 457 
8209 
16316 40 43 
3883 13369 
6191 
6258 139 2274 38 
15608 2834 
6253 1287 195 254 344 
3154 9 5 20 18 17 48 32 15 17 55 25 8 5 17 6 8 6 25 31 13 15 18 76 82 310 5 18 12 32 21 11 11 53 6974 3975 206 1169 9 5 20 11 8 17 48 32 15 17 55 25 8 5 17 6 8 6 25 31 13 15 18 76 82 310 5 18 12 32 21 11 11 53 
6734 144 
6251 
6200 
833 
5531 
6037 1404 1171 427 433 787 2338 
6221 1872 26 6 128 26 19 1472 
3186 101 734 397 8614 615 928 1979 102 734 
615 57 
6067 2571 
6225 9115 680 1638 103 403 1143 543 68 103 403 
129 5620 1235 5940 
6252 397 256 469 165 195 254 344 
2285 4 
6276 2452 74 7530 
6313 183 4970 1 4673 3045 
6319 511 585 
2550 4472 147 3682 1394 6880 144 
6524 6008 2719 
6412 8817 
8933 
10927 
6409 4384 7498 
11743 
5989 
6470 5172 
1601 247 
6509 240 2799 593 258 
14684 
2016 
7491 
6525 
5089 109 321 296 4653 
6781 
6766 
5037 
5705 
5547 362 81 18 
5048 
9939 5668 699 
1008 
5043 
5033 
5151 
918 
1111 1530 1680 104 491 247 4868 3077 592 581 1401 3319 552 
5058 
5863 2679 6619 
241 
5795 846 165 100 388 94 20 
5897 
5455 109 
5092 
11451 
5916 
5095 1842 562 3491 2717 
6845 
5366 7397 5107 2260 
14078 438 
5012 1153 155 5 10 6 133 411 1548 150 2878 
5454 3438 3450 
9011 3169 
15270 
12596 
6692 
5437 15 110 215 
5059 
17638 
14638 
11513 
10474 
8221 
5172 5556 
14513 4567 
5740 1229 
16056 
112 164 809 1245 1887 694 1801 390 166 378 1444 1653 24 890 2258 3671 300 114 922 1224 114 
5328 237 
9176 10 126 
6418 3201 
4260 
5115 94 16 51 21 9 66 26 98 80 24 163 
5606 5606 
1381 3188 1672 238 9659 280 
5067 
6026 1401 1170 429 431 3121 
17632 1420 840 
7137 
5573 
16103 
4083 13369 
5178 
5133 
6994 10 43 
5903 
5134 53 
12200 205 
9191 7 
5135 
12406 
5138 
5438 
19279 
11211 7645 
5052 
5245 2092 8 312 6433 1945 3471 
7029 
5149 
5975 
3564 6826 6543 803 184 402 564 28 44 12 1026 184 
7542 1798 8398 264 1996 264 
5703 
5175 591 
5377 
13696 369 
12416 
8402 
5326 
19183 
5329 237 
8507 
4162 2600 370 3875 2251 1663 2610 
5688 
8535 
5201 
5206 
12340 1219 
5227 
8000 
13145 
1627 12224 1691 
6145 2791 3339 
5269 
7535 853 
5213 9305 
5834 
6020 5164 
5463 1567 4370 137 4841 
539 1492 862 420 984 305 761 194 33 249 946 619 1247 1972 645 202 218 301 1005 293 449 371 682 1893 1666 
5228 
5233 
12153 
10709 
759 38 33 859 371 1883 11260 181 58 1870 1812 19 80 73 188 131 
4861 10 43 47 
5203 10454 
6793 
5251 
7278 
14780 
10935 
5250 1959 
5161 
5283 
8857 7565 
7868 
12115 
5272 474 
5279 
1077 2287 390 7287 394 1752 3037 218 291 390 
5563 
5632 
3198 12257 4360 
5956 5028 
8616 
5530 1966 984 2774 94 659 
11035 
5386 424 
7629 9 
2966 1389 2151 571 1092 2921 308 678 1597 1089 1038 51 46 2198 148 2112 
5350 5 
5374 2 
6639 5673 15 2856 8 56 41 9 2 87 2278 71 9 42 122 7 104 37 11 29 34 419 546 221 4 166 61 71 50 256 71 9 42 122 7 104 37 11 29 34 
5424 6357 
6040 
5395 418 106 2198 3252 3303 
5415 2192 
5027 
5428 
4469 2245 1593 1271 3375 433 5519 
5443 331 2618 
5026 
5444 
5477 
5726 
5456 1341 
6578 3685 
5354 1353 1288 2626 3408 
9069 
2513 769 1202 8271 31 275 651 460 2479 
8559 
5735 
6007 
14009 19 792 16 65 
5490 6116 
5540 6653 4181 
16438 
3921 8 46 4363 1294 20 439 230 31 347 6591 8 46 
9025 
19588 
913 3 10807 
5140 687 
5508 73 21 5469 
5521 
3610 13369 
5128 26 48 32 51 14 136 41 25 13 97 81 186 
9034 
5589 7465 
5434 
18454 317 
8110 
469 9 
5626 
13722 
475 1001 186 680 139 3279 228 1851 109 1500 1706 535 477 131 18 721 19 14 1109 196 21 116 94 96 1212 99 58 61 1801 2260 
5630 4734 1926 3677 
303 37 72 993 51 42 30 55 20 64 37 41 30 9 183 40 31 47 36 260 3 25 47 3 13 105 106 120 18 22 190 37 261 27 23 11 14 114 76 104 46 16 108 37 28 4 12 29 31 13 57 33 83 9 209 88 92 187 183 153 128 102 251 39 26 16 317 204 283 256 212 109 64 82 32 56 56 28 237 243 24 119 151 65 21 247 65 9 202 176 736 17 40 217 128 128 208 61 62 31 29 230 40 943 131 18 46 20 39 315 127 40 229 349 106 17 7 40 37 8 45 1052 726 15 164 564 139 104 209 45 35 265 27 23 11 14 114 76 104 46 16 108 37 28 4 12 29 31 13 57 33 83 9 387 24 150 116 29 105 80 23 23 9 7 9 95 150 112 14 20 81 11 170 42 4 62 75 152 72 101 98 426 24 150 
1310 
8819 1967 
5792 5881 2818 
16118 
14869 
1401 48 5 26 1482 1132 1184 5991 6194 942 
4990 
5472 8 345 4172 5596 316 
331 260 224 638 43 82 1499 143 150 6 197 131 43 13 37 6 23 11 38 106 20 98 16 73 39 334 59 168 157 293 28 205 238 14 693 7 3 12 326 14 297 25 27 104 24 98 376 355 189 66 343 57 204 314 11 59 21 16 12 26 194 22 9 84 82 200 20 21 12 79 171 49 35 47 26 49 366 156 29 313 50 261 8 1189 110 122 27 977 542 133 389 694 242 272 207 150 6 197 131 43 13 37 6 23 11 38 106 20 98 16 73 39 652 134 280 12 217 113 
1970 16785 
2650 
6018 5 
5641 8787 
16233 
5921 4442 95 
5689 45 7594 
18522 
15837 
9863 
5958 
6046 1404 1168 422 438 
5898 
5769 5481 260 634 1479 
5935 
6864 
7322 6178 
10988 
6084 579 22 9 181 362 3123 
5142 
5811 
3687 6471 59 6839 
5954 
8596 
572 
6025 
6403 1572 4923 
5829 13829 
19002 
16048 
14441 545 46 
11265 933 5884 2260 
5831 
5841 
281 1109 
5498 1130 229 271 1618 1351 
12563 
1724 567 1399 139 13230 139 
5875 5107 2429 
9012 
5880 
5891 
7906 
5900 1956 
14724 
8702 
15536 
5905 
5911 5171 
5922 
6502 7133 64 89 605 
5937 
3299 13369 
4096 1770 46 8738 19 33 1291 1472 
5804 1945 296 54 21 6 759 118 1711 7008 2260 
5938 
5950 8987 16 
15784 24 
608 21 3049 1419 3 36 53 256 103 37 48 155 17 50 6987 4205 
5952 
2760 
5966 49 2989 1208 
15266 2522 15 256 1243 325 421 15 256 
5977 
1827 2441 
5978 
7618 7177 
5995 
14228 
4262 
1467 1504 3271 4098 8 
4237 
11404 6 
4289 2336 1036 6573 
8061 3199 6781 5 125 839 331 960 5 125 
12602 
4240 7469 
6083 24 407 1293 610 308 
592 8855 2622 6898 136 
6636 656 6478 
4335 
5085 502 
4543 2145 9440 
4775 6 2 3596 3245 3700 99 2251 143 296 1244 7 227 343 143 296 
7072 3067 3444 693 
13918 
2725 
4839 1980 488 1379 147 81 2167 46 304 47 
12612 
11511 
8083 
4785 2543 362 2607 946 409 1077 1158 48 376 1800 
8050 4151 
6212 10 89 5552 609 6754 152 186 
4249 
12272 
11564 
4989 1906 407 806 8073 
4273 
4441 
4433 
4329 
4247 
10936 
6157 
1935 
6576 
4598 
5697 
4266 
722 
4295 1 15 45 30 28 47 41 310 123 56 
4388 549 3037 764 4079 2042 696 
7740 
13118 
236 103 7 251 88 8 1416 858 877 73 513 2301 76 445 701 156 101 39 67 5 30 341 131 65 126 114 379 32 45 19 37 30 20 44 15 30 8 56 120 45 36 261 113 7 51 20 78 58 115 55 2097 1084 832 2398 73 1197 173 
4303 7345 
19696 
4234 
3616 1085 4617 2310 2002 2069 1286 728 1917 343 
4316 
11616 
679 
398 391 276 333 3912 1004 207 537 7595 77 1590 
4298 231 1823 2828 14 17 2438 4 
4420 
19447 
5317 6522 20 
4290 1315 1544 594 1265 
7600 
10231 
6926 
16097 
4534 85 8212 
1057 7367 5702 
4343 3140 8511 
4405 
13904 
6553 
4244 1790 534 871 1167 424 3556 863 
7970 120 764 10751 
4373 22 17 33 76 145 197 
4358 35 35 148 254 121 
2143 2528 17 498 2385 565 156 443 181 14 4 28 1640 283 791 8 519 144 55 159 600 1535 3650 148 9 134 
4368 321 2471 89 
7965 2407 91 1962 1818 
4231 7468 
5408 
16287 
4274 
11285 
3864 8815 4554 
4363 2077 2330 131 
15489 
4251 
374 
8266 
4518 113 235 
5164 27 110 2 598 5598 109 63 
4367 36 149 34 306 89 1693 44 240 
4477 
4369 98 533 1882 19 378 1792 91 107 240 10 419 792 107 
258 84 5055 9055 132 4617 
4378 177 5640 1227 3477 1104 
9056 
11206 
4674 
4215 1020 5310 7039 
4442 
13598 
4848 9 23 1247 2837 1058 
8669 4837 
4327 73 59 12 30 299 1297 42 45 249 54 7 1165 1006 41 874 14 19 100 177 55 30 426 306 117 36 29 1930 8 56 68 134 
14671 
4720 158 9140 
4421 248 29 541 1574 7256 
4422 
335 1558 154 2688 5434 8 2761 30 216 364 323 150 
8258 
124 2692 1582 4972 1141 5221 2986 368 301 
6624 
4429 452 6400 1668 3287 2239 
4253 
15200 
12619 
4382 587 1776 
15328 
14806 
8182 5362 319 23 15 25 105 277 124 203 52 145 19 
4426 
6554 
8858 
9109 
4443 
4439 335 355 833 348 1671 712 377 13 13 25 3 9 11 6 21 52 12 18 10 29 24 36 8 13 17 39 12 9 566 137 511 77 12 762 1413 39 216 422 417 29 1512 492 
15957 
11221 
4351 4111 853 4437 479 272 
11304 1253 3305 
4417 
4810 142 2395 6351 91 9 537 57 
4347 142 266 10777 2483 2260 
13332 
10241 2617 
7095 3258 3633 
4454 2007 9777 
4458 24 22 5424 1034 301 1575 11 21 12 731 
634 
4259 
4470 435 2376 5545 1141 
2606 4322 1440 416 761 1683 2271 609 742 1320 
5249 
4474 1608 91 23 3 67 1298 395 716 47 33 116 196 21 39 39 93 107 12 198 172 555 22 170 19 59 27 187 2149 144 58 
2866 3539 1564 49 11 4915 873 2006 2478 619 
5177 
10590 
4845 2308 1751 675 1799 1706 
6181 4461 
4488 
14145 
10948 4556 
411 
4591 
5010 95 1795 4778 697 328 
4494 5475 2420 829 2346 
2551 
4499 2494 7145 
4318 
4308 8480 
4523 2682 
754 5671 4 10 56 1092 
9110 
4239 7469 
13545 350 248 
5253 
1612 4178 2568 3738 
4539 
2287 
1841 74 32 121 68 94 5775 
4638 
4859 9 
6561 
800 1051 71 213 813 874 13369 1338 696 
3960 13369 
4953 8410 
23 
7011 
4483 
1302 18 
7036 
2403 
4635 10701 
4644 10014 1748 2858 328 
4558 1385 1071 1051 1685 1853 599 1790 1071 763 
5826 
16044 
4570 
17603 2260 
2775 115 
5289 
2598 
2240 354 9 220 8952 941 598 
4799 8302 
4579 2681 
19575 
1487 6875 222 3555 500 
4581 2736 540 
4594 98 13 213 
4597 
4740 
4608 4180 4821 661 
7469 
4625 3204 3585 1210 346 1179 574 
4375 142 
8625 
4637 
4397 1452 1287 2696 294 4400 456 601 
4252 
9875 2539 34 3938 
4236 
15518 
4664 262 3986 9486 595 
4563 
18208 
8567 
4673 8 19 2792 3000 
4533 327 78 
4687 
8329 9395 2260 
5312 
4751 
4315 
283 21 37 72 22 107 37 38 10 
1311 494 367 542 6761 785 
4047 13369 
4718 3825 4125 461 117 4 4 676 427 3614 2260 
19419 
15598 
7788 
14596 3 381 
7709 
5796 
4805 4335 6 98 
11307 
2218 
3572 
4722 6079 
18227 
4724 
5049 
7624 
2737 
4713 
9642 1136 
4406 
15112 3950 382 
4564 2100 22 187 88 13 51 130 8 17 7 7 1611 4168 
4765 
4834 49 17 
4736 
4088 13369 
5534 
4407 
3099 2929 
4780 1839 12590 500 
19621 
4520 13273 360 930 193 51 726 360 
19570 
15873 
1873 9928 534 
4789 
4816 420 913 9145 2375 106 1594 136 184 240 106 
703 3 12 
4831 71 1381 148 450 663 469 649 303 18 13 5 569 447 38 49 18 101 103 17 12 86 63 5 49 43 37 67 117 1804 
4838 
4849 1255 
6419 2561 641 8 1023 156 2746 265 7 31 
4870 
4269 
4889 60 2961 21 52 892 1988 24 3 4994 
4933 8144 
4941 8146 
1069 15 13732 4975 
4967 
4982 6455 72 
1024 
3665 1665 11704 
3634 3282 1298 1868 5563 503 210 645 
3260 2542 9446 133 1248 1478 1374 886 
3620 13369 
3096 13368 
11916 
3113 1938 11430 
5211 60 8447 55 1299 2 494 
4312 139 61 282 184 21 
3722 13369 
4485 3589 7272 4264 
3098 
8405 
3184 13368 
3215 2 2 14 5 4 3 356 11 177 36 11 30 35 200 9 58 6 29 23 1076 81 135 21 4 273 1844 12 20 36 26 149 278 15 11 16 158 1130 225 78 22 31 25 237 79 914 8 2442 65 368 6 326 504 63 1680 2 2 14 5 4 3 356 11 177 36 11 30 35 200 9 58 6 29 23 109 2260 
2898 269 20 18 65 64 88 22 45 44 109 82 310 35 53 7665 119 621 4008 20 19 65 64 88 22 45 44 109 82 310 35 53 
4005 13369 
1148 3024 7628 1793 3948 
3281 13369 
8919 
4913 
3115 13368 
6356 11411 1766 107 387 
361 
7707 
3307 13369 
6784 
16376 
6215 
3170 2175 15 2842 657 7679 1783 206 399 
3267 13369 
3532 13369 
7010 8795 
3131 13368 
4089 13369 
8568 6490 
9005 
2355 345 
3125 1139 799 991 532 872 1168 422 438 785 660 802 873 861 1643 380 1003 1141 566 854 383 457 
15584 
4525 
316 5819 1173 647 7374 9 2700 1346 914 
4959 5175 44 2645 123 5017 2260 
17640 2260 
15761 
3899 29 2422 110 2266 1625 6917 29 
5551 
3100 
11565 1525 
10132 
3129 
15806 
11241 1715 3397 
8658 
1332 6 11860 157 300 292 453 155 
3153 287 13081 288 
14163 396 
3174 1114 10256 1998 
18854 
15942 
7935 3168 594 4644 
9473 
2742 
3135 7097 6271 
4435 43 27 207 107 27 28 3794 112 24 37 294 85 59 23 17 19 194 17 98 144 142 21 141 310 31 189 24 182 2016 6 27 1136 
3180 13368 
6413 
520 6806 731 37 1812 1373 1103 2766 206 
3473 38 15 13316 38 15 
5224 
4827 
4851 
14181 
11924 
2317 49 13935 
3651 2770 10599 
17778 150 2110 150 
85 
3142 49 188 208 27 101 33 404 12358 49 189 208 27 101 33 404 
6064 
3144 13368 
5824 7514 
6804 
6238 6840 
3398 168 34 180 50 50 14 43 25 1591 43 159 11012 168 34 180 50 50 14 43 25 
3146 13368 
16423 
4540 10077 
3017 5163 6634 
1885 16385 341 4 5 102 24 
3458 6958 1974 4437 
13620 
911 
3111 2934 10434 
7809 
3150 15 446 80 80 1827 325 56 8567 318 71 16 1567 15 447 80 80 
3156 13368 
11487 2241 
3585 1607 9535 2227 
14151 4647 423 
6774 
16373 
12726 
1998 385 6262 305 10393 
3265 2521 10848 
15830 
1193 
4158 3 13366 3 
3164 169 136 8928 2756 29 8 1342 170 136 1797 903 
3681 4842 2066 6461 
2186 928 13368 
3229 756 12613 756 
4103 8203 5166 
9842 
3289 13369 
19804 
3360 7841 5528 
857 
3119 1938 5208 6222 
1301 
4044 13369 928 121 
3296 13369 
3141 1010 4300 2221 707 106 16 114 1537 2793 564 1011 1132 
836 561 7 11 43 26 26 2149 47 1629 436 11257 47 
6065 
3116 13368 
166 607 2699 5933 7436 
3189 143 136 2434 10655 144 136 
6198 4126 
15131 40 15 20 17 14 76 7 57 30 26 19 2263 94 35 23 16 15 70 26 95 9 983 21 35 340 21 70 407 94 35 23 16 15 70 26 95 9 
817 724 4424 478 2948 715 854 3047 1509 3058 16 59 
3136 1940 11428 
3130 13368 
2743 
3898 5292 2593 5484 
7678 
10431 
7886 
5375 
5663 
3991 13369 
603 345 7193 4213 5700 170 255 14 59 1118 644 
2268 42 3815 9326 
3194 2502 10866 
13832 
5648 3869 3229 
4609 4823 3742 
3225 13369 
534 11017 
3139 644 26 11127 1571 645 26 
17887 2260 
232 15731 
3291 13369 
1847 40 5956 
3288 13369 
12273 6316 
3201 13 257 13099 13 257 
642 166 732 114 9 766 9 523 16 1980 366 3166 4255 297 12 116 140 365 499 292 4925 242 
3108 13368 
5814 12174 18 2242 18 
4603 3365 380 6017 
4917 
4038 7784 5585 
3630 1838 3013 8518 
9625 
1341 1 
3124 13368 
9693 
3309 2200 10028 1141 
13835 
8085 3041 122 1452 707 2471 505 
3208 210 656 12503 210 656 
3221 13369 2073 
16330 
7086 2849 3208 706 2073 49 
842 
310 
3172 13368 
14499 
7775 
18182 
3234 12482 12 27 16 9 48 104 36 260 17 79 279 
262 10 2362 1671 1675 381 2185 4687 405 767 2052 
7170 
16467 
3949 7532 1253 4584 
3295 13369 
17623 2260 
3107 4341 9027 
6560 
4184 3876 92 84 3959 5358 
3158 2719 10649 
3298 63 295 83 1753 35 5675 5465 63 295 83 
3213 2669 10700 
10332 2552 
2830 
5486 
3109 13368 
9321 2489 
4271 
13 
4149 7623 5746 
263 1119 238 149 21 1296 328 1604 1238 285 1860 8382 1059 2260 
3369 191 244 1184 806 1221 546 5214 578 461 7 2917 191 244 
7534 
3793 1924 8506 2939 
1573 58 792 862 125 7753 5491 125 
3504 12 1338 1480 7997 1488 5 1049 12 
12286 6821 26 107 
3026 15197 
3259 13369 
7066 
13452 
2721 
3262 79 13290 79 
15315 115 2277 410 1850 410 
88 1304 1047 4166 699 5540 261 455 1251 
1261 1615 4211 252 904 1443 1872 4365 428 
4243 1790 534 871 1167 424 3556 863 1642 
3263 8230 5139 
15962 
3889 3054 6 131 10178 
18562 
3327 13369 
11208 
3821 13369 2631 
7664 4235 132 223 31 108 3861 14 2430 
3308 10959 1474 44 892 
1868 32 
3337 7965 3982 14 1408 1036 295 15 1950 295 15 
14887 
6940 1314 2912 3620 613 
3159 2706 2211 1363 1980 2830 2278 
3321 13369 
3278 2608 116 7923 2722 
3847 13369 
19430 
13916 4376 554 
8632 
3283 13369 
3359 5749 260 11 1821 5528 
3480 13369 
3286 1060 969 77 2129 2469 14 6651 
10301 436 74 
5436 2444 
3094 4340 9028 
499 
7083 
3227 13369 
5892 
7446 
3292 13369 
4640 6483 3169 
3293 7692 5677 
2814 10 1229 18 59 12 4680 4029 4571 18 59 12 
3619 14 5 12 21 28 13289 14 5 12 21 28 
3688 987 6289 6093 
6598 
3306 13369 
5113 
3936 13369 
3995 5633 7736 
8449 2340 1178 15 458 222 3645 
3216 1916 25 25 199 23 38 23 22 20 28 26 48 56 4 25 81 8 60 19 64 77 8 11 1744 5 8814 
11948 6557 235 
3325 10621 134 2614 
3326 13369 
3477 13369 
96 372 322 1259 1555 1483 598 54 540 444 105 279 1366 808 45 787 671 320 319 117 525 2 1304 1252 703 1647 1496 12 86 441 
5890 4480 1037 2027 
19427 
11058 
3342 1887 562 6173 207 383 4157 
11721 
365 4557 1568 12028 
3350 5 266 108 1659 6548 4783 5 266 108 
3190 1998 1748 4053 5569 
15722 
16296 
3371 1 11662 1706 1 
10467 
4741 6261 8597 
3132 13368 
3378 339 2035 10995 339 
5568 1410 92 26 20 
4104 13369 
3386 159 8 41 485 116 12560 159 8 41 485 116 
8179 
3095 13368 
16195 
102 
6556 
8315 
5474 2992 3715 42 185 2919 3990 
3244 13369 
3311 5482 7887 
4148 13369 
11349 
9586 19 180 45 
950 
218 4595 1520 811 1141 16 
7851 5325 
5642 
3120 13368 
43 1235 7 7 1171 627 1932 1523 
8385 
3112 13368 
3416 13369 1028 2260 
3363 294 83 1788 5586 432 4325 861 294 83 2726 
3909 29 13340 29 
12505 3124 
3920 41 428 1797 2256 1088 638 2521 527 140 263 215 905 1244 1306 41 1320 
10252 
4043 93 13276 93 
3431 1026 24 8356 6 5 21 12 250 19 3650 
8602 
7232 8205 4095 
2607 
3584 10658 2711 
3575 1599 11770 1369 
3433 13369 
4286 
4309 7459 4634 
3437 13369 
6340 6287 33 
2749 1529 1794 4951 32 325 48 190 6912 
3900 3350 2398 142 366 28 462 5605 1018 
3441 8633 3282 1454 952 2260 
6863 
10939 
2526 3617 89 69 75 16 63 1038 173 50 23 9 243 7 18 19 14 53 20 7 100 28 8 3 27 5 46 45 128 439 6206 2999 1171 6 295 170 618 
5854 6663 
4205 478 211 12680 
17916 1180 1080 
11703 
3632 11631 1738 796 1827 433 
8579 
3802 13369 
3177 10643 2725 
19713 
5683 1956 5908 31 11 70 42 50 13 26 7 140 64 31 139 138 27 284 63 30 60 31 106 4 
11532 
3751 4796 3046 1095 634 3139 659 
10162 7885 2260 
7445 
3455 8565 2675 2129 3003 
595 273 601 10140 
3461 13369 
3005 5399 
7656 
4095 1812 11557 
3470 3804 2546 7019 1661 
6637 
11861 
5412 
3210 210 42 10427 2690 210 42 
6100 
482 159 7551 1515 2769 5220 2260 
3481 13369 
3199 203 617 325 2991 8 5969 8 262 102 265 477 256 324 1562 203 617 2319 
3495 13369 
13688 
3497 951 1525 1263 440 5 1520 571 994 100 443 1203 260 58 566 221 1260 769 1220 
17841 2260 
1580 5471 3343 2418 
5948 6155 
3500 423 983 2162 1448 4528 1143 2682 423 
3051 8632 
3524 13369 
12197 521 
3641 13369 
12571 
3525 10306 3063 
3570 10283 3086 
3432 13369 
7526 116 
3846 5980 7389 
3121 13368 
9372 
3343 13369 
3232 2553 583 2707 685 6841 2222 
3628 698 1965 900 539 132 2899 1180 233 758 46 4019 
1205 
2179 
5906 704 1354 1031 689 70 9 555 53 91 337 625 683 2676 36 16 65 4816 
19058 
3720 13369 1079 921 1339 
7891 
1811 
5522 50 36 185 
19513 
3231 733 1 7 195 12433 733 1 7 195 
8066 20 1893 
3653 2009 11360 
26 
3654 401 7250 5718 401 
15759 2628 
4401 1219 
5131 50 
8598 
6788 3169 3918 4857 
4175 13369 
269 1383 502 5182 8 28 879 165 227 90 39 331 592 857 
7456 
3319 199 37 423 44 90 12576 199 37 423 44 90 
3689 2192 23 102 7893 3159 1482 
9221 5981 741 2357 26 651 
4176 13369 
3719 13369 
5582 
3733 13369 
6573 
3735 3614 1367 34 4601 229 28 122 255 77 199 716 2127 
8406 
10413 
844 177 18476 65 5 
31 
1120 31 87 
4150 13369 
19030 373 
3881 844 1362 3038 385 147 446 2765 9 63 4310 
3753 1508 8738 3123 
3755 4609 8760 
612 18554 353 
3768 13369 
4554 103 3120 
2817 7693 18 4 9 
1129 38 57 1023 39 4 86 16 131 124 28 12771 
3769 11848 1521 
2111 
3969 5953 474 167 66 1409 188 255 19 4838 
3778 13369 
3787 13369 
2679 
3824 2255 11114 
7475 22 16 12 26 7 23 3 36 27 41 10 59 17 12 22 22 2 16 45 23 78 12 14 7 343 17 6 36 31 7 21 5 28 
4580 674 489 1573 547 4604 1600 122 682 69 39 3688 
11892 18 123 39 
3842 4245 4551 4573 
3849 7340 6029 
14048 
224 1170 468 37 95 26 13375 3759 237 210 
167 414 18163 
18363 876 
13681 585 
10346 4160 
2211 16 7 29 78 36 16 40 110 23 12 34 13 18 25 18 8 690 225 18 3385 3966 2577 120 180 666 2232 225 18 
3865 1290 12079 
12683 
3968 4307 6532 2530 
6618 
6088 
2193 
3915 13369 
2776 11 104 593 13369 
3448 2019 1705 6634 386 1702 367 556 1937 513 
13777 
1218 
5034 11434 
956 1984 3208 5904 6198 44 57 66 11 67 24 270 12 73 
3947 13369 
6085 
3956 13369 
5409 5 6 2336 
1831 
4177 1741 11628 
19140 
18034 2260 
12016 
77 
3976 13369 
5625 
4010 13369 
9021 
1623 843 16530 
17639 2260 
16408 
10161 18 
1653 942 487 99 75 1051 569 139 446 1077 985 3695 800 3553 978 76 
932 686 1020 233 2472 68 934 2099 737 1502 1406 2611 706 38 2671 449 1811 
4016 13369 
5074 
3785 13369 
4028 1224 515 8014 3616 
4017 13369 
4045 11759 1610 635 293 121 1209 637 
19590 
8284 3962 
4057 13369 
4611 
11474 
28 
4233 
4078 8188 3162 2019 237 131 2129 131 
7580 7837 2561 1139 533 109 58 421 
12549 
2305 269 1312 5525 5882 145 1 1816 413 1700 560 
4086 21 13348 21 
4092 13369 
12957 5725 
2901 
463 22 20 
4125 6678 2008 4683 
2590 
19445 
3075 
2297 64 
4128 966 12403 
14510 
6249 46 33 
1061 
1229 
5291 3192 1910 
18187 
13310 1958 2522 14 256 1244 325 421 14 256 
2328 
4137 13369 
4214 3962 9407 
10312 108 
9987 
1244 
1272 
5226 
18955 
7479 173 35 
2715 
12642 
1555 8922 351 
8046 852 5269 
3066 
10584 
3543 13369 
2723 
15756 231 3764 
5478 2111 963 6004 155 1472 
2710 
15447 
11091 3077 
5294 3859 6 9 1604 455 1125 3415 2390 17 54 219 146 1194 630 17 
12777 
431 105 
3065 7 9416 
5712 
2813 
8028 6501 
2974 
13900 566 3836 
15 18195 
16124 
1408 11887 
6988 101 
384 1543 1896 31 723 1738 16 17 21 894 475 940 213 24 60 675 986 225 6331 31 734 2260 
2735 
8569 6490 816 401 
2467 1089 410 1281 550 488 2885 1939 1918 49 1088 374 75 11 2301 410 
4210 13369 
2610 19 2855 7237 
5750 12 
16375 
2835 420 593 1612 5757 5407 593 2180 
16304 
2665 601 1913 15 308 10 2448 689 1054 608 322 118 87 5797 
2773 87 3 36 17 70 389 5279 300 5765 2025 
1462 100 470 914 748 4267 3056 1670 4376 927 2260 
2955 
14363 12 105 248 
7596 
3878 222 13147 222 
12678 
2983 19 
2868 142 39 
11705 
2220 208 1621 11486 1883 1573 
2752 1529 1794 
9476 785 
2937 
14396 
2741 
15124 34 10 50 13 28 30 29 31 11 42 11 23 2216 80 8 54 8 19 9 30 18 48 26 25 56 89 5 29 917 24 33 33 17 42 77 24 38 13 15 68 59 14 90 292 80 8 54 8 19 9 30 18 48 26 25 56 89 5 29 
2925 
2716 1529 1790 534 871 1167 424 3556 863 
1361 130 11751 20 566 
2770 66 10 41 62 
6535 
3645 7626 5743 
2208 4136 2720 695 1615 1406 2260 663 1 166 267 1892 611 113 1536 
2841 1 202 25 
1137 7001 
278 1337 11275 1881 3476 
1640 
2729 
7447 
2662 
3020 
18578 153 4 72 443 519 
2804 
878 
9735 
2858 1092 2334 148 1445 984 105 18 585 775 12 86 377 4388 2112 2266 
733 11474 
6063 
325 
121 
2895 12842 35 323 91 245 
3831 323 1603 11443 323 
3052 
12706 2978 
2825 2287 
382 7730 88 3781 2144 
2811 
5005 
2820 188 24 3418 246 5133 512 2945 157 2917 53 52 328 134 195 491 
2778 
18246 22 17 29 38 13 35 40 30 12 8 107 6 16 20 25 100 14 12 5 19 12 24 38 29 46 18 
49 4981 
2911 12944 
2782 
6899 93 13 2768 399 3 2796 188 
2894 2253 10158 2446 2260 
1888 911 7293 534 4265 3395 448 85 48 8 
4105 13369 
4895 2385 
2869 1028 28 261 2666 50 294 2003 1813 233 2792 409 2820 28 261 
7957 
9461 
2768 9 54 61 5 8 10 15 17 16 26 18 17 12 24 8 2845 50 9866 
2920 
8844 
2931 
13927 
5710 
5896 
7785 
4651 274 
2900 
2912 2908 
2934 8885 71 40 29 45 28 46 13 9 62 34 15 7 43 4 28 14 42 17 22 24 40 17 33 40 2704 41 8 90 2278 31 26 23 42 67 55 96 15 67 24 983 29 194 170 61 66 49 6 48 33 33 142 31 26 23 42 67 55 96 15 67 24 
1917 
2728 
2954 1647 9 652 4123 6570 
15192 
5082 61 368 15 6000 119 
158 349 579 16 399 1350 2863 2416 2224 3268 318 2078 2673 
834 3170 3861 639 4022 1102 3745 2402 
2956 2980 
5533 
2132 4107 830 3613 110 661 3848 33 2412 1165 1095 
2807 47 962 260 4022 73 1817 2148 3143 1906 260 
2960 
2229 17231 
6613 676 
4882 
2740 
11216 278 
7381 
1608 
1054 579 4519 17 11668 2260 
3207 1951 50 258 717 273 904 62 1278 808 32 51 18 7 423 6 39 123 121 98 2698 870 488 208 841 96 949 1516 569 1691 
4364 2375 1603 456 112 1830 34 20 20 25 16 26 2005 
10795 
1374 17 21 12 36 37 30 
2546 4622 
2834 
230 6693 12424 
4319 
2408 4128 3946 4887 52 11 2277 120 14 47 86 21 491 11 609 21 129 122 88 103 398 120 14 47 86 21 
14505 
107 314 3 809 3350 
2284 87 87 168 
2970 1112 4138 1707 6146 1378 791 306 
11531 2 
2761 
2639 1426 866 350 1065 2836 352 34 95 897 216 2327 255 1162 22 1141 510 258 983 
1812 4231 2571 9576 
427 
3013 
5054 
8443 
3042 6832 653 13 
3046 
315 
9123 666 329 7600 133 2127 133 
6858 
3055 8060 
3076 
13471 
1270 1037 1875 3769 519 4323 244 1 4513 
3083 1933 1523 262 10900 2260 
2585 9226 
11765 
2637 16694 
10124 
846 4395 3019 4902 2073 3602 
2170 542 392 1137 797 993 534 871 1167 424 435 763 21 661 803 873 863 1641 381 1004 1138 568 855 378 459 
3339 4819 8550 
16061 
3677 13369 
2180 
2105 
13172 
1795 
2354 
2191 542 395 1938 991 532 872 1168 422 438 785 2335 861 3026 1141 1420 383 457 
2204 
2173 
1921 
2300 
18868 
7054 1665 3816 118 223 891 430 1807 368 
11785 24 
2618 
2264 
2270 8905 140 2802 238 
19561 
11319 
2615 
2134 2448 633 3792 2126 306 58 1760 4 
15467 
2197 
3078 10683 83 
11367 
6577 
1752 6063 
2206 541 391 1138 805 989 530 871 1171 420 441 725 9 52 657 803 873 859 1642 379 1004 1145 561 856 388 455 
120 
11181 8674 
2213 
1962 666 16249 
2703 6654 
9229 
888 
15093 
2185 
2938 2861 970 896 2454 2613 
1136 9423 4324 4897 
864 239 9 59 406 1032 1899 657 1096 94 34 498 1701 171 2059 527 117 113 47 365 77 870 454 100 297 103 43 66 572 13 329 4 991 21 162 
1045 1727 3739 1410 968 4200 1420 
2203 
2221 
18561 
2663 
15091 
194 1411 1623 2324 11045 
2198 
8 6624 12311 
6867 
183 480 3717 3407 11024 
2793 
15429 2256 17 114 165 45 16 1903 17 114 165 45 16 
1616 500 2615 1380 44 3 22 66 21 10 13 1735 124 507 27 28 16 74 27 35 122 187 843 21 21 95 
2168 
12418 
6373 11 8470 
4786 916 8761 130 275 
10702 
3161 213 1751 11404 214 
2188 
434 4150 4672 684 1421 3092 133 208 3229 2260 
271 
15992 
1737 
2169 
7919 
2882 91 30 11297 
13459 
5117 2448 180 
11230 1126 
2498 
17892 2260 
607 
111 580 102 653 2990 1 290 57 89 8693 4773 283 352 
13410 
1864 115 10 19 9852 
2614 
7937 3164 594 
15665 
1570 
11267 
1566 5791 3025 234 1474 2161 1268 
2183 
2561 1787 1520 7177 
238 528 2492 1314 2269 194 2378 5420 1794 
1011 5601 3393 484 5361 
2927 
13923 
2200 
14382 
2178 
2192 
4877 9140 
6217 
4068 13369 
2542 
19026 
11735 
2224 
2959 
952 8 293 2653 154 5708 1446 432 424 445 15 4745 154 
924 
2347 4519 
4479 4595 964 2796 16 
2533 
11724 
337 
1035 
2199 3863 
18415 
189 11124 
8464 
2653 3464 5454 
7429 
2232 
2237 1158 141 2065 7190 1455 2518 141 
5162 4647 1757 4656 
2360 9920 70 7152 
4164 9581 3788 
11442 
2276 18 6403 891 19 174 8803 
2470 6111 11075 
373 479 1148 2353 43 72 2731 72 793 1513 430 40 424 1210 748 500 203 104 472 225 397 1281 110 322 58 2354 332 25 112 
2491 3015 5194 
15647 
13932 
7555 
10941 
11112 328 18 38 
2314 12948 108 2426 1827 121 312 
6190 7 4254 
2805 274 3967 
14135 283 
2661 13628 
609 12284 
4073 13369 
6089 2913 548 21 447 38 67 32 69 2631 1143 
2560 
2258 7549 4867 
1034 9307 
18298 93 358 
927 
510 
2269 40 337 11 1665 101 72 463 19 407 1466 183 142 1359 1013 257 127 6 624 216 885 973 1324 265 575 214 
972 41 12 12 13 5288 
14409 
3758 13369 
2695 
211 3989 1622 1 396 107 3298 2228 18 1212 1774 1449 1264 
2231 1358 388 12981 388 
11013 3919 
7443 
2582 1084 36 1388 228 6 300 2246 8 108 3334 1411 492 2845 967 36 1074 2260 
1692 12874 67 35 
250 6204 8796 
545 1619 3440 1906 2672 5048 
327 161 81 83 44 1002 449 865 237 229 2628 168 79 345 246 75 164 1655 111 61 612 130 209 65 32 122 178 390 438 581 235 293 221 39 316 2162 94 156 67 1268 229 1135 153 197 70 285 177 93 278 422 585 153 
2257 6276 1399 498 1472 109 2269 386 722 2459 1265 39 337 24 595 
2266 350 8589 
2225 10445 
2202 
393 401 1656 1277 1414 347 1012 1304 2935 1285 292 375 47 326 240 227 36 150 196 404 66 920 223 135 1435 565 31 91 1530 608 31 91 
2444 
11360 
4592 
4493 
3931 39 162 1084 2673 323 373 969 326 209 7211 39 162 
762 
7978 
2411 
11325 199 119 48 1463 
1762 
6101 
8322 
2181 
2548 4555 
7586 
3779 1911 11458 
2980 3680 49 42 29 32 169 117 49 64 23 17 146 
3030 13 2408 817 2579 3282 18 
14297 
2280 
1486 4742 
2345 
14024 
6297 378 3849 205 153 3083 3766 2260 
3106 1934 4424 784 6226 1138 568 855 378 459 
4473 1605 37 14 9 33 24 11 20 39 100 12 71 16 19 1064 7 120 43 88 89 10 50 234 10 19 124 251 54 72 36 3 8 26 160 115 21 39 39 32 43 18 35 56 16 12 198 125 39 282 22 20 6 78 155 6 132 54 5 8 65 27 139 20 135 1936 121 164 
2397 
7604 1648 26 2741 789 
1053 17034 2260 
2253 
11837 13 33 101 37 35 48 15 59 75 70 114 2 18 30 6 17 8 41 6084 
11292 
219 28 
2313 
228 
3505 5 7 13357 5 7 
2318 
2325 1427 3062 4027 534 5746 
18666 
2316 16958 12 303 112 
2584 11511 
2349 
1470 
778 592 6754 5152 5019 409 13 
947 2896 68 8044 138 119 57 239 4704 68 
2504 
8650 1049 6489 
2623 
17979 2260 
3450 677 16 1013 11 56 547 65 1842 28 46 305 534 969 259 48 47 220 203 93 4 698 319 301 191 10 74 178 32 11 3640 426 24 482 677 16 
1572 5601 142 166 5416 300 980 222 426 
9344 
7451 6009 
2391 2739 50 4585 890 1323 139 302 70 8 253 2434 91 3279 93 
3193 13368 
2394 7987 2813 4881 2260 
2482 2096 911 395 937 574 3574 2275 257 1094 376 
2398 10664 2216 4366 
2401 21 9 196 40 
4313 139 61 282 141 43 10418 3759 
4263 
2416 894 13369 
2421 
18551 
6810 
923 3 
18307 
1813 2435 
2771 66 10 41 62 
2424 3191 5853 1810 506 
2425 10500 
12787 279 
2432 
6316 
781 4086 803 850 1747 227 1456 1109 1460 6360 
18450 
9452 
970 
2440 
15775 8 24 9 301 49 
1101 
1734 489 1402 545 1343 3239 3990 344 42 38 347 140 715 481 174 1146 825 545 744 
370 
2524 
2449 10570 
3018 
12428 
768 11474 2897 133 
954 510 
3056 
10350 
2494 873 2339 1233 184 6562 793 65 2193 
4126 13369 
780 195 85 8 75 4 42 183 738 8555 3 9097 
3239 12488 121 89 7 323 8 75 12 246 
1787 
2471 105 20 12725 2385 152 85 77 96 27 1129 88 606 152 85 77 96 27 
7044 
5441 195 4911 8388 
2473 935 1058 2552 6184 8 1235 32 523 1777 
2374 13443 
2677 
13466 
814 1992 10382 
2477 
15764 217 
3799 60 7659 616 2026 76 590 2342 60 820 2260 
8400 
2489 4 2450 2330 7128 409 
13839 
3320 3 64 70 9 53 18 5 4 49 378 6 44 57 33 83 12493 3 64 70 9 53 18 5 4 49 378 6 44 57 33 83 
15478 
678 881 10346 
73 
10891 5400 
2541 11 108 12701 10 43 2408 188 1121 33 294 13 46 178 55 332 188 
5311 12422 2260 
17769 2260 
1503 
2570 30 
13473 
2724 
14550 
9827 
6248 
2622 3267 1153 6715 810 1828 2429 24 21 
19682 
8407 
2509 11718 
2511 194 706 12141 116 220 161 18 272 441 
811 12914 5012 
2619 
2562 2424 209 564 182 703 159 2486 4469 846 1012 
2540 
4590 9 2041 165 360 222 5540 783 2362 
2519 
2531 
3811 52 9 943 32 28 1070 4461 42 3299 268 3165 52 9 838 2260 
8097 
2544 
15085 
3820 1987 11382 
1891 6568 3809 414 114 367 213 392 
2554 
4966 6034 
12258 
3101 13368 
2604 11260 3 236 
1450 98 164 15 1101 915 240 125 8 1543 326 2 395 696 641 273 418 3 9 1024 1579 358 492 893 266 17 16 1073 1030 969 252 721 240 125 8 882 5 36 295 13 53 496 328 
2251 
2572 
9020 
8501 
2633 10851 593 270 
4048 13369 
2597 
6398 10007 1451 145 2115 145 
14209 
299 322 2902 9237 4132 806 2 114 1035 1109 2 114 
15099 
101 41 7 8 2 43 65 21 70 21 17 48 17 22 33 30 60 78 1387 847 4594 201 546 10903 541 
2592 
4886 
233 3905 7398 5971 
1881 
11862 244 367 2664 
4707 102 
2075 2432 140 1587 2122 
1942 
1809 
18181 
1870 105 44 242 12868 85 109 99 2459 231 967 21 71 77 89 19 107 374 304 231 
9037 
2468 8205 53 72 4347 
3832 13369 
1810 
13364 19 
7245 
5029 
2113 6693 3577 
2797 
2395 491 
589 7309 9961 2260 
6738 
292 
2838 655 13369 
19539 
1856 289 
1824 
2909 12324 
222 1298 2980 87 844 1846 1177 1214 292 115 334 209 30 
2195 
2064 1728 1990 1241 5212 1881 168 256 138 2483 2044 
1472 
1814 
19854 
2412 
12825 
1992 17792 
6584 
649 
1434 
3606 3284 10085 
3887 13369 
19521 
1839 10400 3083 341 2148 2260 
8397 
611 2774 159 13210 159 2824 
16191 
12537 
1853 54 58 79 39 5318 7837 78 26 36 15 41 19 2227 32 113 21 38 19 42 44 101 13 1008 41 64 262 15 8 9 106 61 14 37 58 154 32 113 21 38 19 42 44 101 13 
18258 
1823 
11052 
3247 206 186 30 6 12941 206 186 30 6 
13604 
1886 905 231 2457 7733 1420 4091 218 
1906 1439 286 41 1905 3574 96 167 2154 4022 869 255 286 41 2667 
1916 
2045 
18207 
1324 8176 786 
1846 832 1163 4200 2933 941 39 5256 1109 206 132 1005 
8876 
5036 
1932 17874 
5168 376 
2017 2029 13369 929 92 35 15 56 209 
7454 
4342 1084 13568 
87 257 310 
1854 219 846 846 2471 2750 863 119 197 450 3387 23 1410 901 798 585 2260 
14588 
5457 4880 
1718 16706 
5780 
10387 
1830 
8058 
2002 
12175 6901 
2142 9912 95 301 
9710 
1647 28 33 
9286 36 
19809 
6879 142 1970 654 935 1663 6441 152 
1808 
14460 
7625 
1049 177 1 3 26 696 147 1350 351 50 90 233 387 182 1134 84 194 447 396 389 299 1582 2123 25 15 1245 436 1647 136 8 1916 351 50 90 233 1157 
1946 6084 32 
4366 24 12 108 41 34 31 92 133 50 89 
2163 3319 43 
2011 16151 2260 
2418 
2117 
2076 11 17 21 1693 51 47 621 10 3189 356 242 81 1794 1632 152 51 525 2738 151 522 1207 51 47 468 2105 155 
62 
1930 148 17 32 25 1705 2980 10389 
15762 
1920 
18188 
16318 
4487 15285 
1940 11908 
1929 26 122 16 33 523 1209 2237 29 392 5072 2 64 1499 4074 
8820 
4912 13826 
9491 
3236 13369 
8969 9903 
3744 628 142 141 2177 247 66 3372 1855 175 442 995 3129 
5075 
1828 
850 250 2448 1845 1468 5819 289 125 707 119 2997 
1982 15 7 274 628 2476 41 2059 5 493 31 1 174 13 111 131 254 160 1642 78 3010 2048 
1933 857 3553 1171 963 1027 48 2816 
19014 
11210 
6551 
758 1360 1125 1077 6049 4790 10 50 1393 1267 259 960 1041 259 
1983 132 
2555 2259 6032 4516 50 2408 14 23 87 1188 14 109 204 621 14 23 87 
1902 4303 6121 29 
2532 
1938 10710 5933 
7765 
1958 13174 
15249 
3275 13369 
1939 
2528 1033 13369 
11001 84 23 68 60 55 9 112 64 62 6 
1690 194 9658 
1931 22 16 110 11 10 40 13 2400 8430 1128 5576 
8967 
14539 
1950 3647 148 4494 4779 
10052 3572 
1948 9 2782 372 556 170 90 467 68 19 527 717 51 1429 1516 2299 84 277 312 55 6 198 485 1 250 277 1139 1759 106 52 1148 64 112 47 731 106 52 
1981 13966 
921 
777 591 2589 212 924 9934 2299 212 
1987 12590 833 
3773 1353 172 127 270 2776 8671 
10937 
6550 
1986 6590 6573 216 2508 1253 431 37 135 60 344 
8619 422 438 785 
2506 8681 230 
182 941 3427 109 2308 2165 2501 6339 1319 941 
15236 4378 
2658 1691 10318 489 3541 
7298 
1815 
3867 119 832 611 1985 2584 2881 1524 2833 119 1070 92 
2005 471 862 4819 1997 6553 2190 491 
2406 10741 2280 2256 66 231 45 1296 622 66 231 45 
14381 
4749 2642 4042 46 25 2111 775 649 
2731 
2054 
1334 9 8 3482 
2013 
2028 
1428 129 16133 264 1357 639 264 
1964 563 350 1410 210 9 831 36 1470 8 99 833 23 43 4836 135 156 541 630 861 520 4315 
1322 
1716 737 732 489 667 997 1 360 392 2347 8115 490 
11165 2375 707 43 460 
2022 
25 
7831 
2089 3280 130 7151 610 
5885 120 9704 
4440 222 54 13 75 19 29 1931 97 238 49 92 1282 3703 3305 653 
3280 13369 
2003 34 
10245 
2036 671 330 3116 374 1800 765 258 9397 
1303 498 
2617 4 
10475 59 
3365 9790 3579 
2194 
2070 847 2301 1091 1290 2158 2130 1172 
6761 
3322 134 85 12728 422 134 85 
2106 
9035 
380 90 77 585 59 227 2 2 244 814 1552 125 171 793 3406 4899 2534 1441 125 
19674 
744 
15854 
260 2992 95 3390 974 3186 3264 546 1 1913 95 1124 310 1378 56 516 310 
7585 
14598 
19 
2150 430 1958 681 1649 2037 2468 2671 
5079 
2167 
4668 4845 43 453 1592 7346 
1908 4364 2301 279 10 31 3812 465 321 994 3427 1088 1172 
4219 13369 
8998 
7031 361 
1308 869 543 1538 2321 5148 3377 380 2710 
12591 
5924 8394 4486 
4052 7865 5504 1803 112 126 
7325 
2588 
1584 1 171 27 
2062 
2414 1284 11332 2037 
1329 
4187 6924 6445 
644 22 8 4008 4497 9057 26 115 26 166 101 
333 250 5275 5151 574 22 7114 
1309 
914 
9455 
1358 
2738 
7218 
5969 
4897 
2602 
1604 162 3135 3013 
787 31 558 552 124 158 62 66 72 5 93 22 174 88 461 789 319 1799 127 18 97 509 53 659 1050 314 165 430 731 279 126 387 92 199 90 294 16 123 1081 207 759 405 102 173 311 842 823 789 750 2260 
7679 491 1387 8142 1126 1134 
10173 
2353 6345 891 193 1317 594 7289 
1626 12 1401 1058 1650 6380 2110 636 1448 1145 
11923 
2982 804 11856 202 1311 
2818 180 3705 57 239 139 
11083 3841 
1525 
5260 
3087 1932 1523 
1336 10 7 13064 
18441 837 
122 197 83 47 3 6 8 21 7 280 159 65 45 84 38 10 47 13 6 125 292 583 210 376 574 105 91 27 71 6 40 181 65 9 16 6 429 953 30 244 310 2 533 7 3 1047 54 88 519 685 2 15 478 8 6 512 6 567 1134 20 2 2 198 5 108 1154 85 173 286 3 6 189 305 699 4 3 1195 122 3 558 105 91 27 71 6 40 181 65 9 16 6 984 26 4 6 108 253 5 11 208 
1490 9836 199 119 580 1587 
14704 21 
1316 502 15804 1796 464 
1711 
7583 663 182 
11405 
6659 14 35 9 8 25 29 178 23 117 49 87 
6575 
1502 
5704 
951 35 
1936 542 948 1915 86 1466 3887 2769 3246 
820 1077 608 29 1919 74 21 2110 212 75 40 67 15 3637 7088 1414 5 152 35 654 
6318 654 276 5652 2515 2266 142 15 1271 35 97 20 265 56 123 21 215 142 15 
13474 
4803 8508 
1130 38 57 
11581 1909 920 
4391 120 106 225 16 32 20 9 20 55 1188 544 99 131 226 511 212 119 173 7 95 20 385 3 163 29 21 473 3510 27 28 157 
2260 6315 6419 2964 1126 131 70 43 34 141 144 46 525 
1610 2083 1310 1938 6 250 2254 3958 2682 971 
11938 
7591 
198 
1344 3 2 
5160 1517 
1479 
1558 
6081 
807 17462 65 276 4 92 5 105 11 36 10 
1423 202 13282 
6661 4441 594 6526 187 
15173 
1313 
746 
1937 4815 
177 759 1551 792 339 467 849 1222 522 707 853 752 1378 472 112 1018 172 141 163 1780 245 670 285 82 250 348 47 495 339 467 310 304 259 256 16 376 390 272 95 292 304 
2763 
4884 
7462 
11901 109 7598 
3103 13368 
2769 
19643 
4246 
306 4426 
1211 
1411 3905 3210 1944 18 1333 654 314 2109 1445 2367 
2591 683 581 4129 4137 146 4376 581 
2779 211 63 
5768 
10680 6 30 3466 3831 2260 
223 2818 792 97 4 12263 1005 97 4 
1546 4577 2011 142 902 2903 2963 671 
1492 391 22 44 81 72 105 36 315 140 366 628 941 192 804 209 90 249 87 7 4 111 9 68 3 16 31 176 12 94 211 125 536 367 289 36 355 18 76 43 234 121 117 122 259 18 172 711 117 134 264 178 389 117 70 4 7 173 285 28 175 494 310 676 413 271 50 12 45 6 25 112 307 24 52 215 41 97 165 8 21 215 38 21 62 86 40 709 605 63 42 18 75 106 13 9 30 6 276 11 80 79 4 67 72 79 6 13 77 8 3 56 158 158 59 69 43 47 151 33 51 71 98 37 92 63 42 18 75 106 13 9 30 6 
38 
5908 9051 
11049 4496 
1352 2 1 
11363 
2672 2713 2788 4158 6568 
8764 173 
1438 
4726 
11257 
721 8426 79 19 1088 3462 
7737 
1314 
5028 
5258 
1963 15 31 72 17 14265 1519 2260 
2351 338 
4301 
1511 60 14810 
1333 7 
2365 315 15829 15 488 584 153 
1642 1330 428 1024 1105 42 66 479 1072 3141 994 427 164 185 1839 684 250 823 476 598 2740 
848 11341 5705 784 319 1157 
1312 
5365 
1387 381 658 4304 
4330 
3953 13369 
1357 4167 8018 1686 
4376 367 10000 1279 
1544 1710 637 1294 7133 112 1364 806 1493 530 637 1063 648 406 
48 1144 91 7 7 2736 3441 1721 3491 234 351 263 1271 2597 
7270 1711 1672 156 4203 
2373 1189 7847 5522 
2082 1343 192 111 313 94 1297 246 15 241 13 67 5375 387 184 562 710 57 1030 1503 972 192 111 313 94 934 
1046 356 336 3504 2386 9 911 2258 10 3958 5 23 4391 
1328 
2217 12964 
5968 635 1141 6184 131 662 159 78 704 453 
856 2630 2429 1235 8651 251 803 2659 
1575 
638 15036 
2006 6761 1802 1382 3722 3225 837 10 
1477 
9046 
1624 4007 12728 35 18 247 
1377 259 74 18 662 832 28 146 9 126 297 131 47 23 126 37 935 522 5604 499 191 10 74 178 32 11 1434 909 124 1876 28 146 9 126 297 131 47 23 126 37 
12525 
2518 1695 11 2248 1322 412 371 1331 241 7433 11 
1763 7198 1401 193 
6915 
3294 2390 1942 4773 4264 
2748 1529 1794 
736 
3882 172 2219 2580 8398 172 852 333 
729 
257 18 2002 393 2045 107 5512 181 92 7842 
2624 
1545 2316 13369 
5618 8434 
7866 5761 
1327 499 4240 2571 9572 
18316 
14993 2663 103 1546 611 103 
1993 
1378 18383 
2788 7616 
6555 
17599 2260 
2187 
1373 
1321 9613 
4450 15046 77 
1388 473 113 235 431 918 804 110 443 456 124 259 46 308 228 596 435 202 226 128 241 353 394 57 937 96 689 2 303 43 433 116 240 390 21 98 492 12 125 217 474 109 51 76 205 474 431 902 1023 1103 15 1338 336 571 15 
11332 
870 5 5 5 
1628 16 1351 19 5 1204 3890 2511 15 11 21 8 12 28 249 23 24 49 14 17 48 135 191 3 8 12 55 74 5 5966 
4377 413 
453 36 
19446 
7016 1475 3741 563 2957 355 12 26 3526 
1717 11064 
1300 499 
436 
1149 11788 
11137 
1305 
958 24 21 56 47 3 5 146 5 10505 35 28 32 16 10 56 103 126 158 40 
10520 
1447 2498 13369 1981 
1330 
1185 13 2566 1909 221 607 2 582 497 731 249 871 1613 1760 435 8 1187 1185 1512 1116 930 20 
7764 
1749 1165 5341 10121 
1495 1086 74 402 145 2188 164 73 100 664 1293 636 91 536 773 55 108 120 182 33 307 14 173 100 2305 878 91 12 547 176 53 1003 8 686 1648 410 206 
6570 
1323 
2727 
731 10442 
531 563 13560 4308 18 
1396 7 11 43 26 26 284 8593 
4106 3969 9400 
869 
1047 14798 
4075 13369 
12747 2493 143 58 2282 194 6 15 136 59 15 975 360 170 330 194 6 15 136 59 15 
6596 
12919 
6938 
3796 13369 
1551 90 
3061 
563 3120 1713 1377 588 1426 1823 416 1515 851 561 2019 109 971 2144 
1395 15 181 170 2029 112 1201 336 413 167 3547 406 17 39 21 18 7092 112 
5096 27 13435 
1427 10667 155 5768 38 1609 613 38 
8047 
2642 
4872 3110 
1563 
1765 5528 6553 392 88 107 406 1 164 
2659 
4235 
8803 63 842 221 1022 2556 2000 
15743 
12453 
5541 103 5203 
4254 
541 260 1122 2508 29 297 602 1338 503 219 669 198 16 804 16 143 89 15 11 63 3287 161 24 30 900 1343 1051 1987 85 50 53 255 125 46 44 101 227 182 389 
1432 
1426 
874 5 5 8386 10252 
5035 
1433 74 
3261 2622 10747 
1518 1730 392 30 6 1651 251 173 14 13 6879 3960 392 30 6 
13477 
9631 325 
6574 
1162 86 
1441 
1723 228 264 33 1338 1607 3152 953 2131 385 17 336 233 691 1159 284 2421 1850 362 64 23 43 75 148 316 
5407 8158 242 6 9 18 7 143 40 163 265 42 121 210 57 28 
5520 
3016 
8878 
3578 12530 839 
1379 260 455 1721 183 13186 183 
13402 
4641 4490 3732 
3483 13369 
2205 541 391 1138 805 989 530 871 1171 420 441 725 9 52 657 803 873 859 1642 379 1004 1145 561 856 388 455 
1760 
8069 
1463 5207 596 2121 3472 1164 
1556 
14626 
1421 984 31 376 4572 4441 109 1669 54 85 152 18 428 127 274 186 47 338 
18195 
15380 4100 
8956 5669 
4384 3416 36 599 4350 2277 1203 84 19 57 2132 
11464 
1475 11797 
1488 1000 2177 49 9 15 83 29 6187 597 1080 780 21 829 36 109 58 1 3612 1179 1081 
11136 
5895 266 11904 60 1555 5 640 60 
3904 7153 4156 181 1879 1039 99 504 53 120 65 177 25 245 
1489 24 6540 241 
5230 
1493 2666 9590 230 290 312 2947 2226 
1365 9714 1699 2044 4430 
3122 1139 799 5868 802 3377 380 1003 1141 566 854 840 
3118 1938 5869 5561 1142 1803 457 
1461 
19576 
730 5 1669 2957 18 520 3799 609 443 
2896 
2745 
1019 390 296 1165 2221 223 53 43 48 513 2353 1729 2590 22 910 304 300 160 567 1178 
1468 
1829 
168 6478 771 1040 220 8 3315 169 326 3574 
1648 5919 5971 
9019 
16 
8636 
1406 340 4617 
12708 
3038 531 4010 690 3395 342 96 206 87 1788 2755 1166 2260 
1318 502 
2018 
220 13153 2707 
1514 
3476 312 31 52 12974 312 31 52 1152 569 
742 
2784 
4888 4125 99 
13144 
1532 3578 1241 1371 2 790 2531 2053 1485 1147 
9234 57 
1901 87 2690 1489 302 7 2746 625 1574 
1478 561 203 754 471 40 7 15 237 650 340 50 18 184 98 868 7 391 355 6 482 117 27 538 469 8 408 47 38 39 19 519 666 1647 41 44 127 17 19 477 1106 9 255 62 129 57 24 5 361 1057 38 21 32 12 30 1156 40 7 15 237 775 36 132 1103 102 112 775 36 132 
7908 2937 
6564 
14630 
1534 13 17618 353 
4626 20 48 66 160 11506 
1375 62 48 998 64 2060 2322 439 191 390 24 242 137 9 17 4247 69 25 35 212 201 19 108 52 6 10 62 15 275 98 30 332 804 863 
8506 1222 1542 1166 3935 
1116 17160 
5032 
6716 8 
1637 
1535 76 23 110 14526 
9078 186 23 66 45 44 
1542 3732 502 5362 41 70 2530 
11318 
455 
366 
2201 
17 10218 
5078 
695 511 463 3 2014 86 996 176 49 371 2338 24 940 261 13 19 985 23 1175 333 502 11 686 336 1112 435 1361 296 841 86 
1569 
13300 
7963 
1072 924 
2756 
17644 2260 
5068 
824 6475 1876 9 
7204 13 1295 3123 3134 
5686 8132 
3726 13369 
845 6396 
1587 73 6253 1169 122 44 25 441 815 727 727 3866 
5220 
6896 4990 1827 
12697 4 
13423 
1596 4271 5272 
1113 3433 3217 109 2916 95 316 2352 2878 3125 
1606 
4596 
1609 1566 2417 2 1926 4800 204 2526 1493 2652 
227 24 1694 498 535 792 2070 1465 227 2628 1530 2779 283 111 161 497 74 430 1114 1714 
1505 10570 448 6442 
86 546 3281 472 502 86 300 1473 500 699 233 518 384 31 426 50 19 72 102 184 114 400 355 4734 462 1253 
5264 2224 1192 937 260 211 291 332 4454 3053 
15494 
4628 326 2134 68 182 1585 6021 1276 
2448 17 1094 102 10149 386 405 2327 102 
13584 5308 
1691 
2674 106 178 33 34 29 887 743 440 1280 1773 1421 168 30 58 30 12 20 740 342 649 332 139 302 70 8 253 15 2419 71 20 2034 956 289 27 16 32 6 12 
264 2646 
19432 
3710 13369 
1696 4123 
13464 
1774 2404 1736 11633 
11276 
1646 1505 429 299 13 291 1208 11128 430 299 13 291 1013 353 71 
75 
2484 1483 1984 963 468 7587 675 512 1180 
3314 13369 
5070 
3474 38 15 13316 38 15 
712 3 
8367 
15760 
6687 
1782 
1673 661 118 322 655 80 630 418 67 138 81 422 39 1004 29 555 230 261 445 1345 804 792 632 687 106 15 11 403 897 219 54 100 195 131 345 135 113 637 327 423 165 434 80 630 2138 
1788 2818 2615 410 595 4816 2956 2364 
5470 
1789 2174 1762 11607 
291 2749 1621 
2676 
451 2553 6355 
979 11350 2498 
920 
4844 11 2306 2594 157 
897 
11682 
5532 
2386 
1083 
19436 
4072 10135 3234 1203 
1271 9473 24 3337 
10827 37 
2535 
907 
910 
15773 
11106 
2671 
6747 11855 
19499 
922 
935 
4530 6689 1073 1844 5036 58 240 
1635 6862 2497 189 103 2316 132 587 8 22 
11966 
6650 
27 
296 14467 
1267 
5646 570 
18064 2260 
46 1235 7 7 1459 339 1190 742 1052 471 
1142 565 41 1901 893 208 9 4110 373 622 43 229 511 78 872 485 796 264 1136 1897 843 1977 
3344 13369 
1523 7997 21 92 10 118 326 14 20 36 58 
116 1597 689 300 1282 47 1705 1466 84 540 1692 46 984 2098 137 223 2544 1803 47 
13110 
1695 78 5541 2207 135 531 7 8 14 740 5 4551 5 615 102 
1078 
12713 
423 15436 
8743 
7562 
1056 12229 581 107 5378 
7444 
4306 
738 94 
74 
2889 1202 4862 2867 112 5528 1103 1079 
80 26 73 213 28 151 1389 41 26 28 2722 1374 302 657 2167 649 1978 3253 175 
1174 13 15 10 7 
11732 
2161 529 2469 3651 1263 779 1777 132 13 1206 440 56 472 13 266 914 3045 
6651 136 2120 10 1956 1418 488 
13004 2879 
450 
891 941 1832 248 13121 248 
560 1127 2257 2855 2837 83 5411 64 544 65 382 1128 
1002 1055 2063 667 934 151 449 645 160 128 98 503 885 278 77 59 238 238 94 867 276 13 298 187 130 104 549 286 1235 384 842 991 33 32 301 196 1041 1319 
3382 423 90 636 1085 11135 423 90 
772 
11716 
4009 13369 
1843 4044 
92 84 1510 17 3719 152 238 5 1572 727 74 34 1497 260 1605 8 3040 1019 200 289 1927 591 1669 
1436 
944 6389 5746 1523 
7557 7703 2481 1559 701 
7342 
1093 
19634 
14640 
1315 502 
1105 3798 68 2311 1932 1518 2285 648 
3067 
11287 
1237 775 2637 3581 10940 67 
4942 1224 302 7 254 100 11 194 14 61 156 146 14 61 524 95 9 195 439 4074 290 185 663 205 450 
942 80 1085 1233 51 45 28 86 2259 2350 3741 117 67 101 102 2910 1512 51 45 28 86 2172 665 44 
4686 
3494 438 39 162 1084 1462 1211 323 373 969 326 99 110 1571 232 244 195 3515 89 927 438 39 162 1151 247 
13860 
917 
8403 424 2749 2840 38 32 
2861 15673 
19773 
1685 
17613 1423 378 459 
1039 
259 
9468 
2630 
18259 471 490 359 189 10 
15920 
34 7 
8763 10973 6 
1079 4426 912 1772 505 1182 217 50 436 24 2156 17 492 5413 
15842 
10947 4556 
955 132 35 37 51 7 22 18451 
963 
7536 
6430 2294 258 613 117 46 131 12 10 35 202 252 106 8230 
949 2085 2967 
11949 
4147 245 5016 8108 
1825 
6871 
640 5 5 17 8 2372 1284 4806 146 1090 
1607 378 5 44 27 254 4045 964 99 2259 1549 874 2048 552 3260 783 224 1253 
7900 377 1235 262 286 
977 12 155 39 3521 1723 491 59 181 2009 2232 160 1839 487 2394 1847 2260 
19853 
1977 22 
1001 
2387 1187 1682 206 767 6950 160 46 1966 1592 2383 
1554 11194 
368 
978 12 148 7 39 10613 
295 224 74 366 99 587 743 66 10 524 366 950 1437 665 1228 76 83 204 428 876 36 85 1124 113 334 21 177 864 1015 214 272 170 359 379 48 82 126 243 276 78 354 318 734 2564 330 34 
2455 2309 7 3043 5193 579 493 8 130 55 198 47 341 4495 
6179 
770 
14999 
509 95 
1400 44 137 74 96 25 133 63 84 16 621 117 249 271 108 9 55 274 148 503 571 121 91 82 369 50 558 17 134 57 357 162 36 27 303 204 333 10 57 21 221 106 614 1025 442 216 987 219 72 1022 225 302 653 99 14 481 459 7 157 93 650 11 20 27 58 74 7 12 100 33 54 252 108 9 55 274 148 461 309 201 204 68 197 23 923 5 126 204 309 
59 1247 500 369 543 399 1139 799 5868 802 3377 380 1003 1141 566 854 383 457 
2568 
5104 
915 
3853 13369 538 1517 743 
997 1799 918 1439 16 560 5555 296 275 943 705 268 633 245 985 1449 
2781 1213 7414 3517 286 2152 538 139 1318 803 139 
2420 
2348 4550 12 3049 5415 4100 
2499 
2635 3295 
18169 1163 1097 
1076 1580 3449 1719 4481 743 296 
1258 897 4379 868 745 662 1729 5554 1812 202 252 146 614 534 512 202 
1317 502 
4208 9561 3808 
445 45 1071 189 3 2 31 239 10 1404 228 544 2544 2191 769 889 2050 4154 228 544 
1009 
498 
1104 
1299 499 
13924 
991 2166 21 966 195 668 8753 495 98 1444 550 51 127 21 967 633 2260 
976 150 38 33 24 19 233 291 15 6 256 1913 253 539 21 102 1497 580 184 233 360 350 345 29 220 82 24 187 437 960 92 356 74 965 168 104 30 926 298 237 19 382 260 120 231 159 189 5 1417 934 253 790 425 
653 
3732 625 12744 
2573 
7810 
2862 
84 549 6 9 16 9 3237 471 504 83 1776 499 700 6647 391 2298 792 2260 
1031 1221 194 1239 1242 57 123 2 649 21 592 679 1511 1510 321 2349 2062 857 1394 
1236 484 6846 190 498 184 318 1201 1019 1340 189 1523 485 30 352 64 58 
6816 
745 5425 
4588 
1179 2457 394 932 30 739 718 1798 3026 1 68 5 304 152 1598 881 621 20 82 564 381 1055 394 
1041 
8992 8896 2260 
12637 
5833 
16256 
213 339 
20 
1070 
1796 
6655 49 
11742 
4463 433 755 1016 65 104 40 173 189 24 1021 4618 229 310 1178 
588 11031 
1242 429 61 22 370 698 2540 296 1096 4484 369 456 704 242 3023 56 2686 423 5 
5069 
1074 1258 
599 
11638 
2849 313 13368 
8741 
647 10 5518 322 2272 2127 3065 
7296 
2553 
798 1451 3140 8349 797 3762 536 
12807 
2648 4124 
1537 23 
2327 12465 
3058 12606 
867 
7484 492 33 14 327 
968 8247 
13107 
8610 1652 654 
6815 
2417 
3133 13368 
13530 
925 
12615 
1956 6186 
5270 12 335 62 19 39 116 21 66 58 
988 
1081 1918 7887 403 1112 3229 
13497 
356 
2189 
6922 
44 1235 7 7 1798 1932 1523 
2739 
1118 
1466 6845 
535 
15108 3090 
4291 
635 
10051 
480 
3419 13369 
782 649 108 182 1034 181 212 1154 350 111 33 400 520 1130 407 344 15 1174 10 870 300 134 215 330 358 361 47 1522 569 876 47 143 214 167 963 433 171 3307 3 18 4 
1679 9 5 99 1459 691 176 1330 5978 5194 691 176 1060 
6029 2570 
7119 
3226 272 7647 16 3262 99 2073 272 
3581 13369 
4181 13369 
8365 3514 
2302 
1180 
6669 36 
9091 
1186 15 1632 1194 894 85 1112 1810 3594 1553 1956 1291 1074 
9740 
2767 
6888 6035 
1098 101 46 14008 
10255 8784 
764 1110 13490 39 4058 126 11 
7465 
3290 9088 4281 
1133 23 4 47 7 1658 5347 7682 
3446 1556 11152 661 
1121 3 9498 
6653 
7225 
1842 2644 2987 7340 3063 1459 801 
2583 
6498 
391 401 1872 215 824 487 193 765 49 62 18 23 530 20 558 100 823 468 4 32 599 19 1274 513 463 43 64 26 113 896 64 290 152 103 330 1867 404 6 245 199 309 280 31 139 84 19 57 648 487 114 79 623 181 457 708 212 79 
15930 72 317 
8860 17 
115 
60 
1154 27 
11156 
3176 432 18 12918 433 18 
17641 2260 
5473 
753 
1158 
2620 
160 1943 2117 489 3295 3964 5621 682 338 251 287 112 
19537 
1169 
5071 
91 479 
12135 
1209 7 1629 1800 5938 84 3646 1612 
8595 
628 1393 8958 1916 
19803 
19049 
8630 
1255 14 4 1964 979 7137 426 774 660 3393 979 
4964 6280 1941 
1954 174 2310 90 21 22 150 7 1413 524 321 78 93 1915 1219 168 25 4864 2386 2260 
1275 
806 1039 20 25 28 73 23 10 24 26 12 52 11 10 
5 73 
4270 
726 
837 1532 381 395 171 108 67 788 807 171 218 116 16 466 1754 3143 4245 1298 172 108 67 1313 126 677 96 86 306 969 
2654 675 2162 1485 738 5421 2270 1293 1453 920 273 1067 
7449 
2507 
983 127 10123 75 463 35 28 48 
1567 147 776 728 373 11 11 290 208 8 964 366 106 48 20 110 1770 641 3750 465 2818 1410 373 11 11 290 208 8 448 187 1427 646 187 
8611 
11843 
796 454 2 5 1508 36 396 458 466 1166 55 5 526 82 975 109 327 3 1096 2564 45 39 177 523 882 25 187 10 799 120 2729 459 466 554 902 777 581 
301 37 12981 2501 5 544 
743 
761 4 164 
15222 
750 
3084 1933 1523 
10277 
4015 13369 
514 
2303 
812 1607 76 92 1878 2438 24 6060 1989 
209 253 14 572 107 27 1650 25 1551 48 342 1071 41 447 36 59 267 252 698 316 1290 53 102 432 61 1649 17 488 1583 216 763 77 319 1137 1844 228 436 9 1587 
1600 
15541 
4090 13369 
50 
740 
18177 1156 1104 
126 12017 
1536 2763 216 29 253 
3297 13369 
10670 26 
9099 
723 1762 368 3591 1688 1721 824 16 999 7650 
2826 
19602 
16114 
532 4361 11379 
192 841 1936 1440 419 120 1142 123 1045 55 890 100 1040 63 110 6 131 511 29 21 133 36 78 62 239 92 1612 3549 142 126 2175 397 
3927 1295 1200 1324 7 306 12 25 37 1701 53 326 488 9 1775 1976 384 2451 
14288 1075 
2764 36 
804 1033 40 12 14 22 166 10322 2739 28 9 56 2635 1388 263 49 560 
577 
871 5 5 5 
7938 
616 
16014 
1651 
788 2206 34 1152 9 2705 1269 2618 417 1492 667 828 104 27 295 691 2247 9 189 61 767 1432 61 
71 
21 
18501 
9138 17 14 20 7 7 15 7 6 10 53 15 58 
1356 24 269 211 35 238 246 20 93 294 483 294 311 176 14 296 132 76 362 46 28 210 66 88 2 36 94 467 49 94 117 13 48 70 87 33 155 423 512 194 109 296 821 18 538 9 5 62 113 18 109 11 236 580 2 5 1798 59 171 15 227 99 118 23 155 180 11 94 181 31 288 108 395 89 226 397 359 15 401 58 225 221 294 311 176 14 222 700 79 18 140 59 1071 193 
4642 
2751 1529 1794 11615 92 138 1391 230 115 294 92 138 
739 
5053 
4410 300 
1680 619 21 926 13369 
861 139 27 35 18 92 270 1826 289 225 852 987 24 103 216 12 655 1215 811 238 837 949 98 263 171 75 64 1949 315 340 688 608 273 14 796 302 289 225 1109 1094 465 
5114 
1564 8074 1679 146 27 12 115 575 2716 2771 32 2228 32 
5319 
13543 
11759 
725 4756 13389 
204 
5139 4676 196 1099 2382 82 304 578 4480 
3241 13369 
10531 8307 
843 507 
1266 10785 6622 233 
302 
7341 
11107 
4808 
700 2 3 3 3 3 3 3 
8508 1811 246 4614 3683 
11614 
756 3643 1815 1650 6421 
854 
763 3346 8 1442 1444 210 988 2349 682 1002 126 2388 2730 8 888 1408 
752 730 1089 1422 957 706 2276 3214 354 291 5571 1424 406 647 
2979 
757 
11719 
10335 
3088 1932 1523 1101 3923 286 2193 1121 2728 2260 
15424 
14735 302 
767 2490 2146 1471 340 193 366 969 773 256 254 636 13 1 22 23 7 1168 2320 10 2401 1631 
5041 4424 784 4 
799 1050 26 109 124 48 12550 
3679 1738 11631 
15815 350 
1588 89 29 53 361 436 12582 
4209 12227 1142 
330 1292 7818 
724 
13178 206 
6580 
771 50 148 525 8536 270 1039 321 565 231 8 5691 424 198 313 83 121 1121 
97 
1413 354 1256 294 213 4121 35 151 552 10 4627 292 3368 213 
10922 
828 17772 
8151 1882 
135 12542 
791 3643 159 1579 4120 24 156 18 54 
11738 
9745 
8185 
631 
15048 
12633 
3211 210 42 3680 5615 2764 1058 210 42 
784 15527 
16308 
841 6214 4018 1689 6186 
15198 2732 2260 
809 1048 21 14 12 7 8 7 47 86 63 7 17 12 
8100 27 
810 3000 665 1712 95 1264 5286 1107 3240 
8193 1631 1690 4735 
8554 
426 
10032 
567 272 3831 7612 
769 7175 
10800 
4556 300 334 1418 2755 4694 257 3498 927 1333 
12628 
11121 
883 
3908 13369 
13419 2605 2211 
4323 
1264 1679 5705 1662 1947 5431 1563 58 504 135 
1263 
819 1234 286 3967 659 1513 311 1309 2183 88 839 629 436 3503 2260 
10920 
2840 
872 5 5 5 
2233 5539 
5888 
11235 
2711 
10388 
8549 
187 351 63 9698 68 9 
3171 7733 587 691 301 3208 848 
1173 4048 7257 
8137 1489 
7876 
527 32 1183 3011 7219 3942 
1632 3363 8128 1868 3792 
5538 
8687 
984 
2326 9731 1478 1261 
862 3 1201 633 9331 3178 
3721 24 16 13329 24 16 
1474 1953 599 12770 599 
1319 502 
417 12121 20 7153 
133 1566 868 2332 10 387 700 138 1266 917 683 119 136 92 60 891 189 847 1321 1546 175 371 429 3652 158 
95 13 405 35 7 19 12 3938 
16273 
859 
13015 
12098 617 
697 
12125 16 324 29 
3682 13369 
866 1636 11631 13 335 
8955 
8879 
13191 
889 789 12453 
18767 
5570 49 
82 666 11720 164 2071 5096 
945 29 122 2541 190 8 393 1094 1505 285 558 775 4347 562 594 246 539 1 31 1331 910 190 8 393 
7747 
15774 
892 941 
285 759 210 792 277 1 1155 831 94 407 113 1069 128 578 125 36 239 241 25 236 2071 279 248 1362 1510 1142 227 581 1185 642 
895 941 
1894 156 15664 1309 951 
428 
52 
11147 
2219 208 13107 
153 371 339 
33 
286 42 3212 4731 4547 2554 1080 457 1102 769 38 922 531 
900 
152 833 398 238 149 21 644 714 255 225 542 114 698 325 662 487 914 219 1313 2238 413 76 39 321 355 782 179 109 118 40 281 19 10 123 6 125 201 69 36 102 297 63 28 17 243 1032 292 256 225 542 165 166 513 1456 125 166 
3102 13368 
243 4293 3483 951 6101 2806 1682 578 
7813 
12422 
2352 821 326 2047 4369 4866 285 1278 197 327 1555 
5803 2637 
873 
448 
13667 
2510 1249 1478 6 274 25 317 5273 2627 251 464 301 2353 
3264 13369 
390 
13766 
909 
694 
760 6851 4145 79 123 87 3167 
205 
324 229 544 3566 54 103 33 7076 509 471 416 
110 
8705 
5416 
4604 54 103 1463 191 22 4758 1659 64 784 97 1113 
14127 
8015 
15094 
14573 
5464 2587 30 54 3058 727 614 5679 
128 877 9 12 12 13 77 38 57 20 1838 1916 17 1523 230 5063 3056 660 11 17 22 14 45 30 40 175 73 28 9 35 13 40 35 54 29 37 25 81 
11061 37 
803 6577 3282 22 5196 
472 72 423 458 854 103 118 866 7 179 944 603 258 166 207 893 298 346 2577 971 148 1488 179 891 75 745 1839 261 294 7 179 
17649 1804 456 
503 
151 7179 28 710 5058 
7592 
7887 
17889 2260 
7140 5089 
2023 74 153 2746 1866 166 342 8677 3477 
618 
11066 285 
7478 
19032 
1533 379 232 1250 254 965 23 18 3765 2371 540 204 335 129 741 525 315 736 383 322 540 110 107 546 440 254 2142 
14801 
504 3234 867 6296 948 625 2529 2104 1999 88 187 
10640 8631 514 
242 
6907 
795 9961 
655 22 2527 238 4048 552 2377 81 332 4525 1216 238 1847 1118 
5061 
10338 2338 
2259 
5042 4424 784 
1416 1577 34 169 343 3330 168 3623 28 3027 469 178 248 745 597 74 538 344 1683 
14047 107 144 378 
11700 
345 10070 
3583 13369 
13175 
2904 
6991 18 18 
312 1356 3292 7106 2244 542 
668 
619 10498 
2564 
11246 
10243 
369 11298 
9481 
9729 
7517 
4087 4244 324 6500 87 2214 294 1568 4 226 462 
353 5647 
212 5749 981 1197 4 1583 671 1578 1715 1361 877 
2794 511 183 1209 449 138 6 246 39 35 56 182 1558 374 445 87 1457 62 2836 294 3713 183 
2939 
203 
90 659 2131 2840 1504 614 614 284 394 258 1142 3 523 427 23 917 105 243 603 1299 164 941 2603 
3522 9713 3656 
4940 5948 1933 
18012 2260 
2236 
18 
2968 82 23 7 1580 1862 2554 185 11 830 117 5702 
1515 
4131 13369 
3737 1614 5 113 208 165 104 67 1520 5808 3765 
76 
1657 
8972 
51 
805 341 6 26 12 10 957 
109 107 314 45 500 644 12 388 136 454 212 669 300 619 10 102 109 202 234 122 114 91 157 543 18 69 392 287 193 71 38 466 377 131 1279 67 108 78 142 221 165 157 165 100 43 316 321 727 390 19 276 570 991 603 53 140 390 1403 300 451 462 43 67 74 150 222 236 1006 462 
18685 320 
11523 4143 
785 
2346 
15698 
1010 54 
727 
540 
8601 
962 111 
2282 319 842 374 23 211 3125 887 26 2215 441 2111 985 2971 374 23 211 1532 626 
1153 3654 1287 4 417 1193 1407 3016 24 1864 
3593 4761 4928 3680 
2758 
2516 406 19 5346 4109 6849 304 
1435 
89 193 282 2 575 899 845 115 1947 772 3690 993 43 112 
70 
19059 
11384 
4352 291 150 3024 1820 3712 2371 
4835 903 3343 895 141 
1858 
3348 557 154 3346 3249 2767 3296 557 154 1125 955 
1465 
15632 
7216 8195 2408 81 2179 81 
175 
138 933 781 191 1340 941 846 367 2013 793 6088 2321 2800 266 
30 6 
3551 13369 
6614 677 6829 
2536 
732 5 6906 1773 2243 
10892 
314 2910 8339 5030 
6597 
100 41 7 8 45 156 21 32 82 23 90 78 332 2402 646 504 3194 4723 2011 2291 646 856 533 
688 865 6886 6255 28 
8091 
1247 
11119 409 7 20 4117 
630 
16189 
3074 633 1158 1353 399 39 1140 235 359 148 207 448 1683 4838 323 141 40 858 1666 
320 83 3051 871 368 574 1923 1170 417 62 134 341 249 1135 25 370 35 111 131 24 126 1352 54 73 3824 852 2260 
18745 
901 
7633 
7936 
1709 
294 
1055 680 1589 4380 5860 1115 2014 2657 
847 2393 13369 
15084 
9788 2226 7752 
65 
144 5029 1911 4180 4376 2816 40 145 5 167 112 
154 222 1946 1453 644 1000 241 361 3900 31 341 3096 1577 1067 26 53 334 698 849 542 1718 
29 6 
4573 
6695 877 471 97 51 236 63 84 6 953 150 109 54 64 24 21 
12892 
207 1587 2066 819 3554 1440 1281 1158 3275 123 1719 541 468 1249 543 
67 
17648 2260 
1803 1 18 
7613 
13348 
6979 126 
2734 
235 
15687 
11789 
308 3 11 7 1686 10287 6114 16 163 43 171 444 143 
79 7317 24 1796 72 5838 61 38 89 94 2319 83 22 21 46 200 976 912 83 22 21 46 200 
14787 
7171 
9573 464 27 
98 7 314 
995 3339 4097 65 4726 429 2283 
181 13225 
114 
9163 2344 1354 
651 792 5240 
12097 
185 
268 6044 424 355 137 699 398 412 1637 408 2034 309 1296 71 35 
146 19147 
728 
8994 6422 2266 142 15 1271 35 97 20 265 56 123 21 14 201 142 15 
99 41 5 2 24 29 738 66 36 12 14 16 33 62 17 38 7562 6090 4404 
19043 378 
3147 19 16 13333 19 16 
11069 
899 
226 146 1080 250 2913 4781 2675 3844 
2437 491 2000 9358 10 390 367 
68 5004 
2139 2846 4083 5996 
11570 
113 4 1 159 10 239 480 83 3 247 25 20 115 165 270 9 187 182 24 1458 12 7 248 157 347 448 700 1000 142 4 103 797 319 174 28 11 6 9 117 88 76 507 622 21 188 60 114 111 333 10 75 189 700 536 135 215 93 25 431 76 1 66 14 693 155 1 33 2249 923 12 7 248 157 374 419 19 151 95 611 965 
6648 256 469 
5334 8224 
416 8700 
1521 
143 10265 1703 19 2760 
1593 2143 7842 1727 3800 
125 5510 
477 1109 73 80 18 3141 111 298 364 4 418 115 1481 3168 734 1724 636 87 43 712 1408 
5358 225 1926 192 54 5753 2 17 134 247 2 211 36 305 235 278 
206 306 323 232 137 348 22 1034 337 707 71 191 1381 289 1192 496 686 274 746 423 673 216 27 133 33 29 2036 483 1598 41 484 126 396 180 16 81 329 173 566 71 191 376 28 90 84 66 29 183 26 1143 611 28 90 84 66 29 183 26 
7655 7113 
131 178 4 837 479 2851 642 458 8 659 163 707 282 441 1410 35 1809 814 928 145 1498 518 4352 409 
2515 1493 1974 2920 7558 917 
1722 150 24 155 
61 4986 
849 11584 3302 223 
964 124 10760 186 410 
996 8339 
5614 
585 635 399 62 650 1446 1015 1065 74 28 13 516 40 117 75 342 354 1040 220 8 147 104 277 182 714 922 969 169 1005 222 863 66 660 33 598 553 220 65 693 1190 70 366 366 
8617 
15454 
127 5 2843 327 3169 1024 467 548 5142 16 9 257 108 507 36 78 28 164 41 685 20 583 487 
6770 
13678 
225 326 8244 113 1086 956 9 2526 863 135 577 446 9 71 480 
40 
11355 
355 4424 2052 457 89 1780 2178 1657 3073 
6657 5665 
17620 2260 
658 
625 265 469 10989 3889 94 
4201 10149 3220 
13691 
3134 13368 
134 3194 71 8 327 1665 333 32 3443 203 1618 2944 6 1037 1682 71 8 327 
1961 
10041 
293 
682 
12381 
123 464 552 64 479 15 468 650 33 1770 261 29 510 1112 228 343 1160 321 236 16 129 134 223 5 49 270 747 217 175 101 1976 27 17 44 7 164 216 636 43 756 6 141 97 897 55 376 1892 563 20 34 156 210 
8044 
414 2901 38 1353 130 985 5319 1609 970 623 80 519 275 1468 38 1305 1355 905 
2538 
486 20 2378 10706 1 5133 120 
9107 
17614 1423 378 459 
3140 2405 10963 
2992 8399 
7134 
163 103 354 537 4 34 13 7 297 10 2 732 201 1876 281 120 906 230 83 173 4 1153 322 732 93 65 37 340 792 1379 952 178 876 92 80 30 4 69 326 256 144 227 28 1628 240 1920 528 669 221 842 
10065 
383 56 2 1805 29 68 46 299 515 685 574 240 42 29 335 2403 221 1453 51 122 309 4939 1275 691 685 1033 6 309 
174 12 7 97 
5920 
3029 
13611 544 
9260 1178 
465 52 5569 4551 
11488 7500 
6595 
10981 
81 608 4143 1641 
5062 
2262 78 
229 6891 75 1327 2511 3609 
2722 
1274 
11713 
2407 
2461 114 1136 5701 1768 363 5537 
5944 
12328 412 424 
903 
1017 13 1606 13022 
7230 7272 
165 19 8930 1086 319 7 377 866 
13116 297 
0 53 3 
6220 3070 
4370 4938 3150 
4238 7469 
397 
14408 
2795 
72 
931 928 825 2291 1405 1194 592 209 2590 132 2176 44 1358 65 618 842 126 1328 153 307 319 486 995 153 307 
191 305 355 161 24 99 127 254 81 495 266 139 347 641 7 360 140 7 26 349 39 33 76 23 122 197 335 33 101 13 204 192 56 95 309 1 27 48 239 176 289 133 62 107 719 279 390 486 3 365 9 130 58 129 475 707 10 45 267 323 685 632 29 25 920 7 23 3 364 350 47 96 59 7 633 16 349 41 17 25 78 769 7 360 140 7 26 773 212 78 453 13 268 1236 
130 9251 6774 
9677 404 
637 
855 12146 1133 
425 
195 139 250 1375 2207 12241 1128 
347 313 
13756 
457 36 365 158 4 9 34 107 61 186 197 60 609 38 14 144 7 180 19 975 340 1305 347 1 721 11 471 53 606 60 105 88 33 46 589 46 2581 231 34 1324 260 85 33 207 76 263 179 125 340 123 161 214 293 694 506 55 763 340 655 1686 574 
4267 
6919 7321 
16230 
354 4508 3828 192 2950 129 1946 1633 
1729 
13898 
103 256 209 8716 40 18 57 
12415 
1345 3 
7467 
686 2311 4698 2108 1431 6936 278 1982 
15082 
3179 13368 1817 
518 47 1078 916 406 538 946 1868 206 139 378 805 399 539 760 942 595 230 11 1731 362 541 193 236 273 1200 1015 1303 45 550 1665 
274 132 434 291 388 943 189 1106 1455 124 85 233 522 334 192 266 359 341 753 58 222 388 2107 186 11 2279 128 142 151 705 1504 824 1420 296 
15425 2477 1457 803 
919 
2730 
479 1531 
170 13097 5636 116 
831 1024 947 17 56 38 118 5131 79 4556 3151 3005 31 
908 
221 111 39 178 813 379 567 727 473 7 614 12 24 1019 810 537 1797 540 527 1692 1230 571 378 41 480 829 431 93 981 249 507 7 614 12 24 743 349 64 
13877 
550 813 168 5002 581 4882 2203 
525 335 801 79 702 423 538 10 780 152 1647 475 261 7 24 49 402 1346 2264 538 792 885 3186 176 375 10 780 1279 359 47 
9296 4436 
375 1358 495 2538 245 8379 222 1154 
1968 
9828 
5145 784 777 2038 9021 185 1585 103 387 185 
69 
169 13494 
19451 
11927 
1700 72 697 507 562 97 1061 260 825 828 240 86 415 144 387 39 2251 998 1497 294 73 739 33 386 253 545 9 44 1154 711 97 
234 
2883 
8505 
1326 
14712 
7185 
8263 7378 219 390 
57 
3838 10556 1126 1687 
16421 
5708 2114 6293 4352 
326 
687 5 10611 
1850 1085 3309 5584 251 215 104 6830 
14202 
5050 
4 
2271 1334 2227 28 8215 2899 2127 143 
11182 
5044 
386 61 53 82 877 
15788 
6396 62 2212 18 24 67 42 16 
231 8979 101 
249 132 23 539 10 8 285 1311 140 227 8 1400 868 31 24 98 275 90 1372 118 68 536 922 370 299 23 209 14 700 169 19 729 168 491 19 96 86 28 920 489 543 116 531 1460 2753 212 114 
5707 
240 44 
994 
10929 
253 684 1420 2087 5850 
6052 
999 2608 3247 5810 769 2248 469 159 83 584 
254 2447 108 47 1515 23 141 97 113 13 1504 358 257 258 51 7 618 919 67 43 706 112 436 72 2990 1119 406 769 2485 2260 
3808 13369 
1439 
9120 
196 
13902 
5073 
256 298 2354 6358 117 9369 
2239 
2367 13 
7432 
580 1753 39 319 15 630 53 771 956 816 92 278 187 222 42 641 162 378 879 2040 2367 68 46 78 124 293 620 244 183 21 691 118 233 269 497 53 771 
8524 
1576 108 94 3 2867 2 152 2401 4141 3433 746 382 3116 
3351 5 266 108 12990 5 266 108 
405 587 148 439 16 4 57 1991 2025 711 339 34 479 682 355 18 540 570 1209 783 481 213 434 720 8 893 294 324 257 1003 17 409 571 1321 196 83 85 13 494 55 492 
2496 
172 101 4418 4732 1336 760 6578 248 2012 
2652 
893 941 9591 683 7609 
2123 
1331 4 2 1513 9 5 13105 
3169 107 25 129 71 623 16 64 12333 108 25 129 71 623 16 64 
19764 
261 198 14 520 458 114 118 18 76 3 118 707 224 52 319 468 99 331 252 148 448 501 208 27 437 170 931 2 410 88 273 3 465 92 379 1266 40 350 428 2005 210 463 1055 2 73 507 213 1025 468 99 331 916 402 
2174 543 
16190 
244 9509 57 299 81 311 9042 
11722 
323 840 1148 1260 5 6 455 715 177 420 104 411 300 341 138 410 89 2277 153 332 1540 72 636 309 10 334 238 171 354 2086 469 817 5 6 455 868 924 
5045 
11777 
613 67 
12037 191 182 22 5507 2260 
367 2033 581 584 2742 750 516 3814 1040 355 1955 2197 1075 2260 
838 877 1428 49 43 49 65 31 208 27 101 2 31 404 141 804 3 19 17 172 31 47 59 103 37 48 57 9 53 36 17 50 2005 8650 49 44 49 65 31 208 27 101 2 31 404 1360 
4093 13369 
16409 
1941 14105 
561 1302 8 105 13400 2590 1169 341 18 72 6 207 447 
14913 
12163 
190 
8555 4839 115 402 193 
63 
14244 49 
3598 438 12931 438 
6684 
2460 695 819 1727 1876 1640 2328 2673 734 1571 820 
37 4803 
297 8 
5440 120 33 2 1317 345 61 764 4978 1173 242 
2783 
298 5152 938 3299 237 2644 2889 4400 
10910 
300 1298 72 2919 202 1590 137 1215 86 34 26 646 1144 56 731 901 323 685 1737 37 1655 
18158 2260 
2539 12217 369 99 144 52 2408 3 735 562 82 257 621 3 
5504 
4770 5284 
442 
15717 
4695 52 7 2063 6 487 3972 2841 1872 
430 
4232 
178 13605 516 1755 
2503 336 4661 3395 1197 118 170 2920 2445 2260 
501 180 121 605 122 218 177 236 169 67 588 551 33 578 1004 694 155 10 176 262 263 244 194 273 795 110 132 41 218 75 223 48 50 271 686 26 486 173 147 493 161 100 195 17 16 113 83 15 6 154 131 40 77 8 32 17 875 527 42 1222 64 119 9 311 5 418 225 527 33 578 150 63 29 30 39 7 52 100 10 4 6 53 28 5 9 19 22 332 161 181 50 6 50 380 24 399 33 168 63 29 30 39 7 52 100 10 4 6 53 28 5 9 19 22 
3011 9650 993 
2293 
980 419 2245 346 3713 1683 7627 346 
336 59 854 2 5048 208 2848 3561 2026 
94 121 31 33 264 2386 58 1983 4194 2212 3196 1120 9 356 3 117 40 
7506 103 721 5812 
19011 
352 10 8437 1655 1158 
508 4447 4700 531 15 2651 
58 
10933 
343 551 213 728 471 638 12234 
10251 
522 1154 2327 17 2913 1632 3964 1969 2874 17 1046 399 
348 313 357 14 14777 
12311 
12263 90 23 28 
7024 
349 1 260 52 
270 139 1887 54 13 318 
456 25 967 806 454 2605 19 46 2035 1604 2310 305 491 368 887 1755 665 285 2846 
1429 3857 224 860 804 2485 271 6 577 8 1886 345 1229 
16412 
83 
676 1436 
659 
11445 4302 
8836 7362 
7654 6124 989 
1914 30 
6192 
18700 
12083 
155 134 88 17 90 291 592 770 11 18 526 4100 684 236 130 2339 2827 15 111 135 100 990 28 63 602 76 1309 2055 607 69 
1526 1480 6679 4525 454 
6853 
180 19613 
6270 
15117 
4179 13369 
3712 4668 8701 
5077 
971 297 
437 1919 608 4255 1707 378 116 685 298 41 1355 1122 1015 309 1709 3045 
1325 8174 731 3 52 
624 1751 532 
15101 4321 
11512 
10151 
3 
1966 14 62 25 2 11 4 12 
9055 
1455 8979 
3123 13368 
137 13 58 2 42 136 103 4 81 70 
3475 38 15 19 13297 38 15 19 
32 
1910 
626 
5144 1854 8866 
2222 
387 2370 195 2296 1754 909 1795 2047 2551 3797 2260 
173 1023 63 1263 3 1674 3 23 4669 445 8229 3 23 1510 
8652 
4685 
502 9063 69 130 12 195 35 42 20 
598 336 4067 
2182 
3277 807 12562 807 
2953 
351 56 15 551 467 68 359 345 166 56 11 67 33 667 60 74 16 6 66 228 11 23 88 14 95 3 23 39 39 16 301 26 47 77 26 26 58 65 94 611 57 96 59 83 37 108 330 8 88 27 67 25 10 20 5 3 118 142 386 7 164 137 33 36 87 25 50 8 85 17 171 41 65 397 58 81 233 43 23 464 556 56 35 129 21 24 108 192 317 37 308 183 19 78 131 23 786 451 299 2 64 143 147 46 32 70 21 36 17 41 4 11 9 6 71 13 51 58 5 21 11 179 34 29 46 48 24 5 48 20 86 22 40 4 73 2 35 24 3 154 115 6 78 23 15 39 7 9 5 6 276 202 27 480 101 446 60 74 16 6 66 228 11 23 88 14 95 3 23 39 39 16 552 117 80 16 1229 10 808 117 80 16 
902 
199 1318 85 757 514 1348 548 747 245 40 308 124 99 3228 863 616 1192 850 1528 257 1142 1582 1176 
17739 129 7 133 1991 129 7 133 
12138 
1307 500 369 543 1538 6667 802 3377 380 2144 566 854 1 839 
8304 
12 2184 
16076 
104 
2292 
18186 
2235 53 97 45 163 
15057 
1882 
239 
18330 
24 
14265 
399 9240 912 
318 
18389 
10 688 208 398 498 369 542 392 1137 797 993 534 871 1167 424 435 763 21 661 803 873 863 1641 381 1004 1138 568 855 378 459 
418 
3579 13369 
408 11231 
7593 
3663 4129 9240 
471 7204 2141 86 1160 3090 4785 
941 14303 2482 2260 
6897 4705 
389 
12712 
8660 
533 9060 
13442 
11 3 914 
17605 2260 
2563 
671 
1549 
307 7731 
8270 
10651 
1481 
11337 6 3486 719 80 
8721 2015 5544 
8371 
15931 
432 105 63 5723 
4676 1622 3539 41 257 15 4659 535 209 2420 511 120 609 1020 
751 
1504 734 3320 5452 574 1693 152 455 
13418 
3742 21 185 34 819 1806 2171 167 3859 209 152 195 1000 305 955 1491 21 185 34 
511 1518 85 4149 202 1769 203 276 18 3639 175 3682 20 1744 486 381 1393 
578 5568 
363 166 478 378 280 466 206 515 943 12 7 248 504 56 1224 348 241 280 248 797 319 52 150 232 76 211 1091 95 225 244 175 1869 311 287 730 31 2169 219 918 12 7 248 1294 120 
13479 
2762 6666 8249 60 238 1173 789 60 238 
2190 542 395 1938 991 532 872 1168 422 438 785 2335 861 3026 1141 1420 383 457 
14045 
12601 
5744 2813 
438 9224 
3885 5644 7725 
6572 
4987 
2903 
440 5884 3276 143 70 45 12 30 20 
940 26 21 551 300 41 184 38 172 28 278 34 31 25 18 376 8 229 112 180 54 104 6 25 10 85 79 47 5 49 10 90 128 346 26 92 572 247 155 2 4 263 625 297 158 185 108 386 603 211 367 225 18 9 49 17 54 132 179 82 139 3 55 235 3 7 58 24 157 66 26 34 154 349 69 343 85 344 74 496 316 252 155 85 9 165 112 155 5 16 48 147 154 235 421 155 34 1329 459 112 180 54 104 6 25 10 85 79 47 5 49 10 90 178 1871 389 
464 1416 5918 10718 
2645 
2447 3563 249 1616 2503 480 1398 3475 
8498 
15566 511 
1594 3891 1145 503 4693 2350 343 14 8 
556 227 1379 1522 878 1442 487 13 602 489 710 779 190 43 29 72 1178 24 7 108 646 599 3410 943 720 664 128 4 498 166 162 439 20 335 21 487 128 4 
5647 
6303 
467 319 348 954 1064 915 560 1760 395 149 76 491 193 459 296 1259 486 504 664 1714 29 604 573 33 449 249 1225 285 916 511 449 484 138 753 436 
14882 
7663 233 1169 
10977 230 
197 
3021 8737 187 791 1558 849 20 
6401 5470 6723 566 
5394 
1876 4261 13 12075 85 529 44 
670 260 939 3094 4842 1066 8348 412 177 
15700 
5321 515 15 
162 103 674 6669 5719 53 
813 
8165 
2736 
2798 3529 1462 112 1040 658 198 20 80 6 14 1243 2244 241 58 1225 
16329 
9105 
22 
415 1830 36 508 89 282 829 205 99 485 59 315 88 28 165 180 329 246 104 207 835 397 89 725 706 1540 79 5 213 348 572 120 23 521 12 80 6 103 656 70 138 160 48 127 136 169 21 117 36 52 126 61 141 57 780 306 454 830 205 724 290 243 56 783 129 59 
2184 3855 
5204 
1844 430 1178 2160 6172 772 137 1831 2297 
12073 
4338 
1042 7494 4191 
7507 103 
590 3573 2600 4256 2725 3197 591 544 2260 
912 
594 
596 60 912 298 105 170 5600 326 1756 160 13 14 19 85 343 130 366 4556 
4904 3 9309 
669 2393 890 607 1735 661 223 1016 56 403 38 192 17 21 50 6 32 406 91 30 26 21 111 125 60 144 60 106 17 108 108 2 56 11 58 29 15 51 3320 29 825 2503 
11737 
139 15699 58 
1736 
17624 2260 
602 
776 593 281 
1500 6149 
18762 
5933 
18004 2260 
9 896 
755 
12998 
433 
7076 1213 
19452 
636 
7410 6976 
825 
12753 
7275 1955 411 867 296 
623 
2521 1779 10258 662 
19472 
1743 
643 1652 69 318 2494 9421 553 216 2508 519 53 167 514 14 324 93 37 135 60 344 
1630 
11040 
665 721 59 249 32 791 2688 1572 1013 1870 20 400 90 295 2940 241 3 55 535 48 245 95 302 146 
2985 3193 512 336 656 833 815 3763 126 2660 431 2302 564 657 
12572 
12709 
1730 
2549 2051 11423 3788 
6593 
15770 
42 1235 7 7 1798 1932 1523 
16466 
7181 899 1120 4293 1014 3758 
1800 
4191 168 96 120 1243 1723 604 446 234 293 11 1469 2333 249 4380 
6771 
429 
7852 
2520 
136 3732 13369 
4354 1629 1110 
11508 
237 2808 5111 6085 955 58 3839 518 49 74 5 
2902 
443 3413 481 189 3376 2290 856 618 1007 2664 1888 1015 
1276 
39 
8175 4274 
6642 
4379 1763 89 69 75 39 22 307 972 333 53 20 7 100 28 262 391 48 864 750 6 
4690 
1389 
188 
364 21 61 
558 4613 2776 20 3098 562 692 471 275 1583 586 3116 103 
1213 4890 409 2203 14 1868 4246 1131 258 
6611 
1419 4040 24 2022 4331 1705 60 495 847 
11815 
823 
11918 121 2670 5061 
709 
47 1235 7 7 293 1177 2478 773 279 104 2424 1373 1888 578 137 186 244 112 250 4781 902 427 
9356 5008 3857 
15874 
5088 3208 7295 
10635 
5879 
2065 3622 1577 6936 3591 27 1431 802 27 
3273 13369 
497 
15493 
2 53 
3085 
1117 6733 75 
4719 
2951 
3482 121 1481 241 254 193 11079 121 
614 
2151 7694 182 
===Document Endings===
[www.eecs.umich.edu/, 9, 9]
[fivethirtyeight.com/, 49, 40]
[eecs.umich.edu/eecs/about/articles/2018/improving-communication-between-humans-and-robots-in-20q.html, 697, 648]
[www.bostonglobe.com/, 896, 199]
[fivethirtyeight.com/features/we-let-our-readers-practice-international-trade-they-started-a-bunch-of-trade-wars/, 1298, 402]
[realestate.boston.com/buying/2018/04/06/checking-out-new-towns-at-checkout-counter/?s_campaign=bg:hp:well:realestate, 1797, 499]
[www.boston.com/cars/car-news/2018/04/05/government-goodyear-tires-may-have-caused-95-deaths-or-injuries?s_campaign=bg:hp:well:cars, 2168, 371]
[www.washingtonpost.com/news/retropolis/wp/2018/04/06/their-brutal-crime-horrified-the-nation-nearly-30-years-ago-now-the-menendez-brothers-have-been-reunited/?utm_term=.e043a2f36583, 2710, 542]
[www.washingtonpost.com/news/speaking-of-science/wp/2018/04/06/a-planned-space-hotel-hopes-to-welcome-guests-by-2022-for-a-cost-of-almost-800000-a-night/?utm_term=.755966fa1a5c, 3094, 384]
[www.washingtonpost.com/local/a-black-bank-witnessed-devastation-after-the-1968-riots-now-the-future-is-bright/2018/03/22/069fde30-1cf9-11e8-b2d9-08e748f892c0_story.html?utm_term=.a7161def5751, 4230, 1136]
[www.washingtonpost.com/national/health-science/this-strange-syndrome-causes-people-to-think-their-loved-ones-have-been-replaced-by-identical-impostors/2018/04/06/0091f168-1be6-11e8-9de1-147dd2df3829_story.html, 5026, 796]
[www.washingtonpost.com/local/social-issues/this-h-street-church-was-a-hub-of-the-community-in-the-1960s-then-came-the-riots-it-never-thrived-again/2018/03/22/b3bde402-2615-11e8-874b-d517e912f125_story.html?utm_term=.b0cd0f60adb1, 6025, 999]
[www.washingtonpost.com/national/health-science/i-lived-with-an-alzheimers-diagnosis-for-years-but-a-recent-test-says-i-may-not-have-it-after-all/2017/10/27/b461cace-af58-11e7-a908-a3470754bbb9_story.html?utm_term=.f38e8726f55e, 6549, 524]
[www.washingtonpost.com/national/health-science/who-would-fake-a-tragedy-on-facebook-just-to-get-sympathy-and-attention/2016/06/20/fac0150e-018d-11e6-9203-7b8670959b88_story.html?utm_term=.87a5e3b3253b, 7427, 878]
[www.washingtonpost.com/national/health-science/when-alzheimers-hit-she-joined-a-clinical-trial-where-were-the-other-black-women/2017/08/18/757d753a-4246-11e7-8c25-44d09ff5a4a8_story.html?utm_term=.0ecb3f2d8e4f, 8593, 1166]
[www.washingtonpost.com/national/health-science/brain-scans-show-many-alzheimers-patients-may-not-actually-have-the-disease/2017/07/18/52013620-6bf2-11e7-9c15-177740635e83_story.html?utm_term=.ce9924cd53f7, 9019, 426]
[www.washingtonpost.com/national/health-science/scientists-reawaken-memory-in-mice-that-had-a-condition-resembling-alzheimers/2017/07/28/0fab451e-7303-11e7-9eac-d56bd5568db8_story.html?utm_term=.43e71f7a79db, 9452, 433]
[www.washingtonpost.com/local/social-issues/stress-of-poverty-and-racism-raise-risk-of-alzheimers-for-african-americans-new-research-suggests/2017/07/15/4a16e918-68c9-11e7-a1d7-9a32c91c6f40_story.html?utm_term=.4b761aa0565c, 10225, 773]
[www.washingtonpost.com/, 10242, 17]
[www.washingtonpost.com/local/social-issues/complex-jobs-and-social-ties-appears-to-help-ward-off-alzheimers-new-research-shows/2016/07/22/5f227bc4-4fca-11e6-a7d8-13d06b37f256_story.html?utm_term=.7e32611d067f, 10907, 665]
[www.washingtonpost.com/entertainment/museums/the-train-was-moving-mournful-slow-exhibit-shows-haunting-photos-of-bobby-kennedys-final-journey/2018/04/03/b10af912-3109-11e8-8bdd-cdb33a5eef83_story.html, 11698, 791]
[www.washingtonpost.com/business/economy/trump-seeks-additional-tariffs-on-100-billion-of-chinese-goods-in-escalation-of-trade-confrontation/2018/04/06/6b8c3472-3952-11e8-9c0a-85d477d9a226_story.html, 12570, 872]
[www.washingtonpost.com/national/health-science/lewy-body-dementia-has-symptoms-even-worse-than-those-of-alzheimers/2014/12/12/a0ca05a0-69a9-11e4-a31c-77759fc1eacc_story.html?utm_term=.021cc4b0d73d, 13441, 871]
[www.washingtonpost.com/national/health-science/what-happened-when-this-college-student-drank-too-much-too-quickly/2015/08/31/f83876a2-2590-11e5-b77f-eb13a215f593_story.html?utm_term=.93ec3d5110ac, 15077, 1636]
[www.washingtonpost.com/world/national-security/manaforts-lawyers-want-mueller-to-name-alleged-accomplices-cited-in-criminal-indictment/2018/04/06/f3ba6acc-3915-11e8-8fd2-49fe3c675a89_story.html, 15459, 382]
[www.washingtonpost.com/entertainment/theater_dance/all-at-once-broadway-is-carrying-a-torch-for-landmark-gay-plays-of-the-20th-century/2018/04/06/c21aaae0-3695-11e8-b57c-9445cc4dfa5e_story.html, 16462, 1003]
[www.washingtonpost.com/local/a-black-bank-witnessed-devastation-after-the-1968-riots-now-the-future-is-bright/2018/03/22/069fde30-1cf9-11e8-b2d9-08e748f892c0_story.html?utm_term=.afb7ac2ad2b8, 17599, 1137]
[www.washingtonpost.com/local/public-safety/justice-official-authorized-mueller-to-investigate-whether-trump-campaign-chair-colluded-with-russia/2018/04/03/ffa78ac4-3738-11e8-acd5-35eac230e514_story.html?utm_term=.651bd1354b98, 18178, 579]
[www.washingtonpost.com/local/trafficandcommuting/as-e-biking-grows-us-cities-consider-easing-rules-on-where-the-machines-may-be-used/2018/04/06/d20b2f58-3756-11e8-8fd2-49fe3c675a89_story.html, 19025, 847]
[www.washingtonpost.com/local/public-safety/us-judge-appears-dismissive-of-manafort-lawsuit-challenging-mueller-appointment/2018/04/04/2debea4a-3826-11e8-acd5-35eac230e514_story.html?utm_term=.54a91cfde18f, 19399, 374]
[www.washingtonpost.com/local/public-safety/ex-trump-campaign-chairman-manafort-challenges-his-indictment-in-russia-probe-by-filing-lawsuit-against-mueller/2018/01/03/708016f8-f0c1-11e7-97bf-bba379b809ab_story.html?utm_term=.9d5e016027b5, 19859, 460]
[www.washingtonpost.com/local/public-safety/justice-official-authorized-mueller-to-investigate-whether-trump-campaign-chair-colluded-with-russia/2018/04/03/ffa78ac4-3738-11e8-acd5-35eac230e514_story.html?utm_term=.13325ac26f32, 20438, 579]
