===STATS===
unique words: 4253
number words: 13830
number docs: 20
===========
56118 
56199 312 
56483 
56292 
56488 
56506 
56168 
56133 
56127 
56128 
56131 
56253 
56113 
56155 
56500 
56154 
56114 
56180 
56484 
56208 109 
56115 
56550 
56166 223 
56479 
56308 
56374 17 
56117 
56541 
56210 61 265 10 
56300 
56230 
56234 41 167 98 
56140 
56181 12 118 153 
56422 
56534 
56157 
56264 
56175 
56428 
56302 
56339 
56312 
56307 
56325 
56335 
56337 
56573 
56582 
56487 
56344 152 134 
56347 
56568 4 
56583 
56393 
56398 
56423 
56478 
56450 
56463 
56466 
56470 
56480 
56491 
56492 
56499 
56510 
56533 
56566 
56567 
56592 
56596 
56605 34 
56624 
55158 
55254 
55206 
55141 
55480 
55112 
55132 
55477 
55398 
55198 
55336 
55609 
55151 
55579 
55152 
55363 52 48 
55178 55 47 111 50 20 12 32 25 32 22 21 22 17 45 24 
55116 
55150 
55131 
55354 
55512 
56134 
55208 
55640 
55126 
55222 145 11 
55452 
55666 
55290 
55285 
55506 
55240 
55248 
55133 
55111 
55251 
55381 
55125 
55271 
55272 
55281 
55399 
55300 
55704 
55114 
55316 
55231 
55337 
55347 
55484 
55340 335 
55355 
55565 
55370 
55379 
55380 59 
55384 
55686 
55631 
55180 
55620 
55544 
55414 
55417 
55446 
55470 
55492 
55475 11 
55547 
55537 
55493 
55221 145 89 
55451 
55115 
55597 
55712 
55699 
55549 
55219 140 18 31 59 
55557 
55665 
55590 
55612 
55299 
55661 
55652 
55654 
55682 11 13 
55694 
55697 
55703 
55707 
54426 
54348 
54385 
54424 
54795 
54713 
54689 
56590 
54360 
54359 
54813 
54401 
54463 274 50 45 
54383 
55267 
54942 
54450 
54365 
55070 
54911 
54820 
54372 
54373 
54527 
54853 
54683 531 
54781 
54405 8 9 47 16 56 26 36 5 36 49 47 68 2 35 27 13 22 27 18 22 11 14 6 31 25 29 
54387 
54390 
54511 
54765 179 
54363 
54453 
54400 
54490 
54761 
55104 
54947 
54427 
54428 87 58 86 43 51 
54653 
54788 
54433 
54435 
54439 
54346 
54442 324 60 
54443 783 
54729 
55310 
54539 
54700 641 19 
54434 
54447 
54797 
54654 
54451 
55063 
54577 
54351 
54560 
54723 
54628 
54615 
54487 
54520 
55030 
54483 
54493 
54588 
54347 
54687 563 39 
54817 
54518 
55050 
54851 
54556 
54584 
55089 
54879 
54598 263 
54599 
54842 
55409 
54629 
55039 
54831 
54648 
54721 
54841 
54361 
54553 
54523 
54935 
54684 178 
54381 
54686 
54679 
54720 
54726 
54728 6 55 1271 
55091 
54455 
54833 733 
54855 465 
54763 
54811 
54536 
54440 
54856 
54352 
54874 
54880 
54889 
54919 
54922 
54923 
54927 
54930 
54943 
54945 
54953 
54954 
54955 
54956 
54982 
55000 
55001 11 
55006 
55011 
55017 
55018 
55023 
55034 
55040 
55052 
55055 
55065 
55087 
53207 653 
53161 653 
53040 653 
56246 
53041 653 
56474 
53047 653 
53046 653 
53391 653 
53077 653 
53081 653 
53082 653 
53319 653 
53362 653 
53535 653 
53263 65 331 257 65 331 
53124 653 
53120 653 
53542 653 
53125 653 
53058 653 
53129 653 
53403 653 
53116 653 
53549 653 
53068 653 
53692 653 
53259 653 
53153 653 
53575 653 
53156 444 209 444 
53197 653 
53162 653 
53548 653 272 
53165 102 551 102 
53183 653 
56523 
53168 653 
53169 653 
55080 
53448 653 
53196 653 
53103 481 172 481 
53212 653 
53180 384 269 384 
53108 92 266 175 120 92 266 175 
53076 
53210 653 
53408 653 
53044 653 
53231 653 
53042 653 
53278 653 
53242 396 257 396 
53086 653 2420 
53254 653 
53265 267 386 267 
53266 254 399 254 1368 19 
53358 653 
53198 653 
53079 653 
54827 40 
53554 653 
53061 653 
53420 653 
53457 653 1335 
53296 653 
53303 653 
53104 653 
53682 653 
53459 653 
53336 653 
53054 653 
53347 653 
53402 653 
55057 
53349 653 
53357 653 
53384 653 
53375 653 
53383 653 
53636 653 
53438 653 
53401 653 
53582 653 
53256 653 
53634 653 
53413 653 2252 
54622 
53400 653 
53306 653 
53442 653 
53443 653 2307 
53463 653 503 267 1692 
53359 653 
53450 653 
53456 141 512 141 
53117 653 
53487 653 
56249 
53490 653 
53492 653 
53493 653 
53170 653 
53452 653 
53511 653 
53537 653 
53557 653 
53574 653 
56293 
53578 653 
54384 
53632 653 
53633 653 
56205 
52535 
52554 
52577 
52557 
55153 
53015 1743 
52550 
55333 315 15 
52542 
52620 
52977 
52935 
52633 10 10 32 28 1918 44 
52702 
53664 653 487 
52760 
52571 
52540 
52717 
52660 
52649 14 15 
52670 
52562 
52824 
52539 
52547 
55062 
52602 534 653 
52637 
56402 
52534 
52572 
52564 
52597 58 76 26 27 34 41 32 53 22 26 14 
52627 
52629 283 
52666 
52611 
52545 
52896 
52664 
54575 
52673 
52723 
52579 
52689 
52695 
52699 
53352 653 
52589 
52538 
52707 
52720 846 653 
52727 
52739 94 
52741 
52761 
52762 
52786 
52768 
52866 
52816 
52804 
52807 
52861 
52869 
52988 
52876 
52882 2448 
52894 
52885 
52888 
52928 
52939 
52946 
52957 
52967 
52970 
54437 
52999 3188 103 307 
52185 
52397 
52105 
52224 
52155 291 
52160 
52085 
52799 
52086 
52079 
52091 
52401 
52246 
52474 
52268 
52116 
52240 
52243 
52097 
52080 
52447 
52265 
52510 
52119 
52120 3460 15 
52274 201 
52487 
52442 
52488 
52500 
52261 
52210 
52361 
52223 
55350 
52285 151 
52146 
52330 4121 
52386 
52154 
52156 
52509 
52077 
52157 
52167 
56305 
52099 
52088 
52149 
52188 
52211 
52531 
52220 
52511 
52090 
52081 
52104 
52302 
52226 
52262 
52271 
52276 
52464 
52098 
52298 499 1973 
55128 
52448 
52529 
52100 
52336 
52473 
52381 102 689 653 
52390 
52480 40 
52411 
52413 
52458 
52479 915 653 
53149 653 
52491 
52508 3860 180 
52517 
52518 
52519 
52523 
52525 
52527 
51063 517 
51078 7 510 7 
51038 517 
53653 653 
51126 517 
53271 653 
51041 517 
51319 517 431 103 8 26 39 
54600 
51086 517 
51124 357 160 357 4279 224 
51052 8 509 8 
51034 517 
51347 517 
51054 517 
51249 517 
51196 517 
51055 517 
51139 517 
51343 517 
51289 517 
51080 517 
51429 517 
51168 86 50 381 86 50 866 451 389 110 7 147 389 110 7 
51311 517 
51301 517 1646 199 454 199 
51057 517 
51202 517 
54821 
51209 517 
51228 517 
51037 517 
51056 517 
51067 517 
51061 517 
51088 517 
51405 517 
51147 71 292 14 13 127 71 292 14 13 
51100 517 
51295 517 
51101 517 
51487 517 
51108 34 51 12 35 45 29 44 41 44 26 24 132 34 51 12 35 45 29 44 41 44 26 24 
51156 517 
51082 517 
51406 517 
51225 517 
51077 517 
51113 517 
54368 
51462 517 3542 
55634 
52895 
52201 
51118 49 27 48 44 46 22 111 170 49 27 48 44 46 22 111 
51132 517 
56387 
51076 
51296 517 
54446 
51125 517 
51135 517 
51083 517 
51486 517 
51346 517 
51138 517 
51306 517 
51145 363 154 363 
51226 517 
55197 
51334 517 
55522 
51260 517 
51155 517 
51252 120 4 393 120 4 
51248 517 
51490 14 503 14 
51043 517 
51413 517 2508 
51140 517 1753 653 
51177 517 
51335 517 
51232 517 
51084 517 
51046 517 
51253 517 
51146 517 
51256 517 
51447 517 
51265 517 
51271 517 
51279 517 
51287 517 
51382 517 
51294 517 300 
51300 517 
51317 517 
51316 517 
55642 
51318 74 443 74 396 11 122 
51320 517 
53203 653 
51329 517 
51389 517 
51501 517 
51044 517 
51361 517 1421 653 
51366 517 
51488 517 
51383 517 
51388 517 
51408 517 
51412 517 
51416 517 
51418 517 2810 
51430 517 
51474 517 
51544 517 
50786 
50364 
50377 
50369 
50368 
50454 392 
50392 
51491 14 503 14 
50409 
50913 
50380 
50998 
50779 
50386 
50573 
50425 9 40 32 47 77 40 31 25 20 37 11 34 48 29 57 6 33 
50550 
53245 185 468 185 
50436 
50451 350 19 27 1 
50878 
50470 411 27 
50441 
50452 
50444 173 157 
50453 
50455 
50411 
50894 
51266 517 
50901 
50814 
50479 2263 2873 86 
50961 2484 653 
50996 
50385 
50439 363 121 
50391 
50949 3531 
50841 
50640 
50396 
50393 
50565 
50424 528 
50395 
50800 
55638 722 239 
50503 
51040 517 
50577 
50844 1828 
50585 
50603 1593 3066 
50592 
51247 517 
51384 517 
50681 
50771 
50614 
50615 73 251 
50599 51 
50749 113 1742 
52241 
50485 36 233 1944 
50647 52 308 2472 653 
51281 517 
50653 
50658 
50659 
50666 1 
50696 
50760 
50548 
50874 
50710 
51409 517 2556 31 
50711 
50970 
50875 
52726 
50792 
50731 
50733 
50758 
50384 
52528 
50765 4787 
50767 
50826 
53189 404 249 404 
52551 
50807 
52808 3 
50401 
50404 
56376 7 25 25 
50839 
50727 
50812 
50764 
56126 
50867 
50868 
50885 
50462 3999 845 222 28 
50892 
50730 
50557 
50918 
53540 653 
50789 
50930 
50935 
50936 
50940 
50969 1934 48 635 653 739 
50973 
50988 
50993 
55424 
51004 
51024 4 5217 
50293 
49881 
50062 182 72 38 
49991 6 466 
52578 
49977 
49970 
49877 
49895 
49979 
49891 
49898 484 
50343 144 165 5570 
50174 
49947 4 
49943 88 181 79 
49915 
50039 5148 30 381 
50142 59 42 107 
55304 22 
50252 
50135 
50073 
49917 
49907 
49883 
49897 
49878 
49923 490 
49945 
53105 227 41 208 10 15 152 227 41 208 10 15 
49903 
51221 6 511 6 
49957 5401 
49920 
49948 
49956 5432 
50351 
49952 
50194 
49963 
50065 4459 
56343 
49955 79 183 
50219 
50189 
49904 
49978 4679 
50309 
49919 
50150 
50097 2379 1150 653 1018 
50230 
53216 653 
49914 
49999 1371 517 
52092 
50283 
50017 
50013 
53392 653 
49983 1049 1580 
50163 
50256 
49879 
56396 
50046 
50052 
50253 2203 
50061 641 290 
56163 41 32 2 31 10 17 26 36 11 30 44 18 15 40 12 7 7 3 4 14 46 
52318 
49908 
50067 
50083 
50099 
50070 
50323 
50109 
51144 517 1989 653 
50110 
50233 
49913 
50114 
50116 18 
50119 761 1532 
50199 2426 
50190 
50124 
50129 
50157 52 
50140 
54928 
50141 
50144 
50161 
50162 
54860 
50175 2064 
50187 
50188 
50193 
50200 
50210 317 303 4705 
50255 
50221 4372 
50265 
50227 
50232 
50242 
51120 517 
50247 
50322 
50251 
50264 
50267 
50318 18 12 2464 
50295 
55658 
50347 
49860 6236 
53119 653 
49682 6236 
49607 6236 
50567 
49498 3 6233 3 
49651 6236 
50465 
49639 5 174 2419 11 358 3269 5 174 
54510 
49645 6236 
49784 6236 
49524 6236 
49553 3 32 29 83 37 24 64 10 5954 3 32 29 83 37 24 64 10 
49697 6236 
49659 6236 
49609 6236 
49504 6236 
49529 6236 
49490 6236 
49570 33 78 13 11 11 26 37 22 35 12 6 2 15 5935 33 78 13 11 11 26 37 22 35 12 6 2 15 
49799 6236 
49546 6236 
49493 6236 
49554 45 23 6168 45 23 
54773 
49793 1746 517 3973 
50496 4058 
49565 126 6110 126 
49568 6236 
49523 6236 
49695 72 88 6076 72 88 
49574 5651 207 378 
49862 6236 
49813 6236 
49584 6236 
49629 6236 
52594 
49596 6236 
49506 6236 
49508 6236 
49798 6236 
49491 6236 
49764 1561 517 4158 
49624 6236 
53279 181 472 181 
49735 5019 305 912 
49785 5808 428 
49500 6236 
49631 6236 
52496 
49485 6236 
49613 1287 2001 2948 
49636 3215 3021 
49528 6236 
49503 6236 
49638 179 6057 179 
49522 3 6233 3 
49684 4949 1287 
49655 6236 
49693 160 6076 160 
49678 6236 
49679 6236 
49715 6236 
54806 
49646 4967 1269 
49597 6236 
49722 6236 524 
49725 8 27 284 5917 8 27 
50761 2480 260 107 286 260 107 
49727 766 18 40 2145 55 213 2999 
49731 6236 
52452 
49732 6236 
49734 6236 
49876 4798 749 295 394 
49796 6236 
49746 121 6115 121 
49847 2573 3663 
49766 6236 
52536 
49772 6236 
49775 6236 
49886 486 
49488 6236 
49778 6236 
49800 6236 
49810 6236 
49824 
50804 
49840 4858 810 568 
49846 5227 1009 
55170 11 18 37 38 382 607 73 
49857 6236 
49869 6236 
48874 
48887 
49315 6850 85 20 89 229 7 19 
49088 
48875 
54548 534 
48942 4511 653 
48899 
49051 12 
49132 204 
48877 
49029 
48941 317 9 17 528 2330 3 624 3279 
54917 
49285 
49012 
48977 88 
56397 
49530 6236 
49233 
49084 
54382 
48910 
48967 3322 1160 653 2275 44 36 
49115 
49295 
48963 627 3424 2812 
49204 423 3812 653 1380 391 
49053 
49388 
49348 392 6236 
48880 
49009 28 21 53 
49880 
49626 40 3090 3106 40 
49210 
48890 
49027 
49356 
48889 
48948 
49605 6236 
49026 
48909 
48997 2334 517 
49070 
49268 685 2873 
52512 
48970 32 5 4317 653 
49225 1399 
49110 
49060 
48900 
49306 135 
49066 7407 
52363 
49069 
49073 13 107 
49074 40 1913 2648 653 
53407 653 
49420 1555 5381 
52679 
49040 
49200 
49152 253 
49099 6 2031 517 
49106 
49117 
49207 
49123 446 6236 
49134 208 
48913 
49144 
49202 
49174 5787 
49019 
49151 
48882 
49153 
49157 
49384 18 
49042 
49406 
49176 
49181 
49311 
56388 
49197 
49201 
49208 181 26 3190 299 
49209 266 3 1694 517 4518 
49325 
51137 517 3573 170 
49215 1676 506 517 
49399 1116 204 20 
49246 72 47 318 3418 213 300 37 103 213 300 37 1615 
52927 
49228 
49234 
49239 
49168 
48962 646 7 2543 973 653 2060 7 
54950 719 
48912 
49252 
49255 816 32 131 
49935 29 
49283 
48999 
49291 
49025 
49312 
50132 
49314 
49335 1377 1714 
49238 2181 517 
49410 4242 653 
49411 
49413 
49432 
49440 
49462 1556 
49468 
49482 
55156 
48195 7997 105 
48007 
52244 4185 
48114 
48691 
47999 
48570 
47997 
47994 4543 
47998 
48008 
50179 
48101 5542 653 
48599 
48314 368 
48123 
48040 
48015 
54677 
48715 
48067 485 14 4278 
48275 4911 653 
48032 
49672 6236 
48673 
48079 
48242 
54989 18 
48033 
48014 
48893 
48039 
48113 
49576 6236 
48767 
49637 6236 
48535 513 19 3708 254 3363 
48053 9 89 42 24 15 50 22 112 33 53 51 38 77 25 10 54 30 7 2 15 
48068 
56278 226 133 
48038 
48087 2397 
48560 4329 2589 
48057 
48908 
48267 
48174 
48306 1688 3032 
48293 
48088 
48042 7118 
48445 
47993 
48074 
48473 
48383 7061 
48012 
52074 
48739 1442 1076 51 466 51 
51169 517 
50186 
48011 
48363 
48525 4 2882 517 4381 
48078 
48211 
48018 7118 
48096 
48914 
48089 111 19 1018 
48144 654 
48061 725 
48764 
49052 4 967 5079 
48240 
48828 1960 2340 653 
48353 4351 
49162 268 
48121 149 49 95 57 247 
48095 
48639 4116 
48100 5542 653 
48108 
48785 
56150 
48111 
48133 
52495 
49720 6236 
48348 
48120 
48117 
50362 
48125 7534 
48823 
48153 
48102 
48009 4543 
55653 
48131 807 3781 106 
48013 
48143 
56353 
48137 304 220 23 
48229 
48155 187 93 28 52 120 154 2397 517 
48760 
48188 
48548 
48016 
52069 
48776 
48139 349 
48036 
55639 
52114 
48140 8379 
48489 4431 
48573 4399 
48175 7375 
48080 
47996 
48179 
48564 
48185 6579 111 
48295 3080 517 
48203 
48119 640 2362 10 302 205 10 302 1217 58 12 10 46 335 192 58 12 10 46 335 
48145 
48210 
48212 218 22 366 4319 653 
48112 
48312 
52532 
48822 2105 
48221 
50648 
48795 
48215 
48474 
48543 6188 
48619 3976 874 653 2273 
49623 6236 
48243 
48023 
48737 
48255 
48256 
48257 7 
48262 
54402 
48268 726 4197 194 459 194 
48126 
48325 
48536 3990 
48574 
48253 
48286 
48299 
51449 517 
50502 497 
48309 
48311 
48836 
52078 
48321 
48761 5 
48328 4360 
48289 117 277 
48837 5579 
48475 
52587 
48335 
48596 
54432 
48748 
48351 
48354 2461 4262 
48413 
48357 
48364 
48107 
48365 
54646 
48037 
50328 
48549 723 5543 
48366 
51109 517 
48674 
48169 781 2487 517 
48367 5229 653 
48369 
56116 
48373 135 3937 1178 653 
48377 
48384 
48641 
48392 177 7817 
48876 
48106 128 17 36 
49015 
48394 
48063 1514 5409 186 641 
48389 4936 12 149 11 64 417 12 149 11 64 
48647 
48407 
48196 
56152 
53388 653 
48418 
48313 1006 2157 517 
48429 5161 653 
48440 
48446 
53107 72 15 64 59 23 30 92 82 29 46 29 112 72 15 64 59 23 30 92 82 29 46 29 
48398 5232 653 
48254 
52561 
48453 
55591 
48455 2091 
51321 517 284 2 60 24 71 8 25 63 33 24 38 
48261 
48470 51 174 7680 
53491 653 
49864 6236 
48664 
48477 
48479 
48644 4120 37 
55471 
49484 6236 
48465 
48500 5931 
48472 
48540 
48551 
48585 
48557 
52089 
50929 
48562 
56553 
48571 
48578 
56333 
48579 7707 
48581 
48595 
48597 
48601 
48611 
48862 
48618 4850 30 157 466 30 157 
51506 517 
48621 
48629 
48630 
56314 
48034 4542 
48633 
48638 344 
48640 
49353 870 1187 517 
48643 
48656 4 
48658 795 
48659 
56329 
48681 
53083 653 
48698 
48700 
48932 12 37 6 92 51 48 64 6 102 25 5 5 8 24 56 
48701 
49483 3 6233 3 
48731 
48768 
49205 
48774 
48775 
48783 
51117 156 155 206 156 155 
48784 
53214 653 
50202 
48813 
48598 
48838 1293 
48865 
47309 7041 
49745 6236 
47307 
47323 
47415 471 742 3505 780 
54899 
47977 3476 517 
47376 
47824 357 
47781 
54522 
47328 
47694 853 529 
47845 
47312 
47340 
47701 3195 
50995 
47692 7484 
51489 517 
47349 
47667 
47314 
47410 311 61 7 
47353 3055 
47351 
47352 
47656 
47964 
53559 653 
51148 71 292 14 13 127 71 292 14 13 
47472 351 905 4291 275 653 2377 
52931 
47358 
47404 
47332 
47518 64 
47731 
52331 
47374 1288 6178 
56561 
47436 1003 6377 
47383 
56169 
47306 
47453 48 2585 6 
47650 2208 4766 1470 
47409 
47498 52 4 85 479 20 349 7036 
47384 32 32 40 42 11 20 4 68 31 34 31 33 79 42 32 33 14 4215 
47678 
53059 653 
47405 
47941 
47408 372 14 
47411 311 61 7 1883 6236 
47322 
52549 
47746 
56179 
47420 109 358 4531 
47804 7168 561 
49712 6236 
47389 7229 
47517 
56512 
47308 3059 
47967 3249 517 
47482 1321 1680 130 
47939 1264 
48000 
47428 156 
47432 7271 
47691 
47440 73 101 39 20 285 11 
47356 
47719 3089 
47430 
47792 29 
47864 
47355 
47450 3915 517 
47753 
47377 1334 91 4818 653 
47354 7032 
47490 
48356 871 
47375 1110 
47739 1 
47880 
47487 
47460 
47817 
49816 6236 
49458 
47458 
47741 
47546 27 194 
47563 3013 
47348 
47331 
47597 
47604 
47819 
47535 29 
47538 
47556 1901 
47567 1897 
47970 7369 
47575 7105 
53399 653 
47856 7328 154 
47568 2927 162 
47579 2466 5574 
47592 
47357 
47784 163 302 1416 6236 
47593 139 3067 2431 653 591 
47325 
47596 
47413 2844 12 6285 
52198 
47598 3088 18 5647 
47606 
49532 6236 
47607 
47628 1703 507 2328 88 129 3156 535 
47304 
47311 
53521 653 
47638 
47642 
47330 
47646 338 574 4961 653 
47339 
52513 
47434 
47674 4528 
47677 4991 
47675 2330 3 12 658 
47676 4461 1211 653 641 
47680 
47693 
47696 679 
47702 159 2256 
47853 1434 
47708 8620 
47709 985 5907 
53323 355 298 355 
47710 2751 
47385 32 32 40 42 11 20 4 68 31 34 31 33 79 17 25 32 33 14 
47727 
47744 5 
47407 1412 2392 517 3262 
47756 
50406 
47761 2391 1022 517 
49463 5910 
47774 27 1793 6236 
47798 4587 3025 
47805 
47705 274 3407 517 856 1857 1785 
47788 
49582 34 6202 34 
47305 
47806 
47751 3488 517 874 1956 279 
47808 2651 6018 
47825 14 
53109 376 277 376 
47350 
47815 
47459 
49077 
47478 7011 
47838 
47857 
47858 
47632 16 56 1012 3458 256 
47618 
47870 1153 84 
47875 4879 
47876 
49589 6236 
47879 
47890 
55757 
47897 8 
47900 4750 2379 
47904 
47908 4506 
47919 3009 4574 
47928 2816 5433 
47932 
47936 
49036 5556 244 
47946 1445 1546 
48589 
47959 
55696 
53080 653 
47985 574 
51103 517 
50410 
47989 
47991 
47094 6150 111 542 111 659 1695 
46936 25 6 42 32 10 147 66 654 11 386 61 102 104 93 2224 1739 202 96 75 1629 21 137 
46981 
47032 6116 653 
53098 653 
51068 517 
46809 
47291 
46780 
46783 
56217 
46770 1225 
49396 1272 
47223 676 4985 
46786 
46784 1226 
55331 
54521 
46782 
47096 
46795 4275 517 1483 653 
54508 
50154 
46791 
46959 968 
46801 
47043 
54486 
50563 
46785 
47080 5099 
52642 
46825 
46805 5296 
48345 
47038 
49034 125 6491 
47079 324 3890 155 362 155 213 
55581 15 
46807 1228 
47084 116 415 
51407 517 
49433 3569 
46811 551 
46942 4348 517 
46772 
46917 
47192 4018 517 
46848 355 244 148 48 
56424 
52574 
46793 
46822 
53144 653 
47090 
50197 648 
46941 862 3092 
46996 
47085 
47181 5096 
47269 3891 517 1241 
46771 
46897 322 325 
46833 12 25 23 6 52 41 54 14 49 15 38 6 21 52 18 21 6351 653 
53067 653 
46779 
47289 
49527 6236 
46865 713 2469 3 1186 517 
46998 
52952 
46834 4410 517 
48807 
46788 547 
55140 
46842 
46889 
46830 22 16 35 92 235 7 
46843 2700 2570 3666 
52068 
46853 5979 
51473 517 
46924 
50466 
47283 5679 
56576 
47992 
47064 
46857 73 41 14 3240 2519 1720 15 53 133 45 23 10 198 16 284 370 
46769 
52608 342 46 4 
46952 1576 222 354 1211 432 750 517 508 2577 
46861 
52570 
46802 
54557 
48093 
46864 3254 
47215 
46767 548 
47892 
47299 3187 870 163 354 163 363 2616 1498 106 
46876 72 548 280 308 64 29 25 139 21 95 5 52 70 258 7 1 4 17 3746 99 34 20 8 77 
52845 
46878 536 171 265 
47097 9209 
48690 
47217 4007 517 
46882 2425 839 103 
46912 1347 
46895 312 
46905 113 117 237 52 102 26 105 79 111 65 2094 482 
47235 
47167 
46918 922 
46928 511 720 4863 1774 5 
46987 1854 
53381 653 
46932 499 2545 890 2059 1534 103 20 127 397 2 200 
54349 
47001 7634 
46850 428 
46938 
54366 
46945 8440 
47185 
48610 
46947 7497 
52334 
46774 543 
46954 
46765 
46966 126 55 
48915 
46796 4275 517 1483 653 
47172 
46908 546 85 49 574 518 1766 26 1944 
46873 
46999 7 33 28 34 20 22 
47076 
54605 
47004 
47077 6348 653 
54786 
47005 3102 
53027 
47013 142 
47014 143 
47591 14 84 71 5071 201 1712 
47159 1087 757 69 
47044 811 216 86 51 139 86 61 2 37 146 127 45 3749 41 52 175 4 84 18 65 1634 228 
47088 
47055 
50703 
47058 
47062 210 3081 7 
47105 
47078 
47081 307 10 138 108 22 16 25 244 37 1699 1446 517 530 2277 1466 
52846 
47086 
47149 8315 
47089 
51115 517 
47133 20 
47091 
47098 1353 1522 1058 
47106 1280 2896 517 
47111 
47115 
52601 220 545 314 339 314 1203 894 
47131 5153 151 505 
47114 
47142 
55086 
47054 379 58 5176 34 78 
47146 2464 6236 
47150 
47156 
47160 
47161 4029 337 180 337 
47173 690 
47083 
47197 
47183 5622 2175 
47193 1156 2515 125 
47191 
49512 6236 
47216 938 22 11 37 410 38 4 4490 7 51 12 347 236 7 51 12 347 
52494 
46894 
47225 
47231 1002 883 470 1875 517 500 886 653 534 1271 
47240 
47255 
47257 226 103 14 236 18 216 13 33 31 9 190 15 71 24 5 34 18 19 51 95 127 3794 17 24 52 57 28 77 13 4 84 18 65 1862 
47265 2957 513 8 3790 
47284 
47296 5977 653 
46342 
46644 8690 
46491 58 470 117 2078 766 910 506 517 
46691 2607 
46375 
46591 6422 
46372 
46468 
53534 653 
46520 
51414 517 
46690 
46340 
54712 492 
46458 
46475 
50500 
46701 
47093 
46349 
46352 
46706 
46572 25 31 807 87 25 23 20 143 726 6258 66 
46732 
46576 262 
46361 
46359 
46390 
46334 
46431 
55317 
46623 1843 
46364 2539 5473 
52575 
46613 
50402 
46618 6004 
50883 1860 278 
46464 218 
46369 
46373 3153 6236 
46487 
46360 
47338 683 
46374 
46568 
46553 2671 
55154 
46376 
46454 
46552 
46515 
46534 2070 
46370 
46379 
46435 119 
46436 119 8244 1610 
46438 6160 
46350 3152 6236 
46351 
46337 
46398 18 28 22 28 8 14 21 20 9 30 30 16 32 15 19 26 
46347 
46601 29 
46396 218 108 
46395 
52880 
47313 
46477 4208 
46414 
48859 
46473 1618 331 915 
53277 653 
46404 1018 3035 4259 
46440 
46426 6449 
46363 2539 5473 
46333 
47869 
46433 2790 
56156 
46498 6383 2804 
46764 1382 1517 3260 2976 414 
48271 674 308 6163 
46525 6797 653 
46633 103 1113 2328 
46703 
53689 653 458 1426 
46447 65 6140 
49339 
46522 1822 1043 3129 247 
46336 3151 6236 
46666 3644 
46405 
46339 
46459 52 10 5 9 6 19 185 
46721 2907 6236 
46547 
46462 
50004 15 
46479 51 56 18 49 6 8 
51339 517 
46428 82 
46481 167 13 4 3458 
53455 
46482 
46881 
46392 8522 154 
46353 
50321 
46412 59 139 
46533 7018 653 
46504 
46348 
46524 70 76 74 
46527 
46539 
48077 2719 2545 653 768 5 
46542 1905 2291 4055 65 79 85 87 62 11 55 54 5 286 
46627 
46546 
46561 647 
51345 517 
46640 
46585 6152 
46571 
46457 
55348 
49240 
46617 2729 1506 
46588 3217 1690 517 4029 
55382 
46589 3215 3024 3212 
46590 332 3116 873 4586 
46592 149 
55292 338 
50507 
46673 
55149 
46611 4084 
55020 
46616 4235 
46632 3616 723 
46638 59 310 604 2836 1846 
52199 
46650 2171 10 29 
46688 774 13 
46523 
46671 4016 
46672 
46677 4710 517 
46676 
46678 
50080 
46679 
46683 1754 371 599 14 1284 300 1706 3529 218 
46403 421 420 816 501 840 291 66 94 85 4667 1324 66 94 279 
46687 
46698 
55110 
46711 2238 
47329 
46724 
49118 
46990 996 123 3007 336 181 336 213 
46753 2468 4428 653 971 
46740 
46749 
46750 
46751 
46758 8133 
43505 
45453 
43504 
43522 
43978 
44673 
46915 
44350 5659 6 6 2809 201 487 653 
43516 
45002 
43501 
43507 
52555 
44738 7901 
43823 96 75 734 647 757 12 5295 517 
48337 
44641 
43788 
44436 
50840 
45183 1138 1140 13 9070 
55431 
46356 
43679 2308 2853 115 1120 164 
50284 1869 
44838 7462 
45049 7597 
44532 1090 621 4774 4057 1374 
43525 
45450 176 967 150 1645 102 
43519 
45638 
44988 41 112 941 3631 3160 418 653 2005 
45782 113 
49281 372 2580 664 2992 
46182 
44601 8 5517 1039 517 521 
43897 8 99 426 658 1593 2341 6427 
44300 6336 19 
49633 6236 
43502 
49981 
45252 35 1423 8315 
43529 6377 488 
43561 
43737 
47668 
47003 3782 2524 653 
44446 602 177 4051 3870 14 639 14 659 1944 
45832 2606 6233 
50886 33 
43539 
45669 
43956 
43920 
44775 8904 2 2 649 2 2 
44647 
54569 
45985 9632 
54790 
43716 415 762 15 1049 
47549 
44229 1733 
48931 447 
44491 
43548 4383 3514 517 3708 
44228 
43559 
45665 116 34 
43850 261 247 4 99 1229 364 99 871 7 6 800 1026 310 615 3513 111 542 111 1959 591 
46316 
44183 811 5 139 36 10 104 127 116 407 2472 
43562 6723 
45426 
44034 950 656 7175 12 
44175 2113 
49893 
44989 
44331 
44708 
56586 
50379 
44922 8366 12 641 12 
44222 
54732 
47926 
43778 1 1986 
46406 3675 2775 
44476 5 2567 1559 263 1228 563 672 517 
43631 994 
43515 
43796 104 1013 
45283 3469 319 2059 120 397 120 
43622 
43619 64 1472 8127 653 
48444 
43634 9636 277 376 277 306 425 
47486 7165 
44137 58 1691 1 2285 428 644 4210 11 642 11 1542 848 
53604 653 
43530 
49630 2 6234 2 
45329 
46418 1444 3311 517 
44135 3041 
56338 
43985 
44374 
51153 517 
46040 3658 602 2390 3244 
48115 
47075 
43579 2845 8155 46 198 1450 
43748 
56417 
52546 
45565 
43943 
49289 
43578 7737 36 481 36 
46394 
43528 
43890 463 948 53 1914 649 1644 936 129 1815 3356 
43746 1006 1366 611 520 885 1826 2507 306 216 1513 345 726 143 
44872 613 576 1718 23 
43576 909 11803 
49571 33 64 38 37 37 22 35 12 23 5935 33 64 38 37 37 22 35 12 23 
44646 866 547 
43715 1699 3430 908 63 2397 1206 653 1917 63 
48793 
43638 1779 1034 127 2378 772 5972 264 
43652 521 1838 6799 2182 
51079 517 
49251 43 
44855 116 1192 2950 898 11 559 8 34 403 337 517 1079 223 98 225 330 98 225 2140 
52245 
48094 
46296 
44122 344 34 43 56 1526 79 1569 4544 3174 676 422 
45086 
43544 
47809 
43756 173 1178 314 113 2607 3046 517 1829 653 2225 202 
43860 10 813 205 44 5 203 3 2 2 435 7076 3867 
51500 517 
43512 8560 4053 
48273 
45438 
43785 51 1046 16 12 958 23 1048 2623 6236 
44388 
43706 2177 
43506 
55246 
54626 
44201 
43582 84 11830 
46808 
44642 
50622 
45798 
43769 7462 517 
46290 
43989 3690 
46862 
44025 
52565 
43565 367 277 2022 982 1307 6 4 
43526 5372 613 4860 768 608 392 
56404 
52252 
48892 
45213 103 2336 2469 70 12 699 1302 3453 964 
43648 1106 53 46 527 19 378 432 4528 2063 2191 
43600 49 
44639 
44085 970 
43541 
43605 103 196 368 380 1282 57 61 181 2612 
43668 1308 6441 517 365 4324 
44148 1413 490 207 
53684 653 
45312 529 6320 
44270 
44578 2895 2275 6236 
50443 49 18 4 57 54 59 13 21 11 5 8 11 17 28 8 59 19 131 
46064 6187 4015 
44524 10764 
50467 
43613 
45970 
52126 
43572 1936 84 5530 517 1511 653 2368 
52930 
45943 3663 2506 3730 
50049 
47911 
44249 
43595 
43591 285 706 99 116 2674 1063 188 453 532 63 3 565 3 395 188 2510 653 1856 63 3 
44389 
50290 
45054 
46587 82 210 77 3073 45 86 46 32 553 1414 
43620 303 703 23 589 5483 586 517 
43714 1034 
43537 
46497 2 5651 255 
43856 
47326 3057 
43698 2018 89 20 9399 148 
45295 
43721 5633 
44242 2819 1910 
55245 1133 27 
43558 149 131 134 52 37 131 273 166 356 4 18 178 10 211 58 53 485 452 2175 2627 25 492 25 
43618 24 663 103 955 710 145 1237 85 2628 554 288 345 163 354 163 466 
45361 10028 
43878 7502 517 3704 
44493 1733 
55210 76 
43624 
44156 4 14 861 3503 1254 849 647 517 1438 5 648 5 2127 
45460 
44020 1599 1953 140 1547 2004 517 560 774 653 
49211 
44041 5897 324 
44038 
50297 574 3901 413 284 82 38 
47519 6976 
43577 
52771 
43675 6339 623 
44089 
43640 286 3901 2867 
43651 194 723 284 219 6 768 
43588 4692 1187 
43961 
53546 653 
45230 
50405 
50438 
50491 
50938 
44619 
43720 538 5691 54 25 35 38 21 37 46 107 1 12 
54362 
43887 1219 109 41 
44016 1101 
43753 10965 904 768 
43903 
47480 25 119 21 311 2648 7 155 
44972 104 8205 653 
43661 
50058 5217 
45925 3322 
43509 
48419 
43568 
44750 
43664 515 2390 2692 1294 367 1248 723 2513 
45745 
43719 324 
49892 
43543 
45297 
43674 190 652 158 387 30 119 384 286 100 50 
44459 
44086 876 317 3900 1395 229 488 517 331 174 75 45 960 653 2324 
45437 
46766 
43676 
43874 204 247 
50541 
43687 
43614 444 335 1207 2736 1715 620 559 517 
46087 161 
44083 962 
44248 
44484 194 15 31 9 13 22 32 9 19 31 38 10 884 1792 7793 
47671 2838 
43694 
43514 
48066 
43695 218 5023 
43584 2270 1859 4628 
52560 
52489 
43702 1167 360 394 847 675 5603 556 653 
56243 
47787 
43725 
44862 525 900 
43704 1254 1162 55 22 
46940 489 
43693 
43995 695 1156 7404 653 
55468 
52843 
43520 
45111 
43523 
45728 
47971 
45817 8658 
43730 367 10975 
44815 6205 1375 
52453 
43536 
46969 
44519 406 30 184 866 8671 948 641 
43764 2000 115 2848 5914 
43771 2226 
43586 
44700 4 5958 340 3645 
43734 9294 1860 
43772 4218 4186 2315 6 435 
45069 1437 1825 274 2855 517 
44391 509 1127 54 77 2699 1752 11 2685 208 445 208 935 
44198 1251 138 380 4 
43667 302 579 106 1584 10018 
47608 
44415 5569 5585 
45937 
48888 
43736 801 1629 3575 878 30 854 517 260 1054 653 1990 
43629 2820 996 5784 653 
43643 466 61 514 92 75 186 520 396 1113 207 1249 22 107 1520 671 2191 657 653 460 742 765 
49327 
43937 4771 
45406 
43751 873 635 877 1757 2663 359 71 2564 653 
44157 9504 653 
48650 2504 517 3900 
45773 56 1783 
52581 
43754 11658 
43611 480 14 676 589 110 25 146 2590 33 3189 517 681 20 253 
43759 
50781 
43690 150 328 1592 1001 4738 517 
45673 
43760 
55069 
44986 4 3 5 251 
43761 
46792 
43585 59 18 3 333 1165 446 1948 984 411 507 122 138 75 2425 3598 138 75 
45347 
44110 7433 517 
43773 40 1076 
50381 
43722 6567 
45236 12 578 
51039 517 
44457 
56153 
44675 
43780 
44417 
47015 
43550 24 42 14 39 57 15 43 8 12 14 19 57 8 16 21 25 39 116 58 77 9 22 10 22 26 34 24 5 12 9 12 36 78 11 7 35 16 12 29 167 40 13 19 95 22 28 33 21 59 5 20 23 27 36 3 62 38 10 7 3 26 24 19 20 15 27 51 52 22 25 46 19 110 12 8 44 14 28 3 74 4 19 52 13 20 94 
44645 46 
45757 2900 210 
46184 57 6078 689 1555 
43786 
43521 
43787 
43790 3354 234 687 
49217 3793 
45900 
46858 7853 
44208 69 951 224 2283 2254 5309 
43793 2401 
49709 6236 
44502 6650 517 
49555 32 25 170 60 5949 32 25 170 60 
45377 
44483 
43735 107 1119 3174 4333 1952 1782 
43718 5350 
47660 
43795 96 1879 521 4416 
43798 5804 6236 
52533 
44268 
45159 2084 2799 
52281 
43843 11 2158 2 2731 108 15 1712 7 616 517 1468 653 1128 26 
47359 
46309 
43552 56 3543 9286 
43806 674 3026 7386 
46714 6270 
45947 5 113 2444 6916 
46088 156 
48968 
44100 
47175 26 415 2259 6236 
44307 
43549 63 240 115 90 119 144 285 177 10 11 11 182 138 2 39 400 77 380 
44019 
43569 
43645 
43542 
44930 700 2051 
53112 372 18 263 372 18 
53640 34 619 34 1016 
50363 
43824 
43717 10 
43826 739 669 544 21 25 47 9512 
52563 
43987 8684 240 3676 
44282 9 56 
45121 47 10 
43832 375 643 596 1135 279 583 9 2614 11 8 6 205 172 195 121 1531 
44375 19 10 19 19 11 7 37 
44005 
50941 
45577 7 7 458 62 
44534 
47737 
43653 129 2502 6602 
43984 12628 
50836 
45672 
43833 1968 81 529 985 802 2081 1977 3292 
43835 
44297 463 445 37 73 41 363 845 83 80 413 630 60 331 211 7 327 677 586 556 191 559 517 344 93 144 769 653 2560 
44323 
44359 
43844 118 419 1463 410 18 1418 608 2525 207 2509 121 532 121 2013 35 
44505 
48031 
43859 1446 
45545 70 3 
44671 177 2863 3522 517 
55503 12 
43944 583 12101 
44203 4152 
43865 1152 
45553 
56552 
44514 5306 3370 27 204 422 27 204 1982 263 
43689 150 197 477 446 727 16 57 26 2001 745 81 222 329 1 447 1386 3965 466 246 173 789 
54940 
44479 5210 1820 517 1369 14 639 14 1513 350 
43922 31 59 109 65 58 768 1122 45 29 231 624 169 342 168 226 419 21 681 210 29 1006 817 10 103 6 57 341 10 103 6 57 1033 2166 641 722 
43871 
54877 
43858 
44837 
50728 4028 38 
43979 7550 517 
45304 
43733 146 151 985 
43873 
44264 1999 563 969 347 1611 751 5485 220 382 
44774 552 1822 7304 
43880 500 346 191 10 4 15 234 348 8 2081 5 62 54 9 799 194 129 214 12 2 3 19 64 48 643 228 256 854 226 291 226 393 2 1085 653 2022 328 7 8 173 
45635 65 1869 
43882 
43513 
50903 
43503 
43560 5564 
44525 
56141 
44970 5613 
45232 29 3 
45820 
43976 
43899 1013 1937 2305 7070 
43807 4975 1088 6236 
55287 
44540 8821 653 
44267 
45179 
43906 
44009 7220 517 
52121 
44758 10836 855 
54988 
52708 
43910 9536 653 
43621 303 127 576 251 361 971 
52802 
45590 6 1350 9232 19 274 47 56 
56440 
43914 1185 145 1339 370 40 677 102 2704 302 716 517 612 87 198 99 
48191 
43540 
43774 849 
43581 
46320 
44424 
43767 779 109 566 435 200 298 430 303 868 2021 13 1045 535 4 513 4 1421 653 673 620 755 13 
43915 1325 532 
45455 6012 29 6 482 29 6 
43990 
44518 
46315 
43999 1504 226 779 703 475 552 904 1322 85 1614 1502 653 378 811 
44275 
43935 198 80 11 16 429 655 83 
52259 
50481 
43936 
43775 73 554 94 337 42 228 3870 
46354 
43992 347 1898 
43959 2927 4 8087 
44628 1043 321 204 821 584 48 818 745 1676 506 121 396 121 168 286 783 272 381 272 438 449 1523 
44351 6474 
44200 
43952 
54870 
44512 3150 
53372 653 
43954 
47464 
46919 
43752 905 224 903 
49900 488 
43639 334 1966 1331 3063 1195 517 310 917 653 880 
55488 
48266 
43965 149 2086 56 19 2890 579 1289 4947 
43895 
43968 
45493 104 3947 4 27 6011 194 4 27 405 291 
51415 517 
43971 
45400 3324 402 
45697 
44204 
43975 4231 8 5098 653 2233 151 24 125 122 
52328 
45695 
47791 
43566 97 270 277 331 18 1642 31 9338 902 
51058 517 
43980 3708 1497 3827 3235 279 
44130 
44232 941 792 
45642 
54561 
50359 4070 37 285 354 582 
43986 
54968 26 15 269 
53078 653 
44573 
43988 3274 454 7106 41 20 
44008 7102 517 
43800 509 558 134 607 490 187 160 1039 2871 823 73 298 146 73 298 254 2358 30 601 393 
55607 
43993 
43996 
48833 
43997 74 114 248 169 1273 260 990 4 1524 467 604 1643 517 1408 653 1149 866 
47337 683 1882 488 2169 
45909 
43636 
44000 
44006 4368 1751 
49000 
43945 5605 6236 
52553 
43794 2221 2837 2527 517 
44007 77 1364 138 543 48 1996 1965 2054 2829 611 731 221 
43700 50 97 926 117 212 613 89 9419 148 42 
44010 
44152 3768 166 149 62 71 35 55 187 65 107 26 12 141 4119 40 2 76 42 69 127 84 40 173 40 2 76 42 69 127 84 40 
44013 11466 
44014 1197 448 
44026 
44011 2705 2875 73 21 38 91 6013 73 21 38 91 
45285 
43673 
51182 517 4602 
48022 
45358 
55705 
44027 6964 
44032 
43739 6304 
49028 567 1303 4933 
44529 22 
52227 
44037 
43677 
45308 
48054 
44217 4400 38 6015 
44045 2354 447 1031 8542 
44048 6180 629 
50361 
44771 626 4569 348 12 4 4374 1550 
44049 6136 4654 
43740 
50172 
46212 
44743 371 734 4758 4323 
44053 
43563 821 1663 5198 27 153 15 322 27 153 15 
44054 1578 2178 765 4565 653 1885 897 
52075 
44056 4303 
48250 
44062 
43723 
44065 
47342 683 
45276 3008 
44067 312 1524 7519 140 513 140 
45151 67 141 42 
44503 
45693 7409 653 
48277 4944 286 94 273 286 94 
44069 1903 6662 52 28 133 679 653 
43659 696 13 48 194 276 49 323 167 549 39 969 38 7 6 726 344 1456 269 760 2428 190 83 239 331 83 239 345 648 621 269 
45231 
45352 
44070 940 
48499 
47465 
43590 563 
45724 2073 1341 804 
44584 1409 
44072 1471 3928 
44074 
44075 
46529 
44076 1900 3 1444 704 702 4370 304 349 304 2133 
45866 857 516 
45442 3114 4306 3606 
44702 
43604 3530 502 344 985 3429 2071 474 
43628 1910 11 
45461 25 27 47 42 
44199 
44260 
44081 
44082 
44088 4336 1 43 51 
44102 
52929 
44090 35 4177 
44490 
44226 6954 517 
44093 
44526 1742 2604 4518 653 
43531 
44094 
43747 
43960 3856 4 5704 653 
44596 1066 1520 2854 4646 
44096 1394 716 1590 957 384 1077 72 577 596 5 512 5 403 619 1511 843 183 
55588 
44098 4648 706 
44113 913 7 148 183 652 258 1018 5 261 2 1896 4 1056 300 206 355 517 323 466 591 143 12 498 143 12 720 
43609 3084 511 2052 5964 145 89 
44215 4388 5922 4 
46859 
44112 3447 
44581 10429 
55679 
43678 1372 3599 3983 2581 192 138 
44247 
52084 
48128 50 80 7 23 19 184 4729 118 18 12 9 138 358 118 18 12 9 138 
44161 527 294 300 2199 1699 1432 809 517 2634 1854 
44128 1535 7066 
44129 3837 1159 7342 
56303 
46076 
46543 112 4019 1766 
44132 
47412 39 61 12 10 444 
44694 5825 
55127 
44134 
44903 
46103 
53510 653 
46997 1212 1471 2575 3661 
44138 641 528 192 539 699 6949 653 
44140 
44063 189 
43770 
54706 
46332 
44699 
44784 
48616 
46804 556 
43927 
45467 4993 2191 1865 19 41 199 
44142 131 
43916 
47152 
45337 4098 2023 517 
43658 2822 172 8 87 2343 
44146 
44729 613 3390 464 
46311 
45237 
44147 
48081 
44150 6422 4091 
44487 3230 
43909 
44557 215 808 183 1174 718 2175 2780 603 653 1337 307 556 
44155 3078 5771 
44706 
44158 
43508 
53049 653 2420 
44345 4420 3430 27 
54960 
44023 37 131 5574 1177 4007 1052 
44149 
54354 
47514 
44159 5067 484 134 1558 517 4027 134 236 
52987 
44164 1578 2534 1724 1322 517 493 7 1066 653 1392 1064 
55058 
44165 207 123 438 5584 
45923 7549 653 
50128 
49592 1732 517 3987 613 
44280 
51036 517 
44169 121 1204 104 2033 84 1709 1751 14 503 14 
44171 9520 653 
43907 1859 885 2735 2952 2196 2095 
43742 
44261 31 56 
44221 4626 
49064 
43830 989 
45806 8764 659 224 
47437 
46250 
44187 282 1063 2849 12 
48076 16 74 79 377 32 60 
44189 
54549 733 341 
43599 2191 185 3 18 3447 
49649 3283 2953 
45299 
44211 
44214 
43635 4463 150 70 146 287 557 1883 266 23 18 18 192 266 23 18 18 1195 143 125 150 12 223 143 125 150 12 
43646 1609 13 1998 238 1185 
45901 
52780 
44219 
46402 278 
44231 
44383 9006 653 921 
43627 54 274 36 189 432 137 34 1163 139 316 16 339 1661 120 481 284 828 81 648 1922 699 653 478 19 36 317 
43815 
44225 1702 692 2227 1236 
44223 2187 1455 
43594 11674 405 
54905 
45441 
44236 4697 3805 
44237 
49916 
49658 1249 4987 
43744 794 705 249 675 807 308 187 157 3020 362 302 517 346 80 3285 
45416 
46267 
44464 5355 6236 
44246 12039 149 
45816 
44250 
52159 
43940 
43857 12378 
44255 
44868 394 839 4436 2712 653 
46155 1570 
44259 
46408 288 1185 682 388 1162 232 460 77 508 517 858 22 660 653 1399 957 
44269 
44274 29 318 919 537 2145 1008 1398 2866 653 1525 
44141 
44281 1811 628 530 1512 168 7 2021 
44698 861 1048 886 
44181 842 309 
44284 125 368 681 
44411 
53176 653 
45935 
48646 
44661 6582 517 378 510 3047 
44710 
55500 
49513 6236 
43518 
44286 1198 
43898 1013 1824 1108 2849 
43686 5358 
48687 
44670 8508 249 404 249 734 401 1133 
44289 1336 2089 951 
53553 653 
45137 586 99 
56149 
44299 1211 5675 517 
44304 
44471 
55183 420 
44306 1768 9 
45217 7065 
44315 781 245 55 156 12 511 124 8299 
46251 
46297 
45744 10420 104 
45800 2999 1479 2090 2934 
44322 
44197 188 803 101 635 2241 246 5078 653 
44212 2717 1453 129 1193 1573 517 585 795 653 941 497 675 
54903 
44324 
44329 
44722 
45968 336 2119 
46003 
44334 
44338 5059 434 1562 517 1589 653 726 1189 
44340 
43947 2289 
43802 115 1114 239 2827 100 23 58 60 89 286 107 4313 489 164 489 473 
44346 617 55 
49050 6185 1230 
44751 4209 3506 
49750 6236 
45644 
53132 653 
44349 225 267 287 4 355 55 2284 5683 653 930 1425 
45349 
53397 653 
45807 517 6086 
52273 
44356 69 1251 4951 5757 
43680 
50578 
44357 
44366 
44279 8123 
46920 596 3138 
43911 1991 
55130 
49265 
44489 
44092 
44523 2453 3 1258 191 1008 1721 517 649 14 415 2295 19 286 988 
45922 
53268 653 
44371 778 11045 287 
51235 517 
45260 1853 
45758 
51066 517 1483 653 
44632 3620 
44390 428 2 1330 
44392 
44316 352 441 1072 1328 2764 2597 2452 
48436 
44549 
43527 
44108 
44398 
48989 
44407 
44918 4253 5519 
44410 82 7 99 370 3427 122 1476 346 832 12 348 157 12 348 1204 653 2283 94 33 17 163 105 34 
46483 
44413 1477 3396 3220 3752 
47087 1205 18 2449 
46322 8874 
47401 364 2289 
44414 190 10 
48296 
44420 2162 23 5564 
44672 
44434 
43724 
44712 1729 73 36 
44265 
52746 
46310 10241 
51035 7 510 7 
44443 5036 3257 1881 1795 23 
54606 
44452 
54478 
44456 32 507 3724 1040 749 680 7 510 7 4283 
44166 
45469 114 
45637 
52662 
44462 804 
52329 3067 
43517 
46325 
55466 
43855 2608 
51261 517 
46193 3797 
44099 
54589 
44468 5222 297 1127 517 677 3618 
50012 131 788 
46420 70 58 752 2550 6236 443 
45605 
44474 10181 
55349 
51129 517 1674 653 1401 1123 
48291 
44486 
44506 3189 2785 4727 469 
44638 
44511 
44002 8212 
43703 60 36 678 389 74 139 509 163 17 6 56 6 21 50 101 21 109 145 8683 
44521 2504 
44220 209 610 270 169 1428 224 243 52 102 26 105 190 65 2576 184 10 26 54 48 174 
46259 
44528 
44530 257 1506 9018 
46117 4479 3905 368 
44545 10352 
44696 
44552 
43892 1596 335 348 3546 6236 
55230 
46213 6 3 2261 169 341 13 2256 517 895 6 604 653 
53175 653 
44554 
50554 367 4414 
44555 244 5541 5247 
44558 5168 1129 158 1502 2277 1170 
56119 
44590 4427 7277 
44762 
46133 
54774 
44561 
49551 6236 
45514 1586 23 2588 5030 1206 
44707 4301 
50378 
46298 
44575 461 853 1796 854 191 1700 212 176 3 12 2082 2178 1136 
48073 
46965 1440 5053 653 
43688 174 449 831 197 232 708 744 7 6 2444 3146 188 36 658 8 645 8 
53143 653 
49145 
44745 
44104 
43974 6802 3938 1567 
46358 432 2107 613 1555 517 1483 653 652 768 608 392 
44579 
43538 
44588 228 3797 
49567 6236 
44607 307 
43896 11332 1029 
44620 
49621 6236 
44635 29 220 1045 
44178 5930 
44193 1784 9367 990 
55157 
44636 1268 139 2461 872 
44194 
45610 
44637 1268 139 2461 872 818 
43633 
44640 
49676 4780 1456 
44031 
44644 3523 
44651 
44679 7628 186 1163 653 2271 
43637 177 635 
45056 150 2012 20 1552 3375 48 694 
44692 
54448 28 74 33 66 75 60 269 32 
44697 5968 
44040 805 600 4174 3699 653 1884 
47199 1131 2878 517 572 291 
44701 
53164 653 
43571 1159 1 2182 6306 653 
44711 
45547 4 5231 324 517 2788 
55193 
44715 
55260 
48555 
43701 64 81 627 1754 
44717 290 4393 1130 3969 336 265 
52697 96 2253 
44718 7615 18 
45933 7299 653 
50953 
44419 
44719 
44732 8873 653 
44736 478 
52497 
44737 
53444 653 
52266 
45858 
44739 1385 2181 
54719 
52941 
44740 
44741 11582 
51053 517 
43868 6563 
45831 1044 7785 
44515 
44742 92 5768 4888 
55430 
44028 98 5942 
47720 
44812 
44344 1268 494 1393 
49521 
48895 
44753 2867 
44756 
44757 
44458 
45158 4663 6236 
44764 6 
49921 486 
44765 
47099 
44786 3047 1999 6236 
51359 517 4742 
44790 166 4032 3304 
45803 8762 
51381 517 
44793 
53563 653 
45481 6744 
44798 1248 1398 3288 37 477 195 322 195 3460 
55447 
43545 
45574 
45246 
44603 10 558 8033 653 
44804 5540 
44805 8627 653 
45386 19 
45755 
51521 517 
49296 
46757 
44811 508 197 396 266 77 9453 925 
44817 
55518 
44821 
49566 6236 
44823 7305 103 26 15 22 15 12 32 16 8 67 33 
44824 
48749 581 268 6236 
44826 31 
50033 
49516 5628 608 392 
44831 
44835 4401 
47982 
44840 1161 1186 8057 
45157 4238 152 924 5312 
50632 
44033 
44952 
48228 
44849 
44864 234 
45277 
46192 
44387 
44874 
56602 
44896 1803 
44314 28 
44906 1360 
44916 451 174 512 25 70 2397 1202 5072 575 25 564 
44919 
50155 
45712 
52107 
44921 
44923 
44924 41 4078 48 
49861 6236 
44928 
44938 1356 
44941 
44942 
44948 1333 2343 7627 
48130 
44964 56 6403 517 3487 
44966 56 259 3519 
44975 1538 10081 
44412 997 
44977 
55318 359 565 227 
50501 
45362 
44979 
45169 
45840 
44980 719 2524 
46636 
44992 
45523 44 37 10 3 17 
45013 3092 185 191 
45014 9733 307 504 
45021 
45034 
49896 
44184 8654 3624 
45038 8260 389 264 389 
45040 2 4 2081 39 
45043 
45052 
49121 
46302 
49751 6236 
45057 
45060 104 29 57 3029 3908 
45172 
50324 
45227 3612 864 5345 891 425 
45068 
49167 
45078 
43849 4420 1381 6236 
45085 1022 9528 
47641 
45154 
45089 34 194 162 1356 2099 3324 109 628 
45090 10528 
45095 30 52 143 1511 25 370 2944 2201 494 129 432 247 406 247 1311 
45885 
45113 
54904 
51127 214 19 284 214 19 
44901 72 1448 840 5211 
45120 42 
46303 
45126 8509 653 
45127 
49379 
46781 552 
45131 3496 
45146 
52573 
48878 
45643 23 28 7 
45182 
48263 
45186 4874 
45988 939 4410 517 
51143 517 
45189 11 
45190 
51472 517 
45434 
45194 2425 341 437 1245 991 1732 544 2969 335 345 
55192 
47107 7381 
45199 
50595 
45212 
44230 
45216 
45219 4564 6236 
45220 2443 
44421 1573 3198 
45222 
52147 
47174 
45838 
46962 3034 
45226 
43934 1705 292 
45245 
45736 
45247 9532 
51059 517 
46934 
45251 35 
45327 
52327 
45267 1193 
45269 
47872 1597 
45629 
47186 7673 
45746 
48917 
43570 
45273 297 37 488 9334 
45507 
45284 2920 
45302 886 5135 517 
45291 
46323 4847 14 503 14 
56385 67 
45293 
45294 
45780 5331 517 
45296 
45298 
45303 
48848 3955 3768 
44630 
46207 45 4961 517 
46748 
44256 2719 2161 
45311 
50370 
43816 11576 
45318 1338 7814 
52548 
45322 
45333 4665 
45334 
45779 
46377 
45346 
55681 
45563 
46211 1739 1343 872 849 15 1858 133 
55633 
45348 
48316 
45351 131 9 
45350 5952 517 
45357 3149 
54531 1660 
44562 32 1503 
45353 19 10 20 8 8 12 
45366 23 9 6745 
45984 2 
44403 
45376 
46318 
45378 
46307 
45379 14 
45381 750 
54425 
45385 
45392 1785 1561 33 546 1628 1510 525 597 653 
45413 
45433 
45439 2743 7 
45440 833 
43606 1524 566 6923 
45476 1398 960 2710 2092 154 
43592 1492 
45443 3278 954 935 4957 344 
45464 
49414 3847 36 365 252 36 365 934 
45562 
45468 
51278 517 
45472 
45500 430 816 2393 
45502 5367 566 517 
45898 
51340 517 
48420 
44386 
43791 12 14 2044 536 18 28 22 28 8 35 20 9 30 30 16 66 26 99 12 25 23 6 52 41 54 14 49 80 70 21 773 98 42 24 15 50 22 112 33 53 89 77 25 10 54 54 1623 40 32 47 77 40 31 25 20 48 34 77 63 33 107 34 51 12 80 29 44 41 44 26 24 132 34 51 12 80 29 44 41 44 26 24 114 60 24 71 8 25 63 57 38 127 58 76 53 34 41 32 53 22 26 14 1399 8 9 47 16 56 26 36 41 49 47 68 2 35 27 13 22 27 18 22 11 14 6 31 25 117 55 47 24 22 65 50 20 44 25 32 22 21 22 62 474 41 34 58 26 36 103 15 28 12 12 35 46 
45504 
49398 
44714 6388 517 
46042 408 112 345 621 131 109 566 370 1741 2476 1509 30 
45506 
45515 
45520 
45544 7985 653 
45550 667 4281 701 327 190 327 4538 
45554 67 879 2524 
45556 
55255 
45568 3886 6152 
55129 
53055 653 
43709 357 12254 
43732 3228 2089 
45572 
52879 
45573 5526 517 1481 653 
45578 
45589 
45601 
45365 
45631 1300 69 10 47 5558 61 133 160 170 653 842 
45636 2850 
45647 
45654 80 2139 1857 3668 653 1915 
47940 4467 1033 653 
45655 
51593 
45658 
53057 653 
45661 
45667 765 
49656 6236 
44120 1438 704 245 2722 2316 517 338 332 1993 283 1402 
45674 
46034 
45677 
47242 3 2229 104 47 1850 517 796 2105 921 47 345 
45678 1778 
45681 
45685 
45704 
45706 4 
48879 
43827 2 1076 139 392 296 347 192 2049 2900 517 1497 181 13 84 375 181 13 84 
46314 
45473 
45717 5733 517 3684 
45722 
43729 
45725 3276 832 4574 60 279 23 56 212 19 461 7 50 495 
44597 3167 2538 2960 653 
45726 
45735 3617 2194 517 861 1726 65 12 137 459 191 671 
45739 3252 84 284 1438 1925 
45747 5247 1443 
45749 1650 7215 58 983 
51268 517 
45769 508 2465 527 6986 25 
45783 2035 788 
45787 
45789 397 1284 
45792 20 
45795 
49884 482 
45796 18 3955 6236 179 
45797 
49975 60 20 161 58 29 
45802 
48082 5072 61 397 195 61 397 
45821 
45818 304 3700 231 446 71 3977 290 589 632 
55438 
45833 4393 
45835 
45847 
55269 422 
45852 2000 6726 16 2 103 60 59 227 19 495 43 
45853 
48260 
46371 
45855 1157 1574 3720 1044 653 2171 
45860 1885 2029 6236 
43607 19 15 16 244 24 24 9 24 
45919 
45511 
45867 
44341 
45896 713 
44943 
45906 5 542 1989 18 16 201 19 6034 22 1620 
43928 374 921 1344 435 509 26 98 150 29 151 7 222 1038 11 1213 4803 1112 
45910 5402 517 403 31 32 59 264 224 95 
45916 
47571 3578 517 1958 653 
44680 
45917 
45920 
45921 
53043 653 
45936 4293 4742 
45945 
45955 6405 2901 
55362 
45961 3 10482 139 
45969 1011 
45999 11 10 11 
46006 
50631 
48247 
46022 
46024 
46035 54 16 10 31 18 34 41 18 
46039 1207 1348 764 5686 
48891 
46045 3221 
45517 
46057 
46058 
52954 
46068 
46090 333 72 684 1386 1206 1122 329 517 1028 22 662 653 1903 
46110 
46113 1083 1089 3883 565 214 338 653 
48236 
46114 
53084 653 
46730 522 1612 995 412 695 5129 464 
46123 
46803 
46142 
51330 517 
46149 
46172 
46180 
46189 
47930 
46190 
46195 1076 
46202 2802 
54908 
46229 
46230 3236 1710 517 3310 
46245 
46299 
55155 
46300 
49652 6236 
49235 
46301 
46305 
46306 22 
52134 
46308 
46317 
46319 
45509 10183 
46326 
46821 
45064 5815 
46327 
42854 
46654 464 582 7946 
43167 2641 4150 5337 1194 
43272 5782 31 18 5 255 2752 1570 653 
42829 
43348 4339 
48527 
42835 9252 
53639 653 
42818 3523 432 543 685 880 611 393 486 674 517 979 507 653 652 766 609 393 
43117 
48099 2864 4227 
42816 
43203 
42840 
43412 4489 1403 849 761 
42824 
42821 690 2833 432 543 685 880 611 393 486 674 517 506 473 507 653 652 766 609 393 
42904 697 49 2890 2131 774 2087 517 2775 748 
42827 7067 
43213 380 77 12 514 259 89 172 5 285 549 124 64 145 228 11 16 1142 222 1713 381 927 5 5 474 1132 254 573 1600 26 194 1046 513 251 9 25 
44648 
42863 3523 432 551 680 875 615 391 490 675 517 1481 653 651 770 608 
42812 
45152 101 47 60 
42823 3523 432 543 685 880 611 393 486 674 517 1486 653 652 766 609 
42852 
43331 
53376 653 
47327 7037 
42866 138 2450 935 452 540 1546 646 360 499 666 517 495 480 506 653 1146 280 634 422 
44660 11795 
42833 
47888 2810 318 3681 8 500 78 342 39 
43293 57 9 1432 862 4443 762 2329 232 421 232 838 1455 252 
43029 9261 
42925 528 3259 154 947 97 1454 4249 653 2294 
43300 198 127 646 155 1100 544 23 16 394 469 218 91 186 66 22 70 203 399 100 176 89 142 91 956 742 121 460 102 415 102 591 75 849 38 147 77 107 64 220 38 147 77 107 64 1693 
54610 
42867 420 202 378 22 212 430 232 32 887 26 301 10 2 2 57 679 399 6 218 126 705 828 387 23 26 103 106 2 66 231 352 19 73 100 5 207 76 37 169 1186 9 373 372 73 199 72 47 534 72 47 530 495 280 110 36 358 106 2 66 237 
42844 690 2833 432 547 683 877 613 392 488 675 517 504 473 506 653 652 768 608 392 
43098 
43151 
43377 
50787 1844 93 
47343 683 
42880 723 335 360 335 80 67 1054 4029 737 3912 1587 
49505 6236 
42813 
43316 33 9 
43951 
42828 
56284 
46883 229 
42874 7420 322 
43237 
43757 
43298 
50593 
42850 
43201 1032 4176 
49191 
42838 
45958 
42901 4397 
43942 201 73 116 776 48 464 151 381 63 6 3 29 39 652 333 180 204 1334 2219 154 54 100 209 154 54 100 211 112 2147 111 267 432 
42817 
43093 9845 185 449 204 449 382 
44438 
42966 103 326 363 530 301 1374 3 82 247 2319 345 311 157 1876 123 394 123 522 
43551 
43238 446 403 10839 
55368 
51051 517 
50403 
42820 690 2833 432 543 685 880 611 393 486 674 517 506 473 507 653 652 766 609 393 
43615 663 700 1282 
43030 303 9690 
43110 6213 20 
42837 
42912 2752 2485 1206 922 4126 89 60 297 53 289 
42977 
42949 2721 9112 
42900 
45918 14 16 33 36 
43260 1137 405 118 2064 4 300 919 2029 2111 328 
42859 1478 2045 432 551 680 875 615 391 490 675 517 1481 653 651 702 68 608 
43038 
49515 5628 608 392 
43372 
42882 
43095 40 194 726 190 2413 2362 120 1424 1561 3460 979 
53345 653 
45053 
43064 5883 
43301 5028 406 
43002 495 
42967 2774 15 1115 50 105 45 67 16 500 29 238 215 1080 59 186 342 872 75 79 152 299 17 500 17 326 342 127 47 72 101 19 35 147 147 415 238 415 272 1522 
48593 
43312 
42989 6003 370 
43072 
43141 
42871 355 225 3 3259 521 375 326 187 1634 95 403 169 525 523 8 509 8 122 339 526 611 653 671 793 281 95 443 
48090 
43334 
43255 
42918 54 719 134 61 649 425 909 1382 243 428 1501 23 1002 2468 2049 544 1060 
51353 517 
42814 
43656 1456 
42869 227 723 682 2185 1383 499 8 456 1437 404 1830 506 653 
42870 87 270 23 202 208 150 21 35 84 16 17 184 134 7 53 34 10 17 32 18 26 41 27 27 24 42 75 35 32 9 19 31 16 9 14 10 44 63 54 4 1 8 11 25 47 41 50 53 61 12 20 8 8 9 3 4 89 22 65 81 150 22 8 25 52 11 22 20 16 51 3 12 42 39 22 18 11 18 6 153 362 85 103 104 359 346 115 332 186 223 321 164 77 224 24 31 151 118 147 71 36 208 395 43 71 51 281 196 227 76 3 13 198 227 76 3 13 64 354 490 139 233 30 390 233 30 552 23 54 245 91 103 358 394 118 147 131 110 24 14 64 50 137 
50281 
43032 2762 
50007 2711 
43088 319 18 40 
42936 4490 1183 4943 653 652 156 166 286 
42873 36 73 36 4 46 62 65 29 24 60 67 28 60 4 8 
48431 38 41 
44276 8028 2472 518 1313 
42875 48 7 160 302 28 3 6 688 1631 2141 1246 115 55 28 315 9 287 88 101 74 6 79 421 197 7 57 1443 10 1051 653 1225 129 399 9 
46100 4624 
43077 651 2872 4077 1619 2366 95 699 157 
43216 13216 
42878 3262 9574 
42839 3523 432 547 683 877 613 1555 517 1483 653 652 768 608 392 
46422 
42879 4174 904 1381 6329 
43094 
43575 
42917 
42883 
48998 
43044 1277 274 227 72 165 800 14 1012 869 743 335 329 5 237 78 77 269 3357 333 320 333 420 91 767 346 269 
42885 150 185 32 6026 2849 1387 653 2398 
45272 
43085 225 15 778 209 87 151 41 222 43 9 207 76 242 128 331 28 36 94 87 68 11 355 458 134 174 550 27 761 658 1278 111 14 290 530 517 755 164 3223 
43321 
44504 
42889 4075 3788 
42890 
42819 
43218 
42877 4226 2218 1655 1749 
43352 5091 69 6735 
44039 6785 4580 
42894 13368 
42848 
42896 347 792 950 656 409 6697 613 653 
47324 
42853 
42899 112 36 12196 
43404 7 2579 1905 501 416 451 40 41 803 709 56 78 1433 522 
53330 653 2411 
43476 
53729 
42868 1496 515 10154 
42995 
43013 
49640 1220 5016 
43557 10 660 4806 13 11 5 96 4407 653 
42954 1540 6088 
43020 
48201 7055 10 
43699 
43279 5870 6 
47734 
42858 689 2834 432 551 680 875 615 391 490 675 517 496 6 474 505 653 651 770 608 391 
45767 361 
42856 
43070 7237 
50365 
46329 
42872 561 2879 3954 
43295 1968 1653 203 
42980 801 1666 138 1178 
53202 653 
42825 
44330 395 6653 129 388 129 127 
42910 7525 3673 315 2082 4 
42986 1036 7304 207 310 207 1383 653 
46313 
43322 832 1634 869 930 745 977 
47492 
42911 
52189 
46709 
42964 
43080 
44926 2551 
42916 
48129 
43236 1698 71 576 3045 4051 
47310 
42886 201 386 780 1221 630 143 297 2467 101 754 646 202 717 517 181 1431 653 1889 
42843 690 2833 432 547 683 877 613 392 488 675 517 504 473 506 653 652 768 608 392 
55117 
43461 5297 615 328 1232 27 1491 525 595 40 613 40 764 909 
42921 
56129 
42851 
45292 
43040 
43016 
43456 3075 72 19 7 88 530 686 844 591 890 688 531 517 467 520 634 653 763 678 
49918 
42992 
42943 
49489 6236 
42969 400 1420 57 217 746 19 65 593 89 60 202 291 453 49 128 1429 11 81 680 1310 214 303 214 735 400 395 137 121 395 137 787 295 32 207 
42887 8 178 113 13 15 40 17 119 3494 232 775 816 239 70 266 155 798 3235 653 1359 
46505 
43421 
42926 3717 1157 472 525 1491 1112 517 384 118 2123 
43123 1572 640 7365 2396 
55393 
42997 2651 743 3543 6289 
42928 10 141 131 203 5545 21 294 24 142 
43351 1265 3554 1551 2605 32 45 3554 
42815 
43410 
47253 1603 1586 1688 514 
44333 
42983 121 50 5881 45 61 19 12 
47807 
42810 
43401 
42902 3636 147 710 23 360 15 774 53 49 998 287 261 279 162 1508 212 430 17 110 275 417 236 417 681 119 417 408 280 
42931 4594 2442 122 193 16 
42834 3523 432 547 683 877 613 392 488 675 517 1483 653 652 768 608 392 
48400 414 
42932 6160 
44205 
42978 1651 1826 1604 696 1463 4634 
48663 
43054 4 4335 489 3061 3601 43 608 339 44 
42845 690 2833 432 547 683 877 613 392 488 675 517 504 473 506 653 652 768 608 392 
42933 3890 4418 517 
45004 
42934 3 137 131 39 92 3 3 56 101 6979 4300 
47256 
42865 195 3328 432 551 680 875 615 391 490 675 517 1481 97 556 97 554 770 608 396 
48421 
43278 5650 220 
48412 
42897 377 175 5707 
42831 
42888 96 22 21 19 13 141 56 21 9 33 13 21 126 6 9 
43977 1485 4844 5131 
42940 805 870 3 48 1171 2833 1004 363 100 975 430 87 430 132 701 1566 953 499 
44520 274 
43145 14 18 318 612 325 15 859 227 579 158 1914 545 14 1 451 4 1121 2183 2133 1854 
48577 
45471 
42941 6503 
43057 12474 
42942 1436 104 975 295 828 817 
42948 1519 1010 1799 5515 246 2383 
43063 176 1 316 461 1011 69 326 180 661 1 4062 1213 517 285 7 7 146 679 102 131 196 224 102 131 196 
49190 
42955 677 369 187 1971 17 66 171 6 53 1104 776 1493 1558 517 862 553 653 878 350 865 
42903 652 569 12 930 329 32 38 181 67 350 105 431 687 100 217 1109 327 206 127 269 1035 15 241 27 44 359 108 409 108 463 135 39 91 134 126 155 439 52 162 439 52 753 537 313 
43346 1662 2458 1257 7724 
42950 
42939 5 7125 18 1111 517 4631 252 
43062 766 
42956 
55134 
42971 
52082 
43356 
46904 8145 
42988 101 319 18 1335 872 1051 2125 599 14 249 1035 203 7 90 1706 765 653 1071 706 334 218 
56186 
48824 
43493 3 
43269 
55076 
43012 
49662 8 7 114 32 6075 8 7 114 32 
42927 20 6999 4 80 926 
52270 18 
42920 7557 1833 12 3 103 
50490 
45459 294 8905 706 
42962 
42963 129 21 43 243 5695 
43075 2494 37 
43382 697 362 726 1311 3074 3224 3012 
49982 837 
42855 3523 432 551 680 875 615 391 490 675 517 502 474 505 653 651 770 608 391 
42974 102 381 3035 120 19 87 21 509 677 9 467 298 79 196 73 322 439 433 18 191 307 23 167 345 142 44 331 142 44 288 179 283 177 60 331 303 13 337 303 13 222 471 641 94 334 
56132 
43459 4484 837 591 343 547 2513 20 196 2036 691 233 589 
55668 
51150 517 
42953 64 151 205 
46645 19 2520 
42965 
52926 
43340 11763 
49366 
43010 1512 310 117 2 5700 374 
42864 947 2576 432 551 680 875 615 391 490 675 517 1481 653 651 770 608 
49905 
42975 
42914 354 
42960 180 15 2424 1477 365 447 2463 832 186 331 186 618 8 248 407 195 25 301 132 195 25 301 348 1963 
42970 
42999 
56625 
48957 
42945 417 369 239 317 1381 483 63 6 3 251 10 179 191 47 10 678 953 8 1646 579 122 341 166 16 335 166 16 249 2470 240 42 551 
51352 517 
43041 5972 828 4739 121 641 19 716 336 
43267 1289 5642 
46768 
45680 419 764 6342 653 1750 592 
43215 
43197 4024 322 1798 6357 
45894 131 1495 3964 517 1345 653 
43149 799 8486 65 2833 231 
44283 226 74 3580 7165 
42987 58 162 1498 73 7857 
54477 
42905 3529 83 34 1315 1543 148 61 208 809 2318 2528 312 61 208 163 35 147 
42990 8 
43415 295 617 534 83 425 179 140 469 92 180 755 91 908 7 551 243 1335 1228 517 1187 4 421 228 4 421 2195 
47640 32 46 235 
42994 12085 
45539 
43000 6031 
44206 
45087 
43230 
48085 305 
43001 
43005 
50041 
43696 53 48 4 11 844 215 728 115 9327 
43380 3814 453 5884 653 
42959 180 73 99 243 29 13 267 506 194 37 8 3 32 33 27 41 143 49 18 15 56 184 566 140 85 139 459 474 347 22 161 1698 263 447 214 355 7 104 472 186 331 186 804 129 160 1710 308 823 
43297 358 302 182 95 358 1128 376 73 100 645 227 690 399 150 256 511 22 1357 306 444 62 455 62 375 122 1027 653 439 32 61 284 466 39 90 167 26 
43007 
50723 
43434 
50246 
46620 
42860 2170 1353 432 551 680 64 811 615 391 490 675 517 1481 653 651 770 608 
43009 
51164 517 
43014 
42832 3523 432 547 683 877 613 392 488 675 517 504 473 506 653 652 768 608 392 
43015 582 95 19 219 51 1214 340 693 1293 130 310 26 6928 1299 
52498 
43019 1418 673 4319 744 367 2 3 
44235 
43023 206 1771 32 3294 4833 63 4 586 63 4 1385 282 
42958 10466 653 
48225 
43065 177 21 31 1156 454 2398 2825 40 144 258 187 1640 89 118 150 271 263 401 252 401 159 464 1450 
43025 8198 517 
52490 
43384 3493 72 62 11 7 6 7 455 280 428 558 1232 81 24 131 6 43 2561 510 653 942 399 30 801 72 
45750 5457 517 
43422 
54760 
43031 1546 4010 
42976 1290 1660 6480 
44116 3086 524 911 3601 615 
43306 9400 2836 702 
43036 2302 2586 
42826 
42906 4300 679 1364 398 498 39 722 1509 1059 653 1756 
43037 
47903 4 2301 
43175 5926 4228 653 
43185 
43176 1014 61 
43042 6315 
43055 4883 
46910 84 2224 1613 
43305 
43043 5897 
55690 
43048 11640 
47577 527 
43049 72 51 244 42 12 117 254 321 1599 299 70 589 12 1214 834 12 1469 10 327 120 248 294 517 459 186 478 626 45 608 45 196 1100 682 354 
42973 6 136 3491 266 51 142 8 22 680 148 1884 4 273 52 104 511 231 1723 205 38 61 3034 4 
49839 6236 
46469 8931 
43472 4472 848 427 1339 406 1499 1154 653 2287 
43050 6499 412 5824 
42892 
43184 
43419 5714 1071 768 1888 738 5 648 5 1095 
43165 437 164 6954 792 22 495 22 292 571 2053 26 1246 20 
54388 
43051 2054 3768 
43189 4334 429 331 402 
42876 48 22 484 25 3372 395 5158 7 73 711 653 
47110 
43052 6282 5278 
44440 641 3974 
43328 155 1857 499 35 888 138 33 866 95 230 645 544 444 802 80 156 1411 1225 653 1378 531 189 101 
43241 4060 545 1213 3958 273 653 
51119 517 
43484 834 6195 
56212 
46891 246 
43053 11490 651 383 
55113 
54685 
43066 2558 4977 697 517 1330 66 99 488 66 99 2265 
56327 
46970 
43071 5229 8052 270 
43078 3252 579 
43081 276 10 518 940 291 1044 823 87 140 1872 100 842 82 2056 497 643 135 518 135 605 
42862 2589 176 103 655 432 551 680 84 169 622 615 22 269 5 95 490 63 61 212 18 152 169 517 1034 447 653 651 10 35 114 26 317 15 154 21 78 111 47 192 133 125 22 269 5 
52766 
48493 
43082 55 601 115 16 6 661 146 84 149 66 22 115 6 52 15 12 1286 263 136 37 43 48 36 1308 164 888 920 17 486 402 517 591 14 323 2 986 2 651 2 933 
42849 
42898 319 45 29 5681 33 356 631 80 97 503 36 54 48 174 
43127 5327 1603 
43083 685 1959 224 2637 6148 41 749 136 
47400 7905 206 16 28 
46338 
43235 363 574 336 948 1722 214 1233 6014 848 
47427 1007 3869 
42830 
44021 
42991 
53331 653 
43822 2467 2694 465 5395 
43084 
53163 64 19 570 64 19 
44336 856 2579 801 2819 517 341 2597 837 
42961 
43488 3501 648 1329 820 188 85 399 4371 818 375 
43233 1662 891 2605 570 2367 517 1053 1520 89 248 95 
53122 653 
43284 
44202 10243 
43469 5358 4284 129 236 7 40 45 20 176 129 236 7 40 45 20 
43086 278 2231 975 168 1113 471 494 194 28 84 91 351 401 878 46 130 376 517 753 170 323 653 1989 582 
56531 
43091 3533 1709 3123 517 287 2404 27 834 
52942 
43039 
43302 
49476 3346 
42907 1111 126 2752 316 2939 5 799 23 1879 616 653 
43097 
43099 9 3083 766 528 823 174 3793 339 772 10 92 551 10 92 454 1704 
55671 
43101 
43126 1237 222 360 7579 494 3203 
56415 
43102 1368 6696 13 504 13 
53063 653 2420 
43387 4589 1278 
47132 5974 87 64 59 23 30 92 82 75 29 112 87 64 59 23 30 92 82 75 29 
43103 
47703 3641 517 
46091 737 551 3047 3982 
43409 3554 946 2944 5317 
43105 
43106 517 82 115 52 273 98 133 166 120 24 120 338 587 842 294 88 225 29 15 690 325 549 358 178 678 54 189 192 102 23 228 1452 550 47 25 42 87 5 558 24 629 24 203 191 67 404 165 1164 184 
52481 40 
42891 
43061 503 1565 4 28 484 4 202 25 1164 463 981 263 1341 594 2237 304 653 1431 1195 
50621 2580 653 
43107 7342 111 
51081 517 
42922 
48969 
43251 6214 2859 1041 653 
49988 4970 
44967 3432 952 869 629 1590 
42836 
43109 6213 52 
44507 
42985 5741 2455 169 348 169 3446 
46532 
43111 3504 2730 1505 1771 
48492 6067 
43303 410 1034 8 415 4018 508 2501 317 813 653 434 1518 
43119 322 5389 1457 3322 653 
42822 3523 432 543 685 880 611 393 486 674 517 1486 653 652 766 609 
56130 
43120 
43122 2697 
52978 
46335 
43326 525 577 1263 9051 1639 
43125 
43132 296 2634 390 399 378 2209 2734 1309 653 2142 69 
43056 12420 
43158 1194 165 2770 3 476 1566 1200 1850 2325 364 497 
53056 653 
43313 
53126 653 
43133 
43134 68 
43136 785 1312 3788 
43138 415 629 144 685 464 520 860 1316 153 537 875 799 2237 536 653 1136 875 
50813 4644 
43142 
43228 878 3404 1226 3479 
45711 1460 
43143 6046 1329 
43144 4 7863 331 517 3157 
53406 653 
52628 
43246 
43257 548 1037 2901 1545 1549 2478 653 1266 
55301 
42913 
43146 15 5 12 
45321 
45705 4 
43208 704 384 354 109 445 37 73 41 363 75 20 750 83 80 413 630 60 331 58 153 7 129 198 230 447 320 60 206 556 191 155 404 517 344 93 144 462 167 140 653 736 44 477 503 384 60 356 
43150 
43152 79 932 2098 4337 4327 
43314 
43131 287 26 683 112 96 1476 626 267 524 166 138 165 529 507 71 470 892 813 1628 230 26 97 37 548 653 2379 26 
42861 882 514 2127 253 25 154 157 5 389 101 238 275 66 875 615 391 43 328 119 227 448 212 4 301 212 4 364 901 653 651 770 24 584 438 61 19 246 6 4 
43157 34 164 127 9023 1910 
42857 689 2834 432 551 680 875 615 391 490 675 517 496 6 474 505 653 651 770 608 391 
43160 9718 
42842 690 2833 432 547 683 877 613 392 488 675 517 504 473 506 653 652 768 608 392 
49292 
43162 
50268 
45150 
43112 
43438 3964 
43164 101 1282 382 
43439 
43245 47 3154 
42841 
43169 5281 1122 5639 597 
44854 
43170 3033 2787 119 19 
42929 3973 361 282 2560 
43171 690 1078 386 5 844 2349 1812 
43024 
43524 9034 
43173 3336 
43033 
43270 7252 
43180 596 933 342 1174 500 283 382 565 1426 637 140 
43174 634 73 7 466 124 180 69 8 138 4 70 27 354 40 133 206 266 93 492 144 402 287 219 13 4 42 153 132 21 605 106 441 307 645 263 263 33 22 4 464 208 309 208 299 355 288 743 653 779 68 148 129 14 40 52 1004 14 46 142 
43179 79 222 397 138 557 14 101 156 569 1751 111 2181 1129 6 17 594 517 675 642 352 653 454 2122 
43181 490 84 304 260 9 42 75 115 332 791 50 166 168 94 2133 5001 653 1094 1480 
43182 864 264 57 68 254 294 219 364 27 348 459 119 328 407 261 363 988 1182 1075 328 84 15 90 328 84 15 64 1122 163 490 163 1006 1345 
43183 502 778 959 520 1558 1188 534 38 144 636 2154 1092 96 154 403 96 154 1029 381 
42881 
50838 
42952 1266 1105 4741 29 
43573 
43187 
50139 
49669 6236 
43034 7827 1860 2059 432 115 80 
43188 
42893 
43118 
52449 2056 
43192 397 862 4610 364 313 6236 
42908 73 40 5 41 62 65 29 24 60 95 72 5469 37 6 92 51 48 64 108 43 24 56 468 85 69 88 93 29 
43320 21 8950 2431 
43193 461 
43196 750 2140 1109 3280 949 517 405 348 125 86 674 653 602 75 719 
43198 564 1759 1414 511 3326 
43147 343 1939 255 1609 2723 1532 517 1120 653 
54882 
49030 
47049 
43204 3846 8542 
43163 917 597 46 44 41 19 31 264 2815 2090 907 17 2035 1463 136 253 83 
52813 7 
44029 11173 
43211 5767 
43219 2277 
43221 396 324 132 168 52 274 118 162 180 88 150 10 5 65 79 73 116 3 227 313 14 898 1 226 537 223 97 274 189 535 443 115 41 19 100 252 56 141 35 209 738 72 170 275 72 170 333 483 151 9 161 390 263 390 758 23 5 214 14 143 320 114 115 41 19 100 350 
56120 
53411 653 
44720 
43222 
47502 4719 
47117 
43471 109 472 71 542 1760 71 232 3618 5148 739 41 105 39 75 63 
43809 11467 
43225 192 26 254 124 417 135 71 621 39 583 16 59 48 216 551 138 124 388 9 638 100 692 54 115 308 137 21 66 59 21 98 98 11 85 24 14 13 1160 30 475 30 487 30 234 130 56 37 441 85 672 653 171 65 374 82 81 126 194 33 345 98 11 85 24 14 13 410 96 38 
43234 2154 1021 296 1018 635 2250 279 3632 349 56 
43249 47 781 576 304 2303 178 879 2277 2202 547 31 622 31 
43253 1771 636 616 484 988 900 794 313 231 534 302 1319 506 857 653 371 30 901 532 
51436 81 436 81 
43834 
43446 
43259 3621 1103 1002 7653 
43477 1747 765 10531 
53060 653 
43264 1686 572 996 174 902 1176 2174 1510 525 597 653 683 
42811 
43266 
55118 
43290 11459 
42996 
42847 
43327 
43273 1618 5273 584 178 
43282 
43275 
47902 
43276 4799 1012 344 1824 517 758 2300 
50531 5 
43116 1280 467 178 486 3569 777 1327 164 353 164 335 128 982 276 377 276 1854 
42846 
43190 71 226 2541 2830 3477 1171 93 560 93 2052 
43908 
43280 6563 1558 517 4161 
55629 
43500 
54936 
43281 2032 
43323 3506 474 77 684 690 1673 1039 517 601 1825 87 677 328 719 
45290 1687 6141 653 
43283 
43285 3457 8272 
43448 4610 5041 653 665 
51158 517 1705 653 
43288 1508 
43153 
46427 21 40 114 47 19 32 3980 
43289 
55680 
44576 1162 
43232 8282 517 
43299 1066 3446 5340 653 
56593 
43304 
52193 
43114 6998 697 3843 
43309 7925 517 
43315 1116 1855 7150 653 
46806 
43317 18 48 264 136 1309 8 154 24 53 13 987 3139 1539 1255 93 229 6 
45153 
43008 3453 1138 236 8426 
42884 35 32 52 25 100 309 5827 46 
42993 
43378 
56151 
48164 
46145 
43492 
44510 1374 
43124 
43318 160 
46958 
43324 
42935 271 5769 
43330 
43337 3130 8520 
43338 
50178 
43343 3278 927 970 179 5926 162 88 21 85 291 76 230 
44844 2913 2834 52 
45881 2458 8182 
43344 1016 775 554 9 3752 129 849 946 517 1462 653 1809 
52917 
43345 
49882 
43347 
52073 3 
49620 6236 333 7 22 113 
44118 33 
43354 688 406 3954 2 411 3689 
43360 523 1587 470 4 10 5205 56 461 56 
43361 523 184 465 255 51 818 206 15 241 18 145 194 132 31 382 7 6 68 165 228 56 635 595 195 638 192 523 218 87 134 9 200 10 2140 500 42 111 500 42 316 310 572 330 192 153 135 276 
44047 
43363 2167 420 3148 4 899 
49499 6236 
43365 412 1421 3 3169 2502 560 517 
43366 
46442 
43368 5818 
56341 
48516 
43370 2003 3641 1552 1826 3798 29 
52709 
43371 522 10645 343 
43374 
43376 3299 495 690 694 652 428 481 242 520 508 517 507 349 78 605 653 515 865 396 530 
55200 
48911 
48002 7118 
46071 7081 653 649 
43379 6256 6236 
43381 
49360 3900 653 1371 
47082 87 5012 
43386 577 1774 5368 517 2788 1103 
43388 284 2907 1919 455 842 2 5442 14 778 2 
43389 2476 5089 
51427 517 188 
43393 
47214 
44050 1439 789 648 
43391 5938 18 5424 83 388 241 49 82 638 
42915 470 5941 
43394 1006 187 2535 1959 190 458 3489 160 493 160 431 1503 
43396 316 403 552 676 411 22 265 61 178 127 288 1655 273 178 330 131 54 344 39 88 175 310 648 610 517 124 4 189 229 259 412 231 422 231 768 405 65 112 55 47 21 275 39 88 192 52 20 
49939 2 85 69 16 72 80 13 29 829 312 205 312 1158 653 
46147 1466 2579 
43397 897 19 267 205 1400 6084 3118 
43400 4063 13 
50308 
43405 1653 15 9 11 2803 2252 2276 233 
43406 4492 2251 2276 
43414 196 3084 511 523 84 94 434 3 299 67 230 318 821 12 2339 2192 
42968 1868 226 765 65 91 15 487 89 60 202 238 52 39 277 138 49 121 975 229 240 83 827 1163 215 302 215 149 586 400 187 345 11 110 187 345 11 546 417 108 32 1053 93 
43424 
48168 12 
43427 504 638 311 316 987 247 790 401 537 444 738 961 139 1807 366 78 211 211 532 121 532 437 1696 
43431 613 4728 1037 4929 1307 
43209 
43432 830 120 188 497 841 128 19 490 842 
46754 
43435 660 10655 
49419 
43436 1968 842 1727 1610 2651 1420 653 1512 
43440 3119 2158 56 547 341 589 2718 621 653 755 900 
53404 653 
43442 4282 218 1428 20 1807 257 260 257 2574 890 1103 
55188 
55643 
49045 
43445 4611 1486 6236 
43100 
43447 
53558 653 
48323 
43450 
50957 
43460 329 1706 
43462 
43464 
43466 
53045 653 
49585 6236 
43468 5358 4284 129 236 7 40 45 20 176 129 236 7 40 45 20 
54812 
43481 1951 97 8 1942 
43486 578 4008 172 236 484 4503 653 708 817 
43491 
===Document Endings===
[www.washingtonpost.com/local/obituaries/john-t-cacioppo-scholar-of-loneliness-who-expanded-psychologys-reach-dies-at-66/2018/03/18/ad0e44a4-2aba-11e8-8ad6-fbc50284fce8_story.html?utm_term=.a27b84d16e3c, 43501, 691]
[www.washingtonpost.com/lifestyle/style/violence-threats-begging-harvey-weinsteins-30-year-pattern-of-abuse-in-hollywood/2017/10/14/2638b1fc-aeab-11e7-be94-fabb0f1e9ffb_story.html?utm_term=.36106e13e2ea, 46333, 2832]
[www.washingtonpost.com/local/obituaries/sam-bloch-wwii-resistance-fighter-and-guardian-of-survivors-memory-dies-at-93/2018/02/16/bc49e0c0-1342-11e8-8ea1-c1d91fcec3fe_story.html?utm_term=.37f825669e64, 46765, 432]
[www.washingtonpost.com/local/obituaries/lerone-bennett-jr-journalist-and-historian-of-african-american-life-dies-at-89/2018/02/15/3bc762f2-127e-11e8-9570-29c9830535e5_story.html?utm_term=.536a1a88a46c, 47304, 539]
[www.washingtonpost.com/local/obituaries/wyatt-tee-walker-civil-rights-leader-and-top-assistant-to-martin-luther-king-jr-dies-at-89/2018/01/23/35ad4686-0075-11e8-9d31-d72cf78dbeee_story.html?utm_term=.59d019eb04f0, 47992, 688]
[www.washingtonpost.com/local/obituaries/hugh-masekela-south-african-trumpeter-and-a-leading-voice-in-the-anti-apartheid-movement-dies-at-78/2018/01/23/3181306a-0032-11e8-9d31-d72cf78dbeee_story.html?utm_term=.5692e54f26e3, 48874, 882]
[www.washingtonpost.com/local/obituaries/anne-treisman-pathbreaking-psychologist-who-developed-a-theory-of-perception-dies-at-82/2018/02/14/4eaf0de2-1199-11e8-8ea1-c1d91fcec3fe_story.html?utm_term=.8fc91cac0039, 49483, 609]
[www.washingtonpost.com/local/obituaries/prince-henrik-danish-prince-who-resisted-slings-and-arrows-of-monarchical-protocol-dies-at-83/2018/02/14/8f2cd6b0-118f-11e8-9065-e55346f6de81_story.html?utm_term=.4856732256a6, 49877, 394]
[www.washingtonpost.com/local/obituaries/bruce-cole-renaissance-scholar-who-led-national-endowment-for-the-humanities-dies-at-79/2018/01/12/0541584c-f6f3-11e7-b34a-b85626af34ef_story.html?utm_term=.5cb3e9c4266d, 50361, 484]
[www.washingtonpost.com/local/obituaries/valery-chalidze-soviet-dissident-who-founded-human-rights-group-with-andrei-sakharov-dies-at-79/2018/01/11/e49777fa-f61d-11e7-beb6-c8d48830c54d_story.html?utm_term=.1b0ebebe4e7f, 51034, 673]
[www.washingtonpost.com/local/obituaries/marty-allen-fuzzy-haired-member-of-popular-1960s-comedy-duo-allen-and-rossi-dies-at-95/2018/02/13/7f7cb81a-10d7-11e8-9570-29c9830535e5_story.html?utm_term=.ffda1be158b3, 51551, 517]
[www.washingtonpost.com/local/obituaries/marty-allen-fuzzy-haired-member-of-popular-1960s-comedy-duo-allen-and-rossi-dies-at-95/2018/02/13/7f7cb81a-10d7-11e8-9570-29c9830535e5_story.html?utm_term=.d371e5a9a636, 52068, 517]
[www.washingtonpost.com/lifestyle/food/william-rice-food-editor-and-critic-for-washington-post-and-chicago-tribune-dies-at-77/2016/04/03/1f261d46-fa0c-11e5-9140-e61d062438bb_story.html?utm_term=.9004bc031042, 52532, 464]
[www.washingtonpost.com/entertainment/books/peter-abrahams-whose-novels-detailed-south-africas-racial-injustice-dies-at-97/2017/01/20/038aaf72-dea2-11e6-ad42-f3375f271c9c_story.html?utm_term=.70092bf89525, 53040, 508]
[www.washingtonpost.com/local/obituaries/wesla-whitfield-intimate-song-stylist-and-interpreter-of-classic-tunes-dies-at-70/2018/02/13/828e120a-100b-11e8-9570-29c9830535e5_story.html?utm_term=.c69f341ef422, 53693, 653]
[www.washingtonpost.com/local/obituaries/wesla-whitfield-intimate-song-stylist-and-interpreter-of-classic-tunes-dies-at-70/2018/02/13/828e120a-100b-11e8-9570-29c9830535e5_story.html?utm_term=.224d06239083, 54346, 653]
[www.washingtonpost.com/local/obituaries/morgan-tsvangirai-zimbabwean-pro-democracy-leader-who-opposed-mugabe-dies-at-65/2018/02/14/74a21958-11bd-11e8-8ea1-c1d91fcec3fe_story.html?utm_term=.734efc542631, 55110, 764]
[www.washingtonpost.com/local/obituaries/ruud-lubbers-long-serving-dutch-prime-minister-who-trimmed-welfare-state-dies-at-78/2018/02/14/fa148600-11b0-11e8-9065-e55346f6de81_story.html?utm_term=.3055bcb1f595, 55719, 609]
[www.washingtonpost.com/local/obituaries/prince-henrik-danish-prince-who-resisted-slings-and-arrows-of-monarchical-protocol-dies-at-83/2018/02/14/8f2cd6b0-118f-11e8-9065-e55346f6de81_story.html?utm_term=.231bcdc20884, 56113, 394]
[www.washingtonpost.com/lifestyle/home/jos-roozen-horticulturist-who-dispensed-gardening-advice-over-the-radio-dies-at-70/2018/02/14/b93173aa-10ed-11e8-9065-e55346f6de81_story.html?utm_term=.e258ec2039b3, 56640, 527]
4574 60 279 23 56 212 19 
43518 4052 2757 2538 2959 653 
44647 
44656 4888 2370 2195 517 860 1726 65 12 137 
44660 3460 3433 84 284 1439 1924 
44662 15 1465 2119 212 50 105 45 67 16 294 1167 29 238 215 1079 59 186 342 873 75 79 152 299 17 500 17 326 341 127 47 72 101 19 35 147 147 415 238 415 272 
49405 
44668 1168 7721 1442 
44670 3646 1646 7214 58 
44688 361 
53831 517 
44690 508 1257 4849 527 
44704 5677 787 
44708 
44710 397 4926 
44713 20 
44716 
52446 483 
44717 18 7596 
44718 
52537 60 20 162 58 29 
44723 3056 
47359 1361 1543 
44729 682 210 6899 
49133 6 1506 5071 61 397 195 61 397 
44742 4924 
47688 
44739 304 1783 1400 1000 325 2833 231 447 71 3976 290 
49607 244 
44754 4684 3351 
44756 
44768 
44773 5642 6725 16 2 103 60 59 227 19 
44774 
50822 
47076 
44776 3101 737 2534 3720 1044 653 
44781 5527 2028 
42528 19 15 16 244 24 24 9 24 
44840 
44432 
44788 
43281 775 554 9 2909 1456 351 43 2634 129 850 946 517 1461 653 
43765 6555 2834 52 
44802 4462 1637 
43262 
44817 2497 
43864 
44827 5 914 1412 3846 18 16 201 19 6034 22 
42849 374 921 1591 1537 1332 1470 26 98 150 29 151 7 221 1038 11 1214 
44831 9044 517 402 31 32 59 264 224 95 
44837 
47718 2416 3578 517 1957 653 
43601 
44838 
43318 405 118 3801 7 242 695 4 300 1879 2030 2110 328 
44839 14 16 33 36 
44841 1250 24 32 74 25 79 
46369 
44842 
55605 653 
46248 
44857 7935 4741 
44866 
44876 452 9594 
44882 3 
44890 3182 246 264 467 
49802 
44920 11 10 11 
49383 
46420 2560 725 
44927 3077 
53194 
50809 
44943 
44945 
44949 6471 3477 1171 93 560 93 
44956 54 16 10 31 18 34 41 18 
44960 2663 655 570 2308 764 5686 
51453 
44966 4575 2287 
44438 5136 
44978 
44979 
44983 352 415 1148 259 1079 217 378 3169 2735 1308 653 
55516 
48945 
44989 
45011 1407 710 72 632 20 156 88 20 665 724 87 1535 1206 1123 329 517 1027 22 662 653 
45031 
45034 1087 415 2262 2049 3884 564 214 338 653 
50798 
45035 
55646 653 
46524 475 436 128 764 527 2572 995 413 695 
45044 
49394 
48405 
45063 
48189 4312 2 85 69 16 72 81 13 29 829 312 205 312 1157 653 
43215 19 267 205 1400 600 9125 
45068 5108 2578 
53893 517 
45070 
48311 
45093 
45101 4760 
45110 
50493 
49488 
45111 
45116 3757 
45123 6443 
43775 
45124 6428 119 19 
46306 14 11150 
45150 
45151 6877 1711 517 3309 
45166 
45220 
45221 
52214 
51797 
45222 
45226 
45227 22 
54697 
45229 
45238 
45240 
44430 1273 3614 
45247 
48423 
43985 1391 3692 4374 
45248 1017 
52928 
45233 7596 
45250 
45251 2506 754 804 
===Document Endings===
[www.washingtonpost.com/lifestyle/style/violence-threats-begging-harvey-weinsteins-30-year-pattern-of-abuse-in-hollywood/2017/10/14/2638b1fc-aeab-11e7-be94-fabb0f1e9ffb_story.html?utm_term=.36106e13e2ea, 45254, 2832]
[www.washingtonpost.com/local/obituaries/linda-brown-young-girl-at-center-of-brown-v-board-segregation-case-dies-at-76/2018/03/26/2406d6d8-3138-11e8-8abc-22a366b72f2d_story.html?utm_term=.213dfc855fe4, 45903, 649]
[www.washingtonpost.com/local/obituaries/steven-bochco-whose-series-hill-street-blues-transformed-television-dies-at-74/2018/04/02/cc9aa862-367c-11e8-acd5-35eac230e514_story.html?utm_term=.2cebfabeeb27, 46581, 678]
[docs.google.com/forms/d/e/1FAIpQLSdNSyv3nszlItaPBq7ZdbZ__KnXBT6Dj5e-tXshbsOKhZ6WdQ/viewform?&amp;entry.320677830=2010%2E440%2E1&amp;entry.1988112245=Anthony%20Acevedo%20papers, 46604, 23]
[www.washingtonpost.com/local/obituaries/mark-levi-who-led-jewish-liturgical-music-and-prayers-as-a-cantor-dies-at-103/2018/03/10/b9e57568-2307-11e8-94da-ebf9d112159c_story.html?utm_term=.9f591fd8c3eb, 47038, 434]
[www.washingtonpost.com/local/obituaries/sam-bloch-wwii-resistance-fighter-and-guardian-of-survivors-memory-dies-at-93/2018/02/16/bc49e0c0-1342-11e8-8ea1-c1d91fcec3fe_story.html?utm_term=.37f825669e64, 47470, 432]
[www.washingtonpost.com/local/obituaries/t-berry-brazelton-pediatrician-who-soothed-generations-of-parents-dies-at-99/2018/03/13/313aa79e-2715-11e8-bc72-077aa4dab9ef_story.html?utm_term=.2d6e93113c3f, 48367, 897]
[www.washingtonpost.com/local/obituaries/lerone-bennett-jr-journalist-and-historian-of-african-american-life-dies-at-89/2018/02/15/3bc762f2-127e-11e8-9570-29c9830535e5_story.html?utm_term=.536a1a88a46c, 48906, 539]
[www.washingtonpost.com/local/obituaries/hubert-de-givenchy-french-clothing-designer-who-transformed-audrey-hepburn-into-a-style-legend-dies-at-91/2018/03/12/f64f83f0-25fe-11e8-b79d-f3d931db7f68_story.html?utm_term=.491f33307719, 49867, 961]
[www.washingtonpost.com/local/obituaries/wyatt-tee-walker-civil-rights-leader-and-top-assistant-to-martin-luther-king-jr-dies-at-89/2018/01/23/35ad4686-0075-11e8-9d31-d72cf78dbeee_story.html?utm_term=.59d019eb04f0, 50555, 688]
[www.washingtonpost.com/local/obituaries/hugh-masekela-south-african-trumpeter-and-a-leading-voice-in-the-anti-apartheid-movement-dies-at-78/2018/01/23/3181306a-0032-11e8-9d31-d72cf78dbeee_story.html?utm_term=.5692e54f26e3, 51436, 881]
[www.washingtonpost.com/local/obituaries/anne-treisman-pathbreaking-psychologist-who-developed-a-theory-of-perception-dies-at-82/2018/02/14/4eaf0de2-1199-11e8-8ea1-c1d91fcec3fe_story.html?utm_term=.8fc91cac0039, 52045, 609]
[www.washingtonpost.com/local/obituaries/prince-henrik-danish-prince-who-resisted-slings-and-arrows-of-monarchical-protocol-dies-at-83/2018/02/14/8f2cd6b0-118f-11e8-9065-e55346f6de81_story.html?utm_term=.4856732256a6, 52439, 394]
[www.washingtonpost.com/local/obituaries/bruce-cole-renaissance-scholar-who-led-national-endowment-for-the-humanities-dies-at-79/2018/01/12/0541584c-f6f3-11e7-b34a-b85626af34ef_story.html?utm_term=.5cb3e9c4266d, 52924, 485]
[www.washingtonpost.com/local/obituaries/valery-chalidze-soviet-dissident-who-founded-human-rights-group-with-andrei-sakharov-dies-at-79/2018/01/11/e49777fa-f61d-11e7-beb6-c8d48830c54d_story.html?utm_term=.1b0ebebe4e7f, 53597, 673]
[www.washingtonpost.com/local/obituaries/marty-allen-fuzzy-haired-member-of-popular-1960s-comedy-duo-allen-and-rossi-dies-at-95/2018/02/13/7f7cb81a-10d7-11e8-9570-29c9830535e5_story.html?utm_term=.ffda1be158b3, 54114, 517]
[www.washingtonpost.com/local/obituaries/marty-allen-fuzzy-haired-member-of-popular-1960s-comedy-duo-allen-and-rossi-dies-at-95/2018/02/13/7f7cb81a-10d7-11e8-9570-29c9830535e5_story.html?utm_term=.d371e5a9a636, 54631, 517]
[www.washingtonpost.com/lifestyle/food/william-rice-food-editor-and-critic-for-washington-post-and-chicago-tribune-dies-at-77/2016/04/03/1f261d46-fa0c-11e5-9140-e61d062438bb_story.html?utm_term=.9004bc031042, 55094, 463]
[www.washingtonpost.com/entertainment/books/peter-abrahams-whose-novels-detailed-south-africas-racial-injustice-dies-at-97/2017/01/20/038aaf72-dea2-11e6-ad42-f3375f271c9c_story.html?utm_term=.70092bf89525, 55602, 508]
[www.washingtonpost.com/local/obituaries/wesla-whitfield-intimate-song-stylist-and-interpreter-of-classic-tunes-dies-at-70/2018/02/13/828e120a-100b-11e8-9570-29c9830535e5_story.html?utm_term=.c69f341ef422, 56255, 653]
[www.washingtonpost.com/local/obituaries/wesla-whitfield-intimate-song-stylist-and-interpreter-of-classic-tunes-dies-at-70/2018/02/13/828e120a-100b-11e8-9570-29c9830535e5_story.html?utm_term=.224d06239083, 56908, 653]
[www.washingtonpost.com/local/obituaries/morgan-tsvangirai-zimbabwean-pro-democracy-leader-who-opposed-mugabe-dies-at-65/2018/02/14/74a21958-11bd-11e8-8ea1-c1d91fcec3fe_story.html?utm_term=.734efc542631, 57672, 764]
