===STATS===
unique words: 2610
number words: 9534
number docs: 15
===========
253694 
254165 
253685 
253777 
253696 
253704 
253944 
253721 
253705 
253834 55 
253955 
253679 
253728 
253682 
254123 
253793 
253718 
253706 
253722 
253703 
253701 
253743 
253731 
253797 
253738 
253895 116 
253708 
253741 
253998 
253806 
253748 
254064 
253697 
253699 
253683 
253902 
253781 
253819 97 58 135 
253785 
253794 
254214 
253809 
253826 
253841 23 207 
254029 
253905 136 
253709 
254206 
253792 
253866 
253720 
253855 201 153 
253681 
253885 
253724 
253886 
253821 
253904 
253898 
253714 
253929 
254006 
253779 
253928 
254140 
253973 
253985 
253995 
254007 
254023 
254025 
254031 
254036 
254054 
254058 
254079 
254087 
254088 
254096 
254184 
254127 47 
254141 
254142 
254197 
254151 
254159 
254160 2 
254163 
254178 
254192 
254200 
254212 
253232 
253137 
252455 
252437 
252452 
252448 
252450 
252944 
252463 
253276 20 
253477 
252479 387 
252773 555 64 53 17 14 
253570 
252804 
252810 
252451 
252470 
253054 
252705 
252748 
254068 
253007 789 280 
252843 1 
252566 131 
252872 309 
253551 
252486 
252469 
252488 
253391 
252664 
253020 
252803 
252466 
252743 
252528 
252646 1316 
252480 38 216 151 15 20 22 10 40 68 55 187 42 53 12 
252483 
253155 
252498 
252919 
253650 
252505 926 
252514 738 539 
252911 
252913 
252943 50 405 
252516 87 51 30 483 650 
252868 
252517 974 
252791 
253018 
253600 
253015 
253645 
252481 405 230 187 
252449 
252520 
252545 
253182 
253091 
253653 
252770 344 
252456 
252562 405 
252834 
252890 
252988 284 
253231 772 
252570 129 505 
252467 
253700 
252575 100 
253059 16 
252579 
253011 
252506 
252564 128 276 255 67 862 
253523 
252839 
252458 
252585 
252454 
252604 300 
253723 
252607 
253202 
253086 
253219 23 
252598 72 255 22 197 239 
253215 
252956 
253285 
252629 
253183 
252634 
252640 
253220 
252457 
252647 442 228 
253295 
252651 
252471 
252656 
252954 
253139 
252985 468 
252497 
252690 307 
253414 
252696 275 2 
252876 
253667 
252707 526 937 
252708 
252710 
252711 
252836 28 23 484 
252787 
253207 
252492 
252725 
253037 
252732 
252635 1420 
252733 
252735 
253606 
252468 
252764 
252765 
252832 
252453 
253765 1 35 56 10 89 124 34 23 43 
252766 46 
252701 
252892 
252794 
252795 
253335 
252802 
252618 435 2 40 1066 25 
253434 
252783 18 
252826 
252729 
252867 
253102 
253598 
252879 2 35 123 
252898 207 218 15 19 
253787 
252901 
252447 
252902 
252906 
252979 
252907 
252912 
252744 
252994 
252739 
252924 
252927 
253672 
252928 457 
252929 
252931 
252939 1098 
253141 
252958 
252982 
252990 
252995 127 
252446 
253284 
253002 
253013 
253230 
253016 
253021 
253043 
253052 
253665 
253076 
253078 489 393 
253087 
253439 
253367 
253109 19 
253110 
253119 
253123 
253127 875 
253134 
253135 
253140 
253247 
253322 
253158 
253623 
253189 
253178 
253505 
253187 
253188 
253190 
253310 
253201 
253280 
253226 35 
253238 
253410 
253251 
253277 
253278 
253282 
253312 
253514 
253318 
253321 
253341 
253370 
253386 
253400 
253396 
253404 
253406 
253407 15 
253415 43 
253440 
253171 
253442 6 11 
253452 
253460 
253466 
253483 
253487 
253501 
253509 
253510 
253513 
253521 
253524 
253546 
253550 
253552 
253572 
253577 
253582 
253588 19 203 
253649 
253658 
253669 
252083 
252330 
251940 
251952 
251953 
251948 
252321 
251971 
252164 
253984 
251956 
251967 
251960 
252036 4 308 467 1009 222 
251966 
251969 
251968 
252162 
252262 
252011 715 
252012 
251972 
251973 
251974 
252057 
251933 
251946 497 
252394 
251980 
252015 92 516 1135 16 63 55 74 104 102 
252383 
252004 
252115 1669 328 
252490 
251936 
251984 
251985 218 26 
252183 
251937 
251949 
252113 
252125 431 876 
252005 
252052 121 219 1394 
251938 
252009 261 1487 16 63 15 11 29 178 12 34 23 33 30 
251950 
252121 381 
251934 
254021 
251961 
252536 
252397 12 25 
252031 159 28 
252049 309 
252050 
252060 1710 
252064 72 
252327 
252066 
252059 
251951 
252172 
252313 6 
252182 
252002 
252080 
252085 
252388 1523 66 11 
252102 
252116 1480 412 
252058 
252132 
252285 
252140 288 
252145 608 
252108 
252159 
252445 
251987 
252367 766 5 
252191 
252192 10 35 
252194 10 32 24 1313 623 23 
252196 1915 
252201 
252424 
252258 1316 
252261 1495 
252272 
252274 
252369 
252299 
252303 
252335 
252368 
252418 
252406 803 
251874 
253590 
251607 
251163 
251641 
251515 16 3 42 
251147 
251149 
254157 
251606 
253307 
251157 
251287 
251182 
251571 
251297 2008 160 
251225 
251159 
251649 
251428 1364 1337 
253625 
251160 795 
251244 574 22 2068 
251440 
251169 
251680 
251183 
251337 594 
251206 669 1065 
251356 
251436 
251158 
251338 594 
251173 
251579 
251212 230 
251407 
251223 
251174 
251286 
251146 
251179 
251346 
251877 
251460 
251402 407 
251190 
251154 
253260 
251331 
251388 
253309 
251208 
251406 
251359 
252704 
251216 
251161 
251236 84 23 68 60 55 9 112 64 62 6 
251777 
251201 
251827 
251301 285 
251202 
251334 594 
251750 
251797 
251246 
251240 
251162 
251168 
251199 
251220 
251457 
251224 
251155 
251382 
251883 
251234 78 108 52 74 11 91 25 101 
251719 
251327 
251254 1546 
251150 
251374 
251242 899 
251858 
251517 
251568 21 66 
251553 
251188 
251257 
251262 
251860 
251429 
251569 1353 195 620 141 
251266 
251549 
251267 
251468 75 
253213 
251456 
251524 1199 
251477 
251485 260 
251561 199 119 
251496 1421 
251528 
252128 
251170 
251635 137 
251282 
251164 
251445 
251336 594 
253506 93 
251542 
251289 
251204 1383 57 381 
251868 
251227 
251303 
251623 
251172 
251306 2720 
251518 1681 
251318 
251610 
251319 
251499 
251423 
251700 
251335 594 
251248 
251239 
251350 
251152 
251186 
252953 
251351 
251352 
251284 
251221 32 
251353 
251165 
251357 8 
251295 
251866 
251211 4 
251380 16 590 
251482 
251360 
251366 319 
251175 
251870 
251370 
253090 
251371 
251372 
251564 1854 
251383 16 
251308 
251384 
251387 
251391 
251507 
251435 
251846 
253401 
251392 
251218 
251394 
251400 
251766 2 
251403 
251153 
251316 46 304 47 
251812 
251859 
251408 
251409 
251724 
251412 
251416 
251415 363 
253689 3 
251417 
251419 
251425 
251640 
251441 
251548 
252027 1222 
251443 
251444 
251699 
251450 
251512 47 
251783 
251451 278 
251612 
251452 
251898 
251506 1641 339 
251177 
251894 
253358 
251243 121 122 331 18 41 
251459 
251575 
251386 
252960 337 7 
251527 
251465 
251603 17 
251475 
251479 
251847 
251424 
251637 
251873 
251495 
251497 
251390 
252217 2000 
251258 32 325 48 190 
251373 41 70 
251792 
251530 
252401 
251156 
251539 
251171 
251540 
251551 
251872 
251552 146 27 12 115 1214 1124 
251554 
251461 
251566 
251567 
251573 
251581 
251341 
251570 645 413 1172 127 
251590 1319 
251470 
251595 
251597 
251404 
251611 
251613 1044 
251367 
251427 
252796 538 
251619 
251361 122 
252024 129 36 30 
251349 432 
251626 
251639 6 
251643 
251662 
251709 
251672 72 
251676 
254074 
251677 
251678 
251747 
251681 
251682 
251683 
251684 
251689 44 
251691 
251692 
251694 
251695 
251712 
251723 
251734 109 63 
251740 108 
251742 
252961 
253168 403 
251746 
251748 
251749 
251754 
251756 
251764 
251893 
251828 
251767 
251771 1610 
251776 
251784 1627 
251785 
251786 
251787 
251795 
251798 
252742 
251799 
251802 2016 
251804 
251806 
251811 
251814 
251820 
251830 
251836 
251845 
251871 
251481 
251902 767 139 
251913 
251921 
251117 
251120 
251125 
251121 
251122 
251132 
251139 
251124 
251141 
250600 
251638 
251066 
250985 
253716 
250421 
250813 
250872 3296 
251048 
250419 
250510 
252033 501 777 
250438 
250812 2563 
250414 
250443 
250523 923 
250852 
250691 494 9 
250975 
250692 1701 1201 
250592 
250472 
252831 
250764 174 117 
250450 
250956 
250442 
250500 
250884 
250490 
250420 
251033 
250429 
253196 
253618 122 163 
253273 
251015 1089 583 974 390 
250513 
250433 
250516 3639 
250519 
251114 
250933 
250588 1683 330 
250533 
250551 
250636 1190 1493 
250460 
250451 
250574 1625 34 1575 
250820 
250855 
251000 
250867 
251016 352 306 58 
253438 
250807 1843 419 587 
250587 
252639 
250995 
250581 
250596 1394 66 19 75 101 113 40 17 199 993 
250597 1392 66 195 66 104 141 58 1213 
250786 2033 1211 
250598 1470 
253640 
251065 1243 
251935 
250511 
250827 2784 
250845 
251052 
250881 
250606 1543 
251001 
251808 
250618 
251096 
250878 589 2417 200 
250622 325 1916 
250538 
250759 
250623 
250452 
250631 
250464 478 168 
250637 
250430 
250641 903 1613 
253945 37 
250999 
250439 
250728 
250968 
250695 663 
250471 47 1619 539 147 87 
250787 301 1732 25 
251176 
251347 328 18 38 
251032 
250492 69 
250734 
250688 3075 
250834 1452 
250696 
250819 2223 
251947 
250716 
250718 107 
250719 2174 
250726 204 36 2677 
253419 
250727 
250732 460 2958 
250738 
250763 291 
253881 
250730 281 
250428 
250864 49 97 
250473 431 
250808 145 21 
250809 
250768 
250506 25 383 338 1849 
250483 271 1026 1837 
250814 
250826 
250935 1387 669 
250448 
250485 
250835 257 1196 103 846 727 
251050 
250842 2187 116 290 50 44 102 16 
250858 
250863 128 2325 226 
250868 
250911 
250923 3198 
253931 
250954 2309 18 
250972 
250973 2356 
251017 
250434 
251022 41 1015 
251027 
251034 1887 153 
251047 2539 143 
251049 
251051 
251061 
251084 295 329 2390 30 
251095 
251099 
251107 2 
252679 689 302 
251492 
251108 
252661 
251112 
249406 
249438 
248569 87 921 87 837 
248921 177 831 177 675 1305 1340 
253243 
248438 1008 
254146 
248653 611 397 611 2300 1424 
248592 99 909 99 1584 618 
248500 1008 
248414 1011 
248464 1008 1477 1573 4 1662 
248450 1008 1037 
249245 107 901 107 1940 
248476 1008 
250733 871 
248421 1011 
252047 476 
251270 
248422 1011 
248694 1008 1279 
248417 1011 
248884 1008 
248900 183 825 183 
248403 1011 
249271 1008 684 13 2294 
249335 1008 
248418 1011 
249196 1008 
248680 1008 
249336 1008 1564 
248405 1011 1016 
249184 1008 
249250 1008 
248541 1008 
248748 1008 
248711 1008 2813 
251113 
248816 1008 1395 1905 350 
248949 1008 
248396 1011 
253150 
253463 9 
248720 1008 
250672 
248581 1008 
251302 
249027 1008 
249219 1008 
248826 464 544 464 
248404 1011 
249183 1008 
248615 1008 3230 683 43 588 
249137 10 998 10 
248411 1 1010 1 
248785 10 998 10 2771 910 
248878 197 811 197 
248808 1008 
248627 705 303 705 
249062 1008 3400 
248442 1008 
248682 1008 
249192 1008 1409 667 
248515 1008 
248539 1008 
248519 1008 
248827 1008 1779 106 16 114 
248419 1011 
249253 1008 
249295 1008 
248490 1008 
248545 768 240 768 
248558 1008 1989 
248807 1008 2024 
252959 
248646 1008 1428 1148 
248560 1008 
248659 1008 2834 936 103 
248561 1008 
248488 97 117 794 97 117 779 
252524 
248572 1008 
248573 578 430 578 3608 23 12 37 118 14 90 21 57 42 
248578 1008 2442 
248608 132 5 871 132 5 996 3040 
248580 521 487 521 
248582 1008 
249303 1008 1165 
252007 67 43 34 158 56 40 25 1184 273 
248584 1008 
248486 1008 1939 765 
248606 1008 
248598 1008 
248978 1008 
249068 1008 
253308 
248611 588 420 588 417 20 122 1413 34 886 1099 
248631 20 988 20 
248406 1011 
248990 1008 3605 
249351 1008 
248812 1008 
248761 129 154 10 74 641 129 154 10 74 
248686 1008 2472 
248719 1008 
248690 1008 1227 919 
248697 1008 
248610 1008 1406 
249149 1008 1739 878 998 229 
248703 1008 3487 
248463 1008 
248430 
249266 1008 608 1131 38 22 548 109 
248736 1008 
249206 1008 
249231 1008 
249402 1008 
252195 723 
248738 1008 
248776 333 675 333 
248741 1008 2729 
248797 1008 
248747 1008 4242 
248480 1008 
248395 
249329 1008 
248753 1008 1184 
248760 1008 
248762 367 641 367 
248765 1008 
249262 1008 
249220 1008 
248768 1008 2783 
248667 1008 
248773 166 842 166 674 1375 
248655 91 917 91 
248787 1008 1715 
248799 1008 2238 
248801 1008 
248626 1008 977 782 369 
249282 1008 1140 1554 471 
248804 1008 
249115 1008 3267 158 
250866 2363 
248811 1008 
248482 1008 
253192 
248825 1008 
252717 29 61 17 50 56 5 13 28 57 354 16 5 28 
248849 1008 
248863 1008 
248866 1008 919 1784 662 407 
248549 1008 
248869 19 989 19 
249315 1008 912 
251761 119 
248872 1008 
248873 1008 
249246 1008 
248879 232 776 232 449 
248634 1008 
248896 1008 
251222 
249208 1008 404 230 241 2982 
248904 1008 
248505 1008 
248945 1008 
251140 
248926 1008 552 2176 727 483 
248556 1008 
248410 1011 
248951 1008 1534 
248961 73 935 73 
248848 49 174 785 49 174 
249030 1008 1762 
249032 1008 
249046 1008 
249048 1008 
249051 73 33 902 73 33 2368 
249072 1008 
249080 1008 
249088 80 928 80 
252395 
249089 1008 
250920 
249283 1008 2125 1419 26 29 
249090 1008 
249029 1008 
249092 1008 
249255 1008 
249099 1008 607 
249100 1008 
249105 197 811 197 
249107 1008 1266 354 262 490 292 405 
249125 1008 2418 
249126 1008 
249404 1008 703 
249136 1008 3081 
249156 1008 1537 1 
249171 1008 
249173 1008 1123 
249176 1008 
249178 1008 
249179 1008 739 
249185 4 1004 4 
249188 1008 1696 
249207 1008 606 
249212 1008 
249222 1008 2386 884 
249224 1008 775 190 301 
249239 1008 
249252 1008 2138 
249265 1008 
249269 1008 3910 
249270 1008 
251232 
249279 1008 
249280 1008 
249294 50 958 50 
252212 31 
249296 1008 
249316 1008 
249400 1008 
249327 1008 186 241 
249340 1008 3635 
249343 1008 525 
249348 1008 1853 662 1078 
249349 1008 3045 
249350 1008 
249356 1008 
249370 1008 
249387 1008 
249401 1008 
249403 1008 
247524 
247479 
247481 
247483 
247474 
247472 
253104 
247475 
247485 
247477 
247473 
247478 
251123 
247480 
247482 
247490 4480 
247484 
247486 
253732 22 66 138 23 52 14 156 
250610 
247488 
247491 
246995 
247389 
247369 
247039 56 44 266 
247004 
250724 710 
247018 
247303 
247125 4 62 4 79 5 
247007 
254038 
247332 
251981 
247017 
247463 
248402 1011 
247229 
247003 6688 
247487 
247051 42 44 172 1 160 
247467 4047 
247256 
247471 3836 
253170 
247233 
247028 3 50 1 39 27 37 33 23 16 6 4 175 
247305 3500 523 35 111 131 24 126 
247010 
247383 6272 2 
250440 
247025 4428 979 174 458 195 612 
247068 
247029 1429 1008 1013 3726 6 
246997 
253675 
247011 
247038 56 44 266 
247192 
251598 
247049 42 44 172 4696 
247050 42 44 172 161 
247342 4801 112 174 1662 
247001 
247228 
251957 
247253 190 4345 115 1302 
251280 1669 202 
247059 
254216 
247023 20 57 61 
247062 
251864 
247022 
247046 32 20 24 23 14 30 86 24 86 25 
247124 66 88 4159 
247067 7 7052 
247444 
247070 
249318 1008 2674 
247013 
246996 
247314 1300 15 993 15 3410 105 524 
248885 1008 
247008 
251296 37 
248781 1008 
247102 65 232 
250537 2991 
247112 62 6928 
247063 
247207 
253673 
251743 
247244 146 5706 228 708 
247304 69 1224 1008 2191 580 670 592 
247120 
247000 
252527 
247132 322 7 
247060 
251917 
248777 1008 
247156 
247061 
247374 1341 1008 
247240 
247103 65 
247171 238 4653 72 395 1629 8 
247024 20 57 25 36 31 71 52 
247186 
247188 29 10 27 
247199 3270 
253553 
247200 3401 
247331 
247205 
249102 1008 
247209 
247433 5710 57 
247019 
247224 
247418 30 1148 599 409 599 2644 440 475 
247212 
247219 172 
248800 20 240 19 16 713 20 240 19 16 
247221 
247234 4494 
247311 
247235 53 66 
247236 122 
247223 
247015 
247242 
247238 4772 296 12 90 1372 72 6 258 37 49 
247243 106 14 
247245 49 
247251 
247187 
247009 6706 
247269 6473 
247270 
247319 
247220 
247198 12 5855 
247289 9 5879 
247066 7 3921 
247301 
252578 748 
251608 
247450 
247320 
247325 1753 1008 
254039 
246994 
247330 3592 2937 320 
247335 
247344 4738 23 73 672 
247359 80 
247365 
247416 
247285 4231 
247419 43 
248426 
247366 
247377 1622 1008 
247378 5680 
247384 
247386 3886 597 
247388 10 
247392 
247393 
253041 
247400 4516 743 14 58 862 
247408 
247412 6435 
247420 3827 233 
247427 
251753 
247459 5083 606 321 4 7 51 
247468 
246491 
246941 4320 2294 
246580 
250625 612 
246930 
246541 9 5 
246565 2 
246600 
246500 4628 
246900 
246503 4628 2564 
246942 4122 1024 549 598 897 
246576 
246779 
246761 
246732 
246499 4628 
246493 4625 
246527 4 5 
246692 
246795 98 4072 
246615 
253314 
246514 
246579 
246508 4627 
247170 
246589 5 169 116 109 
246637 5 406 61 48 245 5978 529 107 
246517 972 
252963 
246683 
246540 5261 
247026 
246497 
247005 
246498 4628 
250505 
246611 2548 1008 1649 
246610 4895 
246524 910 4665 
247231 24 93 32 
246523 
246718 135 5757 
246748 
246625 
246947 
246547 
246538 
246535 
246521 
250435 
246539 
246509 4627 
246518 3935 3266 
246544 25 6019 
251464 
246701 
251271 2462 
246548 25 
253159 
246551 5510 72 
246867 
246695 650 76 1542 1008 525 43 1459 872 1148 
246980 
246557 
246510 4627 
246505 
246677 2212 44 964 44 870 123 101 
246559 2237 1008 
246899 
246622 
246650 
251217 2137 
246563 
246624 6363 
246722 
246749 4847 2209 
246564 2027 1008 1482 575 1497 
251522 
246556 
246586 
246707 
248919 1008 
246515 
246566 
246966 
246592 14 
246627 
246810 
246855 
253330 26 
246570 
246873 
246898 6 
246583 
246560 5608 
246628 86 3 47 26 104 39 
246590 372 4870 542 1053 110 
252658 
246872 
246609 
246591 176 4 
246694 
246743 
246598 7 98 55 79 205 57 61 15 33 52 1435 1008 1797 2343 
246604 
246613 
246621 242 
253194 159 
246871 
246626 28 18 97 6 43 140 
246584 2218 1008 
248739 266 742 266 841 1413 
246630 
246568 
246554 
246927 204 191 1727 111 897 111 300 1196 1461 
246631 7198 
246635 
251538 
246492 
246772 215 
246913 540 1681 1008 547 2361 570 
246638 473 62 1493 1008 1948 500 431 383 14 30 23 188 17 
246844 
246715 
251025 
246641 
246644 275 49 1933 1008 2398 218 837 
246651 169 1974 525 483 525 1797 765 727 
246657 430 63 244 4166 199 119 48 2088 
246581 
246660 
246662 
246663 
246668 
246666 
246850 
246901 62 488 1258 1008 1140 616 369 519 1244 
246700 19 116 
246671 
246673 
246675 
247406 
246981 
246601 206 276 36 14 63 4658 
246684 
246708 
250879 653 722 
246696 
246887 
250437 
246697 
246656 4326 2448 
246955 
246914 
246674 
246725 
246731 
248664 1008 
246733 
246738 
246985 
246752 2213 376 632 376 1672 406 
246770 
246753 
246754 
246643 218 65 3891 2544 
246755 
246819 446 1826 1008 944 301 1544 1152 
246990 
246768 
248685 1008 
246782 114 2273 1008 1086 
246800 
246912 2315 1008 
246792 
246909 
246876 8 3915 
247382 70 6086 
246815 
246885 18 543 
246816 
246821 
246828 
246832 1681 1008 4401 19 
246916 
251151 
246836 
246848 2439 1008 
252630 1413 17 
246851 
246854 
246534 
246681 293 4819 580 987 
246856 7249 
253034 
246857 
251958 
246858 
246859 605 
248484 1008 
246862 
246865 
246891 5349 1250 430 4 
246574 
246897 4316 1612 12 
246917 44 4936 
248819 1008 3401 
246918 21 3910 1922 123 557 
246921 
246924 
246929 
246937 3992 1348 909 
246940 
248437 1008 
246944 
246953 
246967 
246972 475 1544 1008 672 610 2187 136 365 
246975 
246979 
246989 
252580 
246993 
246243 
246257 
253193 17 
249052 1008 
246373 2240 1008 1189 1534 
246223 
248916 1008 
246242 2171 1011 
250654 
246238 
246295 
251040 1915 293 900 
246221 
246260 
246239 
246255 
246234 
246476 786 1753 292 716 292 
246313 4882 1984 
246228 
246244 
246969 
246437 33 
246248 
246320 
246259 
246254 
246314 
246360 90 816 27 2041 1008 322 139 45 788 1136 80 6 74 230 341 627 
252903 30 24 
246265 
246352 190 266 272 67 37 1521 81 927 81 1601 1737 935 
246247 
247248 
246267 
249232 1008 
246419 
246241 
246273 4320 1477 231 
250577 79 2095 774 
246275 
246276 
246256 
246240 
253337 
246252 
246237 
250679 
246218 
246315 
246463 590 43 44 62 6144 
246880 
246458 
246488 
246318 
250910 
246323 2821 1008 
246361 55 35 305 104 65 3 45 314 1569 2 164 842 2 164 866 402 231 34 679 113 119 947 40 32 
246233 
246316 
252702 263 
246235 
251447 
246249 2178 
246351 
251849 
246356 7022 
251939 497 
246433 
246558 
246219 
246429 4118 1962 
246220 
246366 2808 1008 481 229 
246379 2233 1008 1153 3420 
246258 
246350 270 5884 1392 
246472 2474 1008 
246456 
253351 
251455 
246446 304 234 5802 
246415 2070 122 602 284 122 602 536 447 132 865 1538 
246421 
246425 
246432 
246447 914 
246457 
246460 6264 
248790 1008 
246461 5043 
246466 
252384 1530 
246475 5938 
251765 
246507 4627 
246525 4 4 
246478 
246481 
246486 6961 
245306 916 4194 
245544 843 427 907 
245716 2177 
246823 16 
245311 
245835 1580 597 1326 1008 600 1224 1564 
245527 863 1314 
245650 2177 2649 
246577 7251 187 
245309 
253730 
246190 2177 
245312 2180 2926 
245347 
245449 913 1264 841 1008 
245307 
245775 2177 3159 
250894 680 321 93 511 85 
245337 2177 
245314 
245856 2177 
250628 
246202 2177 
253950 
253214 
246908 2391 1008 
245832 272 1905 272 563 382 626 382 477 279 431 784 1094 353 178 
245338 2177 
245675 26 465 1686 26 465 275 57 165 7 404 375 57 165 7 404 250 153 114 101 1493 1152 305 
245326 2177 906 1011 
245375 2177 959 1008 
245876 2177 
246575 481 9 7 35 47 5071 1188 
245351 2177 903 1008 
246951 
245407 2177 
245988 988 1189 280 243 265 224 276 243 265 224 278 476 337 394 923 965 
253306 
252156 
245508 898 48 191 101 287 51 33 64 189 315 1185 147 861 147 
245353 2177 
245354 2177 
245342 2177 
251995 
245638 2177 
245488 692 1485 692 2358 
247425 3210 2214 698 
246018 2177 
245732 239 1938 239 4931 
245310 
245339 2177 
245599 428 37 1712 428 37 240 1008 1150 156 29 1879 391 
251900 
246154 2177 
245690 2177 
251178 
245365 131 184 1862 131 184 898 36 972 36 2907 
245452 2177 
246153 2177 
245332 2177 
245376 2177 
246617 4592 785 1094 10 641 
245349 2177 
245331 1170 1007 3621 
245491 2177 1358 94 141 773 94 141 1220 94 655 825 
245389 376 722 1079 376 3247 2354 22 37 17 
245553 636 1241 300 636 2301 1606 80 207 726 583 11 92 
245759 2177 
245778 2177 
245350 2177 
246031 409 45 1723 1146 1008 3590 
245878 963 1214 702 1008 
245679 2177 
245316 5101 
246080 2177 
252465 1252 
245554 2177 6331 
245524 247 1930 247 4773 
245396 14 11 42 141 4 114 52 63 51 15 67 360 325 110 39 130 639 14 11 42 141 4 114 52 63 51 15 67 342 82 105 46 10 57 98 81 6 87 52 42 11 123 208 82 105 46 10 57 98 81 6 87 52 42 11 123 771 188 183 19 78 131 23 524 7 105 8 773 368 6 51 
245536 862 1315 5769 
245461 2177 4344 360 1670 33 104 
247012 
245749 2177 
245436 2177 1456 48 64 896 48 64 
245700 2177 4712 
245753 107 2070 107 4039 
245325 2177 
253856 
246448 7 94 4255 76 1361 
245411 2177 
251193 
245464 329 612 1236 329 868 1008 1475 966 
245413 1132 1045 
245533 862 391 88 3 4 67 291 37 434 840 430 97 481 430 97 1113 2245 
245531 862 1315 3646 409 7 20 
245668 2177 2788 169 26 12 61 30 81 
245417 2177 
246173 2177 2652 
245405 2177 1105 634 374 634 676 1027 133 731 41 44 344 17 
245551 1565 612 
245422 870 1307 899 1008 1899 82 
245483 862 1315 894 1008 
251469 679 13 
250427 
245532 3 859 3 1312 3 
245352 2177 903 1008 
246167 2177 
245718 36 108 21 73 1939 36 108 21 73 688 182 21 23 782 182 21 23 
245430 2177 
250903 
245728 364 186 1061 566 364 296 29 6 306 180 28 459 29 6 306 180 28 1789 8 347 765 
245450 913 102 1162 841 233 574 201 233 574 377 134 1303 63 132 446 51 197 178 57 23 492 87 
246016 2177 
251449 432 667 179 269 786 
245795 933 1244 
247493 
245443 2177 1000 1008 886 
252648 776 
253343 
245431 2177 2924 
245425 2177 1326 1008 
245451 201 313 41 1622 201 313 41 286 744 44 35 185 744 44 35 193 181 33 1888 146 761 60 
245454 2177 
245477 2177 
245516 861 1316 
245866 164 962 1051 164 4278 1625 
245855 2177 3236 
245539 2177 
245465 159 1688 330 159 949 107 901 107 2249 197 1442 18 
245380 579 1598 579 400 356 1 651 356 1 
245717 2177 
245545 2177 
245796 1506 49 622 
245469 2177 4685 
245826 2177 785 54 154 42 100 658 54 154 42 100 3236 
246085 2177 
245313 
245706 449 865 863 449 3973 1450 215 
245371 2177 
252142 
245564 2177 
245476 2177 
245479 1326 851 1118 1008 
245435 2177 4572 877 272 
245616 2177 
245538 2177 
246118 2177 1099 1008 
245621 109 796 4 1268 109 
251203 23 24 49 14 17 48 135 191 3 8 12 55 74 5 
245512 137 330 380 695 149 486 137 330 303 851 13 144 851 13 254 72 74 255 3115 
245785 2177 
245485 862 250 105 403 557 1168 9 7 48 48 896 9 7 48 48 825 787 305 938 412 
252014 6 284 318 1260 83 101 
245740 442 15 714 1006 442 15 720 1008 744 543 535 182 1230 655 
245492 865 1312 
245565 140 6 497 5 260 823 64 69 313 140 6 497 5 828 7 35 966 7 35 398 7 37 270 905 20 2 2 185 6 956 694 167 4 47 95 
245568 1679 190 308 2967 3033 218 122 62 28 
245333 2177 
245543 843 1334 
245495 379 1798 379 1114 159 849 159 
245751 2177 
245549 516 11 52 306 1292 516 11 52 178 715 170 123 715 170 2287 804 28 
245509 898 340 4 367 64 100 404 1332 1008 
253108 
251438 2151 
245845 2177 
245511 2177 
245513 2177 1329 1008 
245944 73 3 2101 73 3 750 1008 
245329 2177 
251397 
245514 72 1010 7 4 199 126 759 72 1257 1008 1227 
245515 72 220 1885 72 220 1037 1008 
245517 57 804 1316 57 
245322 1182 995 
245518 2177 1064 1008 3333 
245372 2177 
245528 863 1314 1145 1008 
245921 2177 
245550 2177 
251584 
245698 2177 5941 
245559 2177 
245562 2177 
245529 863 1314 768 58 320 179 62 87 302 58 320 179 62 87 833 207 21 177 1226 
245609 2177 3882 46 25 
252067 
245764 257 1920 257 463 1008 
245892 25 2152 25 3360 562 608 281 1062 
246490 
245766 404 1773 404 
250605 3489 26 
245654 2177 2855 
245576 2177 3276 
245577 2177 915 1008 
245853 2177 
245578 2177 915 1008 1158 1564 608 6 5 924 
245384 2177 
245797 2177 
246262 
245783 155 985 1037 155 562 1008 
245579 2177 915 1008 1158 2207 
247058 
245644 1444 307 426 
248877 1008 
245582 1199 126 434 418 3072 1512 
245580 2177 915 1008 1158 241 912 50 36 32 11 65 15 34 90 25 50 76 28 34 20 25 43 43 50 22 45 71 142 25 22 28 7 26 23 128 41 33 18 27 36 17 27 22 19 69 12 31 
245466 324 264 670 122 797 324 264 593 119 80 218 591 119 80 218 363 699 321 367 372 197 606 342 41 4 458 105 
251144 
245597 2177 
245655 2177 803 1008 
245670 235 37 114 1791 235 37 114 825 306 702 306 206 36 701 230 11 567 768 
245667 2177 2788 
248674 1008 3401 
245601 112 2065 112 638 198 196 614 198 196 630 220 175 476 186 11 718 14 117 209 8 171 400 29 122 138 120 
245330 2177 
245677 2177 
245588 2177 
245605 2177 
248408 1011 4279 
245606 2177 4962 
249167 1008 3569 
246098 54 2123 54 1049 1008 
246201 2177 
252811 
245612 1604 573 657 627 381 627 
248725 1008 3035 73 
245489 150 336 206 1485 150 336 206 119 15 109 46 838 15 109 46 1403 1128 
245570 2177 3498 574 2233 
245623 2177 
248779 1008 
245647 2177 
245357 2177 902 1008 1011 
245920 2177 
245767 38 34 29 3 14 14 33 2012 38 34 29 3 14 14 33 
246217 2177 
246063 2177 
245629 2177 
253644 
251851 
245630 812 1365 4077 4 
245632 2177 3850 941 66 
245636 2177 1351 1008 
245637 454 1723 454 949 1008 516 92 
246086 2177 
245838 2177 683 1008 
245872 2177 2680 203 1159 248 
245840 2177 
245643 1170 1007 
245746 1692 485 608 28 5 4 419 63 46 67 165 211 28 5 4 419 63 46 67 165 736 521 437 514 136 2 72 88 215 209 98 5 302 319 60 
247045 32 67 
245651 2177 
245659 1085 1092 788 19 989 19 1096 262 
245662 723 1454 4478 
246059 2177 2255 3526 105 
252722 
245664 2177 799 1008 1096 
245665 7 2170 7 792 4 1004 4 1092 191 1210 82 110 146 71 36 18 34 138 3 76 141 35 120 19 140 33 185 64 18 11 25 398 55 
245414 2177 
246002 2177 
248521 1008 
245745 1157 1020 
245674 2177 4556 
245934 2177 5978 
253275 
246578 
245676 2177 
253009 
245678 2177 
246561 
245327 2177 
245823 2177 
245912 2177 
245900 2177 
245695 2177 
245699 2177 3525 
246039 379 344 27 99 1328 528 615 393 615 
245703 2177 
245683 52 262 1431 432 52 262 3851 617 
245563 278 10 42 440 360 337 76 634 278 10 42 3471 502 1070 72 
245707 2177 4332 
245348 1171 1006 
246261 
245689 467 1710 467 2538 
245723 2177 
245902 2177 4460 1207 
245726 266 1911 266 
245729 2177 4893 
245736 2177 
245385 5 9 1299 28 226 610 5 9 1130 1008 1871 1292 161 
245909 32 87 417 816 825 32 87 538 297 711 297 838 16 87 512 168 402 76 815 149 314 475 
245752 2177 
251686 
245738 2177 
253628 
252000 1910 
245742 2177 
245747 2177 
245750 2177 3911 
245763 2177 
245768 2177 889 1008 
245799 2177 
252079 
245802 507 1670 678 1008 
245804 151 372 469 1185 151 3994 500 
245737 2177 3100 1583 1315 
246582 
245809 2177 
253126 
245810 2177 868 21 19 16 53 22 80 797 21 19 16 53 22 80 
245811 2177 
248805 1008 
245814 2177 4992 
245820 2177 
245721 2177 3759 
245833 950 132 1095 910 72 219 717 72 219 613 191 1324 
253693 
245836 1401 776 1326 1008 451 516 
245830 992 1185 3207 1182 542 402 684 
245875 2177 1094 1008 2389 297 
251511 
245877 585 590 152 48 802 739 17 277 714 17 277 
246159 2177 2313 
245886 2177 
249172 14 994 14 832 
245889 2177 
245891 25 2152 25 4294 
245895 2177 
245798 2177 3325 562 2051 
251275 
250415 
245370 2177 
245896 2177 
253629 
245897 2177 
245904 2177 2564 1 314 300 358 744 520 
250449 
245914 39 2138 39 
251841 
245915 2177 3002 
245922 2177 
246045 2177 3784 221 1749 101 
245923 2177 
245744 2177 3997 2019 
245927 1142 7 1028 949 74 934 74 
245933 21 2156 21 
246192 13 2164 13 3449 1532 
245936 2177 
247355 5794 57 
245939 1526 651 4783 1245 
245947 2177 4086 
253961 
245950 2177 2688 2012 601 
245960 2177 
251293 
245966 41 153 1983 41 153 898 8 15 985 8 15 384 1581 47 480 734 26 45 
245973 2177 4021 
252515 71 16 51 30 179 304 79 100 
245974 2177 327 124 884 124 
252665 
245977 2177 563 1008 
249298 1008 
245989 2177 350 490 518 490 1177 5 
245996 2177 
246132 2177 2590 1613 996 
246008 2177 4109 
253854 354 
246010 2177 4853 
246012 2177 
247021 
246013 2177 3623 
246022 2177 
246025 2177 
246033 166 363 174 94 1380 166 3647 158 
246037 112 2065 112 
246040 2177 240 13 193 802 13 193 913 20 11 185 60 176 8 1131 
246520 
246061 213 1964 411 538 470 538 1421 
252531 
246062 2177 5818 
246071 2177 
250603 1287 
246073 2177 
247387 
246082 2177 
253873 21 116 181 
246079 2177 1058 1008 
246081 2177 
246087 2177 1109 1008 
246147 2177 2905 189 103 
246130 561 452 148 1016 4509 
246134 849 1328 412 1008 736 1036 202 218 466 93 883 295 
246138 1276 17 884 2612 1948 151 
253004 571 
251625 25 15 431 404 46 1086 
246139 2177 
246143 2177 
250721 
246146 2177 256 357 651 357 984 535 1047 84 51 914 
248803 1008 2612 272 275 2 
246148 2177 3943 
246163 2177 2313 
246165 2177 
246172 13 2164 13 
246175 2177 2277 918 1504 189 659 143 
246179 2177 
246183 2177 3495 
246193 2177 2178 15 
246194 2177 
253915 
246195 2177 3041 187 130 104 713 599 
246196 128 2049 
246206 82 2095 2111 
246207 2177 
250590 
244687 
253680 
248425 
244764 8 183 469 178 214 478 917 123 267 178 214 531 169 41 44 124 630 169 41 44 124 815 346 3 190 45 39 177 559 722 
244724 
244751 253 587 518 303 1356 518 1067 31 977 31 
244886 73 300 133 686 91 120 1280 686 91 2195 14 143 86 1509 524 
244737 141 30 102 40 
245743 2177 
245180 323 2177 1331 1008 778 2041 1335 
244690 
245299 63 986 251 40 611 176 30 1 1 81 1082 284 724 284 835 530 770 79 112 117 1857 
244697 1539 
244732 1302 12 2165 12 648 166 45 797 166 45 368 137 3358 
245114 759 37 21 2119 37 21 920 13 995 13 902 6 1957 153 280 
244778 14 51 58 8 43 20 8 26 42 24 82 29 47 28 150 21 164 21 144 23 32 29 10 42 13 65 52 25 6 17 21 173 40 16 12 80 262 214 224 63 408 21 164 21 144 23 32 29 10 42 13 65 52 25 6 17 21 178 51 35 174 20 47 39 194 133 17 17 167 18 96 51 35 174 20 47 39 194 133 17 17 167 18 166 41 318 
245103 147 208 138 97 343 673 926 138 97 343 2376 
244710 
244887 4349 1008 455 2060 251 
249064 1008 
244995 2342 1286 19 308 681 19 308 788 262 
253246 
245300 7072 897 352 
244746 
244808 46 63 1354 2931 1008 
244699 
244819 2152 6446 
244704 
245012 3621 302 706 302 740 26 284 661 
244729 
244862 4201 1008 1274 
253838 
244975 1304 6471 
251805 
247016 
244755 622 736 185 622 23 400 211 736 362 332 405 271 332 405 1355 602 3 257 164 394 355 56 
247057 
246435 
245042 325 2177 
251207 
244703 
244705 623 2177 902 1011 
250908 
248605 1008 852 
244691 626 907 1270 903 1011 1014 720 799 497 1248 
245090 3770 1008 
249210 1008 1585 
245176 
244785 63 57 501 265 606 654 652 265 1188 61 175 50 722 61 175 50 676 69 202 171 75 64 576 112 54 763 44 25 351 27 
244960 433 768 129 940 340 768 170 721 287 721 319 95 134 182 1851 
246723 4330 
244693 626 908 18 251 1000 903 1011 1014 1519 497 1248 
244867 2593 3257 1193 493 855 
245052 986 2177 
244708 1523 771 
245192 3 
244830 
244836 
244706 629 894 1283 903 1011 1010 1518 1748 
244709 
244694 2 624 14 898 1265 14 889 1011 1014 6 1513 497 
244903 342 203 135 232 594 1216 135 232 474 1008 1582 
252491 
244759 170 222 13 73 237 92 68 128 60 248 47 9 14 689 822 92 68 128 60 248 47 9 14 246 4 301 13 63 81 368 178 4 301 13 63 81 368 152 217 104 367 69 343 85 241 452 1023 
249263 1008 3842 22 
245041 25 7447 931 
253072 
244714 629 2177 903 1011 1010 722 796 497 1251 
245022 1346 227 13 351 482 1741 1008 2526 139 769 
250546 
244719 636 898 1279 902 1008 3022 
244701 1801 4628 
252340 
244712 
245023 1381 
244730 628 905 1272 905 1008 1008 724 795 497 1253 
245076 
245254 6818 1768 
244695 626 2177 903 1011 1014 1519 497 1248 
244969 8 44 215 152 46 53 120 387 20 290 4 35 22 1200 46 53 120 387 20 306 58 22 330 17 36 7 14 86 87 67 284 58 22 330 17 36 7 14 86 87 67 338 322 
244698 
244913 104 89 954 493 40 9 84 80 139 428 904 600 8 9 56 75 10 7 63 780 8 9 56 75 10 7 63 455 246 109 95 291 10 45 267 323 205 562 404 242 28 171 65 509 
244735 
245898 2177 3567 
244861 1806 93 4579 319 117 
244789 
244707 629 894 1283 903 1011 
245122 20 7 406 184 1239 188 566 184 856 166 842 166 562 1126 160 2298 
244816 121 102 
244993 281 246 28 13 318 502 1316 28 13 318 702 160 95 753 160 95 3972 
247268 
244733 68 14 112 81 46 70 4 42 8417 
244784 39 186 428 2177 
248493 1008 965 638 
244956 6943 232 271 13 1104 129 
245070 117 14 6265 879 1499 31 
244723 
245026 546 486 1364 327 486 1131 1008 
245074 
252951 
246137 2177 5190 
244760 1359 2177 1099 1008 
245222 80 265 462 3 376 280 22 25 105 609 295 462 3 421 717 11 280 717 11 411 326 252 178 389 107 236 49 6 60 30 111 164 35 32 105 273 12 53 93 84 27 549 31 198 
244842 1149 24 75 563 1515 24 75 721 145 863 145 3954 
244711 629 2177 903 1011 1010 1518 1748 
245191 7784 471 
246468 
245193 48 516 20 113 21 14 266 361 1382 20 113 21 14 266 381 134 874 134 752 309 881 1075 18 43 99 326 696 
244803 2520 
244726 
245033 409 932 1245 856 1008 
248654 1008 1058 1947 1011 
244734 
244963 5595 
250950 
245210 2022 5995 
253520 
244822 539 979 399 799 6345 
253395 
245110 3923 1008 
244891 4349 1008 455 1594 466 
244738 141 54 25 93 181 24 172 624 23 22 26 28 132 1322 624 23 22 26 28 176 18 174 16 657 8 22 113 18 174 16 657 8 22 690 195 1963 
245065 3833 1008 1479 1156 
244912 89 501 342 558 247 93 373 64 500 342 989 1008 2008 869 1239 
245438 1003 1174 1122 186 196 97 529 186 196 97 1254 409 
244838 1145 804 25 1348 4192 23 1193 73 166 237 
244976 421 1563 237 100 277 3991 204 411 497 174 
244922 
244741 154 55 65 12 228 186 49 16 134 47 280 38 36 10 23 50 34 111 16 1333 49 16 134 47 280 38 36 10 23 50 34 117 19 32 100 62 568 14 20 9 36 8 140 19 32 100 62 568 14 20 9 36 8 133 19 168 27 76 6 104 55 160 412 550 209 33 215 261 
244864 1759 4224 2246 
244743 943 314 1863 314 
244794 706 924 43 2 1208 3010 
244692 626 907 269 504 478 19 903 1011 1014 696 24 799 497 1248 
251572 6 
245003 582 825 1352 
244850 770 344 214 1619 344 214 
247375 
246127 2177 4478 
244786 12 15 28 29 58 127 68 22 12 2 
246438 
245058 219 356 806 762 609 1013 1008 1829 
244876 3891 537 471 537 518 2018 441 463 
245081 
244885 
245134 801 2177 
244745 
247113 63 6775 
245269 
244725 3708 1008 
245284 3790 1008 
250782 
244863 85 1988 350 1531 160 848 160 517 27 2506 
244748 45 51 137 62 6 106 205 8 91 136 348 101 64 69 142 397 11 67 15 16 50 8 654 8 91 136 348 101 64 69 192 1008 3319 
244717 629 905 1272 906 1008 1010 1518 497 1251 
244689 
244750 216 72 73 21 254 61 109 19 56 17 15 3 22 31 75 24 158 107 20 22 63 113 70 72 409 711 61 109 19 56 17 15 3 22 31 75 24 158 107 20 22 63 90 24 8 8 144 5 16 21 18 22 449 201 12 80 24 8 8 144 5 16 21 18 22 449 201 12 97 11 26 39 45 127 24 96 14 21 21 118 63 624 1380 282 527 
244752 212 402 131 97 87 119 184 126 1116 317 131 97 87 119 184 126 417 52 36 30 563 327 52 36 30 563 166 43 460 11 111 860 114 77 382 171 218 159 209 288 4 129 280 
249108 1008 
244768 774 2177 798 1008 
244736 90 106 334 344 123 551 813 44 646 123 541 55 434 119 400 55 434 119 411 20 186 204 
244832 1366 2177 
244877 1323 1106 40 1031 2263 319 300 29 313 50 261 8 1624 324 11 
245294 106 2177 
244892 581 2177 1635 1008 
250693 
244753 10 92 14 13 24 48 40 89 16 36 38 16 86 89 54 5 52 46 26 13 67 18 124 80 146 71 45 20 162 89 45 17 9 30 135 16 25 6 25 15 32 353 20 42 220 7 18 144 54 5 52 46 26 13 67 18 124 80 146 71 45 20 215 20 43 98 8 38 105 179 28 162 122 60 145 20 43 98 8 38 105 179 28 162 122 60 188 140 153 22 173 1705 
244781 
244817 121 102 1592 15 130 3 84 382 49 6516 193 23 
245013 
253842 
244827 96 492 211 1966 211 1420 1008 752 
251502 
245177 5450 2004 57 528 55 392 
244754 1358 241 987 949 1008 91 917 91 284 278 849 17 542 443 218 332 823 28 
244700 
245044 23 95 87 120 103 220 253 6 388 367 840 103 220 253 6 
244757 1358 2177 1099 1008 78 
244783 4146 189 819 189 858 
244849 1600 
251758 
247353 
244758 360 23 254 67 654 618 97 493 4 244 67 654 295 757 47 204 757 47 698 
253313 
245068 1548 
252565 
244742 1257 2177 1080 1008 430 1169 1718 
245098 1580 452 191 1268 1008 1778 2013 
245152 7104 
253863 
244856 136 281 228 18 138 164 22 183 354 21 25 188 115 12 86 123 6 222 500 18 138 164 22 183 434 375 633 375 461 261 245 10 21 84 131 649 119 33 12 7 12 74 37 83 160 116 28 50 217 254 113 25 32 20 529 30 15 40 42 9 114 6 13 11 20 22 64 5 24 
244761 1360 2177 1099 1008 2028 1116 
244865 
253637 
252941 
244721 
251602 
244788 2 17 164 106 52 341 14 68 61 12 35 128 300 14 40 157 47 315 188 57 198 65 3 141 88 6 240 14 68 61 12 35 128 300 14 40 128 73 10 36 62 123 31 1 79 12 60 24 14 104 257 41 8 73 73 10 36 62 123 31 1 79 12 60 24 14 104 257 41 8 80 92 108 
244921 871 36 388 733 483 537 36 388 759 1008 619 169 16 1131 560 180 654 75 66 183 167 20 
244986 118 117 4 158 373 162 44 366 1232 373 162 44 
244762 35 150 40 93 9 16 12 23 10 93 139 30 21 35 293 15 8 22 113 42 159 209 358 25 18 68 355 194 212 30 21 35 293 15 8 22 113 42 159 554 14 2 13 6 226 284 463 14 2 13 6 226 284 165 532 3018 
244767 105 669 112 49 570 977 34 435 112 49 2707 255 789 161 100 199 28 146 294 34 57 70 227 31 104 131 24 64 157 31 139 9 18 305 127 
244953 
245036 17 181 211 897 699 581 3663 1747 
245091 861 2177 732 56 952 56 1771 
244890 5812 1594 466 
244769 904 2177 
245315 
244765 49 1665 2721 1008 
245215 88 
251490 
244770 1801 87 450 47 5071 
244812 251 46 24 27 9 1464 145 2159 184 824 184 3905 
245094 18 117 598 20 2157 20 819 72 124 18 85 709 72 124 18 85 646 26 
244915 
252444 
244702 
244771 2357 66 79 1262 1008 2145 
244749 218 490 247 380 21 197 23 388 921 247 380 21 418 1008 841 16 2016 
244775 1361 2177 688 1008 932 146 1121 286 220 63 858 
244720 636 2177 902 1008 1011 
244773 830 39 68 17 236 991 826 39 68 17 236 2929 1317 
247075 
244774 1361 954 62 245 916 688 1008 932 146 1121 116 170 220 63 858 401 
244756 622 736 186 622 23 610 736 1099 1008 669 2106 321 713 
245267 6155 230 
245190 6136 
244776 362 301 230 425 47 190 883 402 230 425 47 2386 300 76 382 1057 1140 190 
244818 
245238 608 2177 2714 2325 
253610 
244934 
245182 46 1208 999 1336 143 491 374 143 491 703 
244777 
245957 2177 599 1008 2574 
244853 856 2177 2727 1441 1791 25 6 
244779 485 881 2177 204 1008 941 286 2067 
244806 45 269 24 257 466 70 1040 601 466 70 476 99 175 134 600 99 175 134 1370 413 76 39 289 722 352 99 54 79 398 202 
244780 279 1036 960 9 7 71 148 982 1103 1008 3364 240 
244722 1794 
244866 825 21 2156 21 2631 2192 
244997 1881 108 294 1651 25 13 6 7 957 25 13 6 7 536 
244782 
245324 2177 
244809 30 6 26 29 26 245 35 70 20 77 8 141 51 46 96 33 34 102 3 14 102 183 17 180 374 17 92 29 75 330 17 33 14 17 36 7 31 95 8 141 51 46 96 33 34 102 3 14 102 183 17 196 142 36 15 122 113 131 8 5 13 30 24 29 15 41 284 142 36 15 122 113 131 8 5 13 30 24 29 15 41 339 30 20 86 35 47 44 34 26 109 27 888 24 18 4 3 51 17 122 17 49 12 15 25 85 103 162 55 58 33 120 8 96 61 93 38 77 66 18 56 56 73 34 119 51 62 59 53 213 21 
244728 
244859 3763 1008 1120 
244740 159 115 720 624 1553 1323 57 951 57 185 194 7 23 32 166 1 1850 
251398 
245005 587 821 621 51 79 605 
244894 
244787 1314 2177 1103 1008 
245831 23 2154 23 
245127 471 181 1996 181 2617 219 1133 138 106 1948 
244831 294 7923 450 
244791 3719 1008 
248908 1008 2241 
244795 584 151 428 95 535 618 350 151 428 95 576 22 5 8 433 87 453 22 5 8 433 87 403 568 92 199 90 1442 17 645 
245096 927 2177 
248875 1008 
244889 36 1084 2177 1052 46 962 46 409 1594 42 424 754 19 26 
250599 1470 
246513 501 
244920 5967 
244796 636 2177 1753 1008 3786 
246506 4627 
244718 
247006 
244799 694 845 463 869 
244898 3837 1008 3055 824 
253769 
245032 1338 2102 121 57 830 121 57 
245260 5282 
245525 532 978 130 537 532 1131 1008 206 1576 
244835 
244904 45 293 518 1037 1140 
252897 206 696 200 79 
244800 1148 99 274 1804 99 290 1008 1061 
244716 629 905 1272 906 1008 1010 1518 497 1251 
244802 176 385 141 19 773 53 128 559 144 101 90 169 141 19 801 515 493 515 
244874 1007 328 1849 328 2282 55 904 474 262 187 283 435 651 4 3 12 4 36 129 
244805 7749 
244810 
244747 1360 2177 3724 73 48 140 43 105 152 129 505 732 
244811 347 
245139 669 524 1653 
251823 2 64 
245283 
253160 123 
244820 
244821 
244824 722 2177 990 85 923 85 
251210 
244688 
244833 1289 816 1361 326 773 235 773 363 314 895 618 915 45 121 138 303 27 
244902 321 55 1057 410 54 4495 1503 555 637 226 
244825 
245107 24 6706 
248829 1008 1885 
244828 29 621 2177 789 761 152 95 761 152 117 134 185 43 144 1189 46 156 1213 501 
244829 266 691 1124 1053 3275 361 47 
244739 154 118 26 71 163 120 55 10 11 27 63 89 74 97 44 216 22 85 28 75 39 28 18 268 928 55 10 11 27 63 89 74 97 44 216 22 85 28 65 19 18 16 125 16 14 16 252 312 35 9 15 78 83 19 18 16 125 16 14 16 252 312 35 9 15 78 87 61 84 120 51 53 10 32 85 22 28 18 4 18 30 887 135 62 71 83 50 3 31 77 101 48 131 727 21 59 57 150 
253292 
245079 117 605 23 1552 602 23 1131 173 835 173 
244834 1637 4159 
245101 
244837 
244897 123 564 780 3 615 454 9 316 1232 1008 523 84 53 45 29 124 31 10 19 1233 36 171 319 1256 174 
244991 28 233 230 23 947 7 23 147 418 116 496 23 1325 304 704 304 
244840 1145 19 2158 19 1097 1008 1958 570 
251085 
244847 1772 169 2374 1008 646 
244852 278 268 1484 693 1338 1008 1353 
251148 
251494 1505 
244858 
244804 1383 17 270 412 6 72 354 8 1038 17 4291 858 
244713 
244860 
244715 629 1167 1010 903 1011 1010 693 29 796 497 1251 
244766 7567 
244868 7343 618 
245216 
245239 6464 
251145 
244914 771 2177 2803 314 613 323 188 927 
245656 656 1521 803 43 444 521 43 444 865 524 
245056 1596 
244873 
245028 416 536 1641 536 304 158 850 158 888 241 344 
244875 227 351 169 2008 169 967 1008 1055 493 1010 280 1139 
244880 689 646 934 180 417 646 939 1008 582 330 1603 264 641 5 
244881 
244883 7910 580 
244888 4349 1008 455 2060 
244965 5806 2530 
244918 1718 198 11 25 414 1598 80 355 573 80 355 1269 742 454 188 471 684 
245060 103 21 35 
244896 44 1204 30 2147 30 266 692 16 300 692 16 325 47 193 1139 244 8 
253727 33 44 89 39 77 
248925 1008 
244907 287 395 125 10 225 49 1768 125 10 225 49 589 135 4 181 19 28 72 569 135 4 181 19 28 72 341 487 2600 
244984 442 674 1503 674 250 21 431 91 218 84 8 155 21 431 91 218 84 8 148 1717 630 
245126 
247079 44 4 19 131 
245214 1743 2297 1008 364 64 272 15 1153 1638 92 76 4 
244910 5959 
244911 
245175 1667 2117 387 621 387 3593 229 
244924 4325 1008 
251317 
244916 
245025 546 951 198 1028 1161 32 332 35 609 32 332 35 343 1632 1757 
245211 1057 132 20 2023 22 29 93 8 129 285 442 22 29 93 8 129 285 442 293 71 218 18 959 71 22 111 203 246 18 2 58 18 92 10 15 39 11 11 83 21 71 56 35 39 134 280 4 
247225 
246388 
244919 2016 1681 1008 1089 54 24 746 
245024 510 6 856 636 151 109 60 59 300 6 6275 
253169 49 23 
244930 8923 54 106 
244744 102 38 67 39 28 215 18 230 17 9 599 44 130 143 41 383 193 94 24 245 255 17 9 599 44 415 621 387 621 132 27 388 
253082 
244931 282 1824 3460 1127 991 1379 
252257 
245046 
245084 16 36 38 230 366 21 28 31 217 361 236 917 366 21 28 31 217 300 187 32 52 21 207 13 74 10 74 79 259 187 32 52 21 207 13 74 10 74 79 1791 1301 57 
245147 766 911 1266 
244935 971 2177 500 16 992 16 1718 308 
254136 
244936 1160 2177 1103 1008 
244939 619 2177 3991 
244941 2281 5060 
244942 1220 2177 2313 1631 
245341 2177 
244943 7341 
246793 
244944 1227 2177 2680 1850 139 5 419 505 
244945 5844 300 1201 
244946 924 173 26 716 17 67 1178 173 26 412 10 42 19 260 677 10 42 19 260 610 148 924 72 436 198 26 282 43 341 
253814 
245202 85 212 91 71 553 197 174 199 207 377 45 263 91 71 553 810 67 62 879 67 62 279 1685 206 239 517 27 41 18 568 
244957 274 196 623 232 1322 623 275 1008 
244961 
245218 479 11 150 2016 11 150 
251342 
244962 26 247 159 26 51 15 125 7 137 17 17 40 5 23 72 362 20 26 7 1227 26 51 15 125 7 137 17 17 40 5 23 72 403 16 22 10 370 27 19 149 17 58 33 107 180 16 22 10 370 27 19 149 17 58 33 107 212 125 213 
252674 480 
244968 419 606 310 1261 606 326 694 314 694 368 
244970 956 371 249 26 1531 426 442 566 442 1948 
250915 
245848 1514 663 3796 8 
244973 436 371 89 59 41 79 259 1279 371 89 59 41 79 224 84 174 750 84 174 772 
245270 25 
244974 442 2177 958 1008 2157 
246133 24 2153 24 2342 130 1440 
244979 21 460 157 370 32 49 61 188 1320 157 370 32 49 61 212 849 159 849 
244983 419 2177 1537 1008 
252567 
244985 
244989 491 30 105 69 800 1173 30 105 69 595 1008 1767 907 
246336 2217 1008 993 
244996 1345 43 33 263 60 128 470 1656 1008 
246226 20 249 504 
245305 
244998 150 255 123 863 41 274 17 117 248 494 123 
244999 538 862 1315 
245002 215 7 3 653 2177 
245007 5533 54 593 1092 1290 453 
245016 625 327 74 228 16 136 1396 327 74 234 151 590 34 20 213 151 590 34 20 206 296 104 55 160 1171 
252507 64 1014 
245069 
252605 
251369 
245029 3431 1008 
245030 1 950 1 2176 1 3485 1609 
245034 1176 165 2012 2130 
245455 2177 
244731 628 905 1272 905 1008 1008 724 795 497 1253 
245116 8682 222 
246480 5011 860 71 898 
245035 1176 165 2012 221 1008 
245045 
245047 
253071 
245057 124 8326 
250638 
246512 
245061 313 357 255 190 129 512 72 551 111 357 255 190 185 374 36 598 374 36 594 496 184 43 433 116 313 9 593 640 372 29 319 
245246 194 363 9 498 277 25 67 536 251 151 363 9 694 249 25 13 6 7 708 249 25 13 6 7 536 530 266 348 706 13 193 50 331 507 379 314 
245062 1729 5782 1328 
245208 
245323 2177 
245064 6141 1058 277 924 
253684 
245071 1457 4 5 6071 1457 
245073 1358 4160 1920 1674 
245075 
245078 1592 2139 44 6 958 44 6 
244727 
245082 691 86 71 2020 86 71 706 1008 
245087 2126 45 14 1546 13 995 13 
245085 3685 1008 2446 
245244 1245 2048 1008 4277 
249281 1008 
245156 472 1041 20 22 604 490 735 22 190 214 582 22 190 214 598 97 
245086 1613 572 85 1214 540 468 540 462 939 296 761 
245088 
245092 898 11 2166 11 2587 793 2022 
245696 1107 1070 4119 
245093 7506 985 
245097 
245113 3842 1008 
245115 3669 168 840 168 3473 
252632 
245119 24 1138 552 
245121 25 454 2177 
245658 2177 803 1008 1097 255 21 12 6 8 1451 1699 
245137 
245153 1658 
246543 
245293 
246164 2177 
245161 3884 10 998 10 1242 316 
245165 
245166 
249035 1008 
245261 320 2177 915 1008 862 91 205 164 1473 404 132 1131 
248780 1008 
245167 696 2177 
245168 696 1 2176 1 
245265 6422 
245172 3370 1008 2111 
245178 
245179 8652 338 
245185 116 645 32 377 14 277 319 1158 32 930 221 787 221 208 54 79 250 19 13 7 27 42 970 115 69 53 32 162 12 185 16 1148 71 31 77 152 48 29 21 
245186 
245188 15 5478 
245197 
245198 
245199 526 2177 
245200 682 26 32 903 416 800 26 32 597 439 569 439 690 414 822 295 254 5 593 897 
245204 720 111 2066 111 340 22 532 249 205 22 532 249 1394 
245205 214 263 143 264 1507 263 143 264 196 113 570 325 113 570 359 
246648 
245207 
245209 8796 23 
245212 
245220 2116 31 1783 1008 1133 427 23 968 832 384 
253121 
253256 
245226 
245247 35 1664 3625 3404 
245240 1519 3883 1699 
245308 
245248 
245285 2072 4231 942 
245253 
245257 
245262 749 2177 2356 
248439 1008 
246685 
245263 5282 243 2033 
245268 
245272 896 2177 2528 2722 
245279 
246826 
245288 347 1138 3 1036 700 592 416 592 392 66 938 1 68 5 304 268 574 551 
245280 
252989 35 
245281 460 46 2131 46 3142 474 117 113 47 803 885 56 175 89 
245286 
245289 8 1730 1700 354 654 354 872 416 333 1112 39 
245290 
245291 3425 1008 1054 1241 530 166 578 
245292 402 709 279 645 544 1126 196 812 196 306 822 877 346 228 332 500 176 
248832 1008 
244982 
245298 
245304 2119 3987 140 472 983 
===Document Endings===
[www.washingtonpost.com/local/virginia-politics/in-virginia-race-tainted-by-ballot-mix-ups-judge-bars-press-from-recount/2017/12/21/ef50667c-e4eb-11e7-833f-155031558ff4_story.html?utm_term=.63b8537d5bc2, 245306, 619]
[www.washingtonpost.com/local/virginia-politics/court-tosses-out-one-vote-victory-in-recount-that-had-briefly-ended-a-republican-majority-in-virginia/2017/12/20/ed979a70-e5b9-11e7-a65d-1ac0fd7f097e_story.html?utm_term=.736ddcb293dc, 246218, 912]
[www.washingtonpost.com/news/local/wp/2017/12/21/virginia-might-decide-a-tied-race-by-pulling-a-name-from-a-bowl-how-would-you-break-a-tie/?hpid=hp_local-news_varecount-1105am%3Ahomepage%2Fstory&amp;utm_term=.0b0579cc9ab1, 246491, 273]
[billingsgazette.com/news/local/simple-election-decision-by-lot-ended-up-in-state-court/article_9a0e0b45-c06e-50a8-ac0d-841b577da098.html, 246994, 503]
[lasvegassun.com/news/2011/apr/21/candidates-draw-cards-determine/, 247472, 478]
[visitor.r20.constantcontact.com/manage/optin?v=0012UVvq9vDWuw26NdK6-VSo2a2RLPMa-KbMDZ0cvT7-2rB6LBbBMLpB7NgqPQDR_rHUry93nXXlsbgITrtazTFQh4ZuNR9905D2fjaOXHmaLA%3D, 247492, 20]
[www.washingtonpost.com/local/virginia-politics/court-tosses-out-one-vote-victory-in-recount-that-had-briefly-ended-a-republican-majority-in-virginia/2017/12/20/ed979a70-e5b9-11e7-a65d-1ac0fd7f097e_story.html?utm_term=.de2ec8d3015e, 248395, 903]
[www.washingtonpost.com/local/virginia-politics/democrat-wins-va-house-seat-in-recount-by-single-vote-creating-50-50-tie-in-legislature/2017/12/19/3ff227ae-e43e-11e7-ab50-621fe0588340_story.html?tid=a_inl&amp;utm_term=.56ccf1b00a6b, 249406, 1011]
[www.washingtonpost.com/local/virginia-politics/democrat-wins-va-house-seat-in-recount-by-single-vote-creating-50-50-tie-in-legislature/2017/12/19/3ff227ae-e43e-11e7-ab50-621fe0588340_story.html?utm_term=.68d0a1ca979e, 250414, 1008]
[www.washingtonpost.com/local/virginia-politics/potential-chaos-ahead-as-control-of-virginia-house-of-delegates-hangs-in-balance/2017/11/08/bef75346-c448-11e7-84bc-5e285c7f4512_story.html?utm_term=.a41f9a6d3433, 251117, 703]
[billingsgazette.com/users/login/?referer_url=http%3A%2F%2Fbillingsgazette.com%2Fnews%2Flocal%2Fsimple-election-decision-by-lot-ended-up-in-state-court%2Farticle_9a0e0b45-c06e-50a8-ac0d-841b577da098.html, 251142, 25]
[www.washingtonpost.com/entertainment/museums/the-train-was-moving-mournful-slow-exhibit-shows-haunting-photos-of-bobby-kennedys-final-journey/2018/04/03/b10af912-3109-11e8-8bdd-cdb33a5eef83_story.html, 251933, 791]
[www.washingtonpost.com/local/virginia-politics/mcauliffe-if-obamacare-is-here-to-stay-then-its-time-to-expand-medicaid/2017/03/27/0179556a-1310-11e7-833c-503e1f6394c9_story.html?utm_term=.06e065a90813, 252436, 503]
[www.washingtonpost.com/local/virginia-politics/mcauliffe-at-the-midpoint-sets-sights-on-cuba-and-other-foreign-markets/2016/01/02/73ccacaa-a824-11e5-bff5-905b92f5f94b_story.html?utm_term=.f397848fb4fc, 253679, 1243]
[www.washingtonpost.com/local/md-politics/candidate-for-md-governor-says-state-should-start-single-payer-health-program/2017/06/23/3ebd3a26-5795-11e7-a204-ad706461fa4f_story.html?utm_term=.cae899a91a6d, 254221, 542]
