===STATS===
unique words: 3768
number words: 20646
number docs: 25
===========
59971 
60019 
59984 
59965 
60323 
60202 
60201 
59993 
59975 
60138 
60045 
60084 
60270 
60027 337 
60074 13 719 
60062 
60203 
60326 
60678 
60195 
60188 
59982 
60007 125 94 169 20 8 10 
60259 
59964 
60194 
60205 
60134 
59986 
60204 
60221 
60214 375 
60366 
60829 
60827 
60099 
60346 
60375 
60744 
60367 
60412 
60791 
60154 
60560 
60502 
60528 
60817 
60541 
60543 
60296 
60726 
60728 
60783 
60800 
59226 
59796 
59468 
59912 
59244 
59459 
59407 970 
59524 
59247 
59240 
59257 
59245 
59422 
59294 
59699 
59263 
59249 
59250 
59837 
59646 365 
59354 225 
59389 
59396 
59343 
59236 
59271 
59220 
59428 
59367 
59462 
59225 
59216 
59317 
59498 
59718 
59712 
59511 
59415 765 
59643 
59957 439 14 20 6 
59451 
59289 
59576 
59701 
59617 
59618 
59683 
59262 
59708 
59726 
59813 
59816 
59918 
59923 
59925 
58767 
58763 
58743 
58750 
59005 
58884 1465 
59187 
58754 
59040 
58777 
58766 
58907 302 
58962 161 
58747 
58753 
59169 
58779 
59052 
58782 
59069 
58755 
59002 
58863 
58833 
59013 
58813 
58748 
58827 
58774 
58831 
58832 108 
58999 
58835 
58888 10 
58908 
58810 1278 
58892 
58775 
58938 
58972 
58758 
58851 252 
58857 44 
58887 
59090 
58941 
58864 
59063 
58897 
58937 1694 
58899 
58780 
58911 31 
58912 
59077 
58924 
58977 1220 
59330 
59009 
58928 
58944 
58945 215 
58967 
59008 
59184 
59021 
59041 
59058 
59066 
59068 
59071 
60031 
59076 
59079 
59087 19 766 
59099 
59111 
59117 
59147 
59996 
59151 
59163 
59164 
59168 
59176 
58735 
58256 
58133 
58146 
58537 
58137 
60733 
58405 163 366 62 
58570 
58649 
58112 
58619 22 
58135 
58124 
58437 106 
58115 644 
58167 
58202 
58216 
58159 
58222 
58593 
58494 
58219 
58239 
58245 335 
58130 
58681 
58326 
58263 
58199 13 353 139 20 8 1200 29 
58203 
58586 
58370 
58376 2099 
58393 164 
58394 
58114 
58407 631 82 
58560 
58431 
58668 
58432 
58903 
58708 
58664 
58491 
58517 1486 45 19 48 35 26 43 9 56 9 21 93 57 39 10 58 11 19 19 12 8 4 44 67 14 5 33 13 
58526 
58109 
58554 
58246 333 
60818 
58120 
58569 
59843 
58594 
58603 
58134 
58661 
58666 
58669 6 4 
58693 
58123 
57148 
57472 
57150 
57464 
57169 981 
57137 
57125 
58410 
57130 
57839 
57526 
57295 
57275 559 
57140 
57386 
57907 
57173 
57514 
57136 
57809 
58052 
57884 
57244 
57527 
57162 
57443 
57163 
57984 42 
57360 
57361 
57261 
57936 
57544 
57486 
57348 
57293 
57197 561 1979 
57716 1424 
57502 
57290 2795 
57146 
57821 243 23 
57855 
57702 210 
58016 
57118 
57441 
57446 
57145 
57548 
59934 
57484 
57487 
57557 
57802 58 55 
57759 
57152 
57124 
57771 
57246 
57565 
57570 
57580 
57590 604 
57605 
57608 157 
57620 
57463 
57650 126 14 244 
57651 
57995 
57687 
57429 
57707 
57719 313 656 6 
57735 
57820 
57749 
57787 57 15 54 1 
57804 
57805 
57810 2 
57827 
57836 2413 
57837 
57875 
57876 
57891 
57897 
57906 
58910 
57950 
57959 
57968 125 
57983 
57990 
57994 
58039 
58060 
58070 
58076 
58091 
57126 
56460 
55263 
54792 
59535 
54823 
54695 
54348 
54422 
54693 
54379 
54351 
54819 353 
54752 
59724 
54361 
54362 
54868 
54391 
54580 34 82 68 273 90 24 
54875 
54613 
55170 
54791 
54421 
54370 
54656 
55114 
54465 
54358 
54722 
57393 
54762 
54898 
54346 
54429 558 
55065 3793 21 23 
54386 
54439 
55094 
54442 25 
54451 
54369 
54827 
54458 
55180 
59983 
54466 
54541 
54668 4212 
54345 
54344 
54751 
54491 16 
54373 
54493 15 12 35 
59926 
55048 
59395 
54910 
54497 4362 836 
54701 213 
54669 4197 135 
54509 
54681 
54523 5219 
54587 
54527 
54501 
54389 
54610 430 5053 
54803 
54384 
55056 
54583 
54598 141 
54584 
54740 
54600 
55131 
54674 
54609 
54618 
54626 
54779 
54473 61 
54627 
54359 
54631 
54632 
54651 
55159 
54741 136 
54665 
54729 4396 
54737 
54744 
54745 
54816 
59995 
54746 
54753 16 
54761 
54763 
54765 
54821 
54773 
54355 
54778 
54685 29 
54783 
54790 
54794 
54795 13 
54800 
55057 
54652 
57666 1017 
54804 
54806 
54856 
55074 
54357 
54880 
54881 
54890 
54899 
54909 315 
54928 2 
54945 
54963 
55011 
54983 
55029 
55071 
55080 
55085 
55086 
55090 
55096 
55103 29 30 44 
55135 
55145 
55171 
55176 
55204 
55229 
59110 1714 
55231 
53936 
53983 
53947 
53944 
53933 5284 
53968 
53950 
53967 
53946 
54153 3913 
53964 
53972 
54223 
54025 
54175 
54168 5788 
53929 
53957 
53979 5101 
54161 
53958 
54067 
54144 
54935 
54109 
54110 1071 
53931 
54321 702 5093 
54126 3486 
54170 
53945 
54180 
54356 
54306 
54308 
54296 
54305 
54317 
57660 8 
53010 
52730 
52732 
54655 378 21 46 22 
52762 
52910 
52847 2049 
52826 4711 
58550 1385 
58650 15 30 1010 
52749 
52852 
58776 
57930 
52787 161 5958 69 53 32 
52754 
52834 
52761 
52753 
52763 
52783 89 
52734 
52776 
52889 2259 2856 
52951 
52729 
54576 
52964 
52813 
52779 
54749 
52778 
52797 17 32 67 4 1792 
52751 
59031 
52958 1468 166 80 12 58 67 11 355 37 
52773 
52819 
58855 
52935 
52896 
52854 
52912 
52908 
52768 
52965 
52601 4882 1881 
60010 
51937 
52188 
51844 
51849 
52409 
54390 
52058 121 7915 522 
51852 
52604 
51862 
52603 
52318 1950 
51995 
51872 
51890 
60422 
52197 8 369 
51888 
51867 
51870 
51873 
52479 
51920 
52241 
51992 
52476 5992 648 
51863 
51860 
52110 
51851 
51894 
51838 
55192 
51875 
52510 
52208 
52484 
52191 
60392 
52189 
52244 722 1548 
51987 96 
52320 1950 
54533 
52302 
58778 
52303 
52304 
52369 2742 
52376 
51853 
52431 8264 
52661 
52523 
52527 4808 
52568 
52199 372 314 
60227 
52640 
53969 
52655 10 48 
54612 430 
52698 2314 5719 
51479 7732 
51482 
51480 7734 
51582 
54884 
54128 
51656 
51493 
51500 
51501 
58639 
51485 
51505 
51484 7735 
51828 
51523 
51516 
51663 6554 205 255 
51521 
51568 1233 
51708 
51486 
51550 
51757 7664 
52858 
51548 57 162 
51845 
51506 
58168 
51658 1039 5551 
51576 
51604 5973 1209 404 
51564 7485 
51601 2858 152 430 
51834 
51740 
51632 
57652 
51503 355 2094 4166 1863 
51633 
51759 
51660 
51669 6803 
51686 
51833 
50538 
50535 2190 1209 6902 
50536 
57358 
50533 5644 
50534 
50135 
50423 8908 
50145 1351 
50213 314 1466 2809 
50158 
50131 
50166 
50172 
60101 
50149 
50180 2383 
58752 
50224 
50185 
50136 2604 
50236 
50196 
50148 
50305 
50207 4199 
50215 314 
50238 10459 
50227 
50235 
50179 
50230 
50317 9355 
50267 
50369 
50300 
50294 7399 937 
50318 9274 
50400 
50242 
50251 7031 
50379 
50396 
50500 
50458 
50430 
50462 6877 1957 1025 
50473 25 
50506 
50509 
49606 
49621 
49604 
49770 
49607 
58542 
49785 
49720 
49622 
49617 
49615 
49642 53 37 65 66 34 77 38 24 39 
49598 
49644 
49634 3141 
49636 
49637 3140 
49616 3136 
49625 
49597 
49809 
49645 876 
49918 
50004 
49665 
49840 
49629 
49982 
49639 
49614 
54644 
54666 
49803 
49687 200 7 49 130 
49717 8333 
49725 
49667 
51602 
49772 9525 
49893 
49784 5000 4 8 2997 
49771 
53014 
49789 
49628 
51775 2520 4072 505 1406 
49801 
50027 
49826 
49846 
49849 
49886 
49859 
49877 
49878 
49882 
59949 
49916 
49987 1834 
49961 10798 7 
49968 
49969 85 2636 4903 
49973 1972 637 26 7473 
49981 
50009 
51846 
50031 
50397 
50035 
53928 
50043 
50050 
59097 1638 
50061 9327 
50114 4481 5734 
49294 
48962 
49106 
49017 12 146 20 41 22 40 17 5 54 130 
49375 
48949 
48952 
48971 
54671 
49246 
49590 7883 
49612 3138 
48948 9808 
48991 591 
48973 
49100 
48951 
49302 
48959 
49244 438 3185 7 
48972 
49203 140 1121 4012 
48976 
49004 
49403 
48977 
48969 
49001 
49205 
49007 495 11273 
49275 
48947 
49105 
52207 
49028 
49143 328 
48970 9813 
49010 9881 
49008 159 63 81 24 25 37 9 20 87 52 19 
49187 
49558 
48957 
49197 
59129 1590 
49003 
49412 
48955 
49021 3953 1496 3976 
49342 
49038 10 170 247 5116 4 39 553 2564 21 
49041 
49443 
49544 
48994 5744 
49061 
51514 
48984 118 61 49 154 5834 
59978 
53955 
49034 53 89 74 27 52 162 
49369 5092 3633 
58797 
49457 
49449 78 5328 
49042 
48978 
49480 
49040 
49138 
49351 5512 80 18 2932 
60788 
49026 68 9745 
49091 5477 
49128 
49267 
49184 
49110 3136 8250 83 
49164 
49305 
49114 
49325 
49104 
49148 
49165 
49484 2134 1332 5309 1361 
49168 
49182 
54301 
49735 
49190 
49149 
48950 
49208 
49214 
49249 
49253 
49387 18 67 16 8915 384 31 22 14 73 38 243 
49255 180 
49419 
49280 
49281 10640 
49285 73 5740 
49290 66 7 5 13 5253 
49287 
49296 83 
49458 37 
54557 2878 
54340 
49300 
49318 
57549 
49322 
49486 
59924 
49334 2304 24 44 5636 1617 
49345 
49348 
49372 
49376 
49476 7 
52774 
49383 
49404 
57756 
55189 
49437 22 14 
49439 
60230 
49489 271 4804 65 105 
49499 4643 
60223 93 
49509 4733 6147 
59484 1293 
58270 
49533 247 
49559 
48429 485 618 
47877 
59977 
47895 2264 2606 246 
48546 269 2760 782 
47880 
49833 
47882 
48037 193 221 9010 
50171 
47871 21 
47898 
47872 
47863 
47891 2264 2605 
47894 
47912 422 
48040 9789 
48395 5698 
48462 771 4828 6365 
48197 6765 
48215 
47878 
48628 6540 18 
47941 21 869 9444 
47864 
48590 1131 
48865 3539 
47883 
47875 12099 
47923 
47964 
47965 182 687 46 3453 
59660 
47889 2264 2605 
58079 1415 
48267 3892 2746 2432 
48046 
47903 
48428 
47982 10039 
47887 2264 1 2604 1 
48379 
47996 
48543 299 8 6269 
57332 
48059 
48039 
48265 
47963 869 49 
48328 
49382 3407 2407 
48492 
48658 
48069 
50474 
48109 
47904 3611 
48078 12409 
48096 45 
48795 228 308 261 5123 369 111 
48104 10869 
47914 422 10144 
48122 
48128 
48144 
58132 
48359 2153 
47879 
48157 1043 
47992 
54760 
48255 3471 
48466 57 12014 
48196 
48198 
58119 
54777 
48529 1039 9808 900 546 
48216 
47874 
48227 
48159 15 
48936 
48228 884 996 9723 
47909 17 23 28 12 49 25 14 22 35 19 17 7 47 11 41 48 13 24 27 44 21 6 4 24 15 6 9 21 2 57 5 10 9 14 4 12 13 27 10 31 15 29 7 19 33 11 39 1 6 5131 198 25 26 13 13 
52800 
48232 
48308 
57347 710 
48925 
48261 
48253 11298 
48259 
48204 
48151 109 1428 
58086 
48305 
48315 6361 
48343 
48330 
48341 7 
48378 
48186 
48035 
47886 2264 2605 
48468 10816 
48510 26 
48515 
48926 11822 
54886 
48539 351 1515 9663 22 
48562 1121 5199 2404 280 
48717 
48525 89 4218 7455 
48618 1875 
54380 
48659 3628 
59821 
48667 
48683 3590 91 224 7621 
60083 
48687 
48707 
48788 13 8 92 
48797 6307 
48820 38 1128 2391 2310 504 5110 
59133 
50247 
48839 
48840 383 11553 
48841 
48859 8710 
48600 
48860 
48873 
48905 
47042 
55137 
47454 
46964 
47472 
47596 7 
52918 
47724 1371 
57761 
47261 
47162 226 2837 1903 5225 2959 
47480 
46979 
47646 4878 7208 
46977 
46976 
54577 449 124 4778 
47500 7466 5 
46965 
46996 
47000 
52900 
46988 
60127 
47381 2982 7578 202 2257 
47675 7186 
47583 
47083 341 
57673 
47343 12408 
46963 
47001 
54700 
46997 
57552 
47164 
46962 
47403 
47584 
47007 1244 10330 
47093 
54606 
52970 
47624 
60516 
46999 
46995 
46983 3156 2604 1625 
47017 
47141 53 11312 
49850 
47043 
47053 
47050 
47594 
49766 
46966 
47418 
50334 
47068 
47074 
46980 
47149 10165 
47089 
47055 298 
46978 
47337 
57255 
47402 10791 
52704 
47084 
58510 77 
58036 
47552 
48045 30 
47854 
47545 
47120 383 6683 
47129 66 10957 231 140 
47130 225 
47136 7389 2830 
46967 
47728 
47143 566 9995 
47147 1291 3175 
47152 
47161 528 6 2162 52 12 8065 547 
47171 13002 
47174 
47459 29 4859 94 45 
47175 
47059 3062 7333 
50461 
47092 
47787 514 371 1000 
47284 
47335 
57709 
47189 
49349 
47556 2722 7641 
60741 
47569 
47227 
58728 
47526 888 116 1217 667 1796 2516 41 2446 
47245 
47254 
47273 
47408 61 188 1531 2744 
49111 
49512 511 
47258 
58108 
47737 
47295 2542 8 10507 
47390 196 2755 85 1864 5535 1537 
47297 2542 8 13 9868 626 
47619 
59035 
47305 
47314 7908 2340 
47677 
47336 
47087 
58507 
47032 3353 
47362 
47380 1606 
47384 
57434 
46984 
48974 
48181 11120 347 
47389 
47888 
47391 12919 
47451 
47400 
47470 1836 
47558 1741 
47073 
48222 6759 
47405 
47599 2184 51 8 82 9264 1492 
47412 
47414 
47420 
58634 
47441 
47422 
47250 300 392 10279 26 396 20 1401 
47458 
47467 
47479 11970 
55230 
48574 3407 272 
47494 
49817 
47427 
47501 
47520 
47523 
54455 
49113 5494 
47565 11537 
59328 
47566 10425 2576 
47567 1295 3630 
47573 10401 
47678 10269 2505 200 
47601 
47604 11444 668 18 288 114 233 207 115 
47608 
47615 
47616 2728 7046 36 612 
57957 
47623 4400 795 91 2254 63 2325 
49035 53 89 74 27 52 162 
47625 
57643 
47382 2062 4699 
47635 
47643 58 
47648 9625 
49799 
47653 
47660 
47669 
49586 
47676 10991 
47679 10269 2505 200 
49328 911 
48088 552 
47187 393 
47696 
57194 
47708 10437 2514 50 
47537 2510 9824 
47733 
54947 
47749 
47759 2469 
47769 
47779 10125 
47785 
47812 1904 1847 
52092 
47856 4865 
47859 4861 
45462 
46975 
45946 3703 310 56 34 10716 
46444 
47112 12173 
46775 7622 
45599 13903 
45468 
45582 
46774 
54456 34 45 212 
46293 5810 
45466 
45470 7265 
48129 
47791 32 1856 5054 5344 538 
45503 
45498 
45817 
45505 
46223 
45500 
46553 261 4 
53989 3169 1184 
45851 
45669 14215 
51509 
45508 
46381 
45525 39 6332 5473 
45499 4136 
58007 
51504 
45614 2801 11386 
45460 
46087 
45640 
46337 
52927 
45484 
57132 
45892 548 276 13200 
45535 3400 
48456 10448 
46192 
46206 3746 
48570 3714 14 5211 
45547 
45512 9624 4603 
45463 
45529 
45542 12286 
55025 2216 397 23 70 177 17 
45501 
46445 
59261 
46249 13545 
46584 11683 2387 
45559 1202 1021 462 2198 2038 1961 6101 
46649 
48739 
46142 
45563 466 
60784 
45541 
60459 
54462 
45569 9267 
46301 
45631 
46052 3389 10156 
46929 12828 
46406 
58710 
46795 
46744 
54400 444 34 5 14 29 4093 
45491 
45555 4479 
46047 
45585 4633 
58450 
48026 
45497 
45604 13794 109 
46251 1671 
46289 
45464 
45767 
45623 
48606 14 
45619 
45624 
45633 6900 
45489 
59228 
46303 13437 
45641 125 106 13037 363 269 
60311 
45744 13676 
46693 
45852 737 496 278 
46299 4009 2530 10 120 
46373 11479 
45639 1379 4871 
46436 
45792 
46235 1093 357 115 16 6 706 115 599 135 76 116 4768 103 76 32 115 249 2643 2085 140 509 260 248 8 
46934 
54427 
46471 11798 
45849 
58600 
45487 
46405 
45671 
45684 2328 
45467 1494 
45530 4128 81 325 2648 7236 
48354 
45827 11465 643 94 1394 42 
45850 
49027 9894 
45711 4678 3632 3162 
46314 
46668 
51487 
46247 13545 
45587 
45507 
45873 13669 
45674 
45929 2310 125 1338 10633 
45668 7270 
45777 
45465 
45947 2025 394 1571 192 
48470 
45747 
49605 
45713 831 123 29 17 43 3635 6794 
46644 
59929 
47670 
45601 13903 
46512 5590 
46524 3535 
47156 
46660 
45765 
46005 
45768 3430 687 4137 3463 
45784 
45561 13965 
45638 
47456 
46273 
46071 
45802 8360 
46468 
45549 1884 77 2534 81 10121 158 422 
45883 10 44 13622 12 
52933 
46514 1825 7 971 244 2386 957 7636 256 
51522 
45567 
45688 526 
46827 12831 
45819 
45506 
47590 
46441 
47663 4807 4934 
45772 
45700 532 517 41 128 227 53 2575 8766 753 209 276 46 
48961 
45838 13628 
46141 3634 10473 21 113 
58138 
45986 13723 
60457 
46261 
57723 
45769 11 
45712 3212 1466 6794 
46533 
45839 2 2686 1590 
58772 
45859 1061 2985 157 7529 1942 41 
46424 2600 
45874 15 485 33 13136 12 
47316 
46167 
45875 512 
45876 13108 
45903 
45689 
45984 13899 
45869 13701 
60781 
54870 
45991 
49216 168 6 10 30 80 67 
45888 452 280 70 611 3170 9093 
45857 
45959 1536 
46352 
45699 1090 103 12608 
45895 2588 342 2922 252 8634 
45532 
45911 
45527 151 580 27 65 269 
45721 1046 4 484 12240 
46399 13271 
52859 
45923 4041 
45936 
52731 
45950 
52490 
45956 
45957 2500 
45476 
46159 8573 94 196 
46673 
46000 
54052 73 26 
46001 11262 
54492 
46003 
54559 197 
46664 11735 389 1290 
57127 
46023 1566 2690 2385 
46025 5 1965 10053 
46033 13328 
46034 246 7896 5621 399 401 
46607 
50229 
46639 
49141 
46911 
46218 13543 
46231 13545 
46048 13545 
45502 
49806 7604 224 238 
45935 2346 12299 
46738 25 11748 975 
46068 
46074 
46509 1675 10191 2111 
46098 
58790 
46515 
46106 
46133 25 664 232 321 42 503 2012 148 4595 150 280 2504 2025 
47413 
46115 5568 2913 436 37 125 
46600 37 1682 6275 
58843 
45989 886 1718 11070 10 277 
45528 149 582 
46848 8130 4710 
45653 
46478 322 10356 1106 
52154 49 
46307 
46182 
46185 5343 8535 
46455 
54667 
48990 32 8 171 
46187 
46195 13613 
45881 4517 9159 
47893 
45586 
54378 
49289 
46212 405 
52310 7636 
46215 3872 7614 2 151 57 
52770 
46216 
45909 
46219 13543 
46220 8924 4619 
46228 
59992 
46230 13545 
58215 20 375 79 
46531 
46656 1769 
47858 290 1677 2894 
46523 
59366 
48033 
46246 13545 
52831 
50072 
46355 
46262 
46267 543 12275 
51508 
46612 1388 7051 4708 
46370 11300 162 
53942 
45977 
52392 7279 
49284 73 
46292 8238 
53930 
46279 34 
46283 
46287 
46295 7869 367 
46812 2247 38 37 12 622 10250 
46300 
46388 3358 
46163 13193 2 
59847 
46335 
46342 11638 82 
46435 104 352 219 633 30 38 3 2283 7060 19 2030 938 
49062 
46353 
46385 8678 136 
45483 
46356 
57763 
49501 5 
46360 
54349 
46372 
57310 
46377 
46379 8110 114 
46386 6505 6313 
46632 3334 530 12 9338 
46412 150 2349 
46427 
47902 
46695 
45538 
46437 8421 
46458 22 11 64 177 
46666 14133 
49014 
46686 
46495 14098 
54460 
46459 
46341 161 108 66 3198 1926 7539 
47289 1926 
46462 1488 11045 
46708 
46463 398 
46479 
53954 
45481 
46481 722 
45461 
46511 5598 
57511 
45926 109 6237 25 5256 
46526 750 
46538 352 
57744 166 
46045 
46166 5735 
46549 
46560 
45488 
46876 779 
46221 839 
46598 1757 3333 876 
59223 
46606 2511 10719 
46850 12839 603 
46605 1493 192 12 480 
46614 
45554 2384 4887 
46618 
46928 
49144 
46630 1007 812 185 64 
46631 
47138 495 10518 509 
46636 
59135 
48322 
46256 
46645 
46921 1070 1993 
57900 
46782 160 369 424 13 1776 5643 18 2998 1969 642 
46851 1996 5439 
46672 
46679 12495 
46680 
46701 10491 
46784 
45600 13903 
46709 
46711 1241 21 6 333 343 141 
45492 
46712 7718 558 
46803 
46743 3289 10552 
52508 
46746 
46547 1618 
45945 1106 
46450 
46758 66 228 1580 6581 3582 7 601 
46776 13253 629 35 17 33 
46804 
45482 
46807 
46825 
46829 93 13762 
46830 12831 224 
46841 
46933 1004 893 11329 352 274 
46843 13043 
57525 3034 
46907 12191 
46854 8017 3675 
60050 
46873 466 
46856 1708 263 3115 7872 
46128 13250 251 
46869 
46878 1 7893 
46881 3576 
46893 
46895 
46897 
60863 
46901 
59255 
46904 6003 
46909 4748 6571 260 160 
48234 
46910 11137 
46927 
52450 
46946 3147 2587 2315 2755 
46955 
46683 
45247 3668 2352 2449 2249 941 4659 
44552 6020 2449 2249 941 4659 
44527 6020 2446 2252 941 4659 
44551 6020 2198 251 950 1299 941 2563 2096 
54560 
52928 5520 
44578 1072 909 37 867 2349 786 1848 601 1024 1225 941 961 215 2469 1014 
45052 6020 2449 2249 941 4659 
48105 12219 
44525 6020 2202 244 1374 878 941 4659 
44535 6020 2446 2252 941 4659 
57440 
45401 6020 2449 2249 941 4659 
44655 132 341 6 783 99 1015 1052 2592 132 341 6 1970 132 341 6 1406 364 132 341 6 462 132 341 6 4180 132 341 6 
44834 6020 2022 427 2249 941 4659 
44983 34 5986 34 2415 34 2215 34 907 34 577 4048 34 
44540 6020 2446 2252 941 4659 
45745 
45255 6020 2449 2249 941 1704 2955 
44782 6020 2449 2249 941 4659 
44546 6020 2205 244 2249 941 4659 
44795 751 936 722 588 32 2991 2449 1254 45 950 941 1641 471 2547 
45303 6020 2449 2249 941 4659 
59030 
44548 6020 2449 2249 941 4659 
44524 6020 2202 244 1374 878 941 4659 
44818 6020 2449 2249 941 4659 
44713 2154 238 830 2798 2449 2249 941 4659 
59210 
44608 6020 2449 1318 931 941 4659 
44530 3 952 1496 2637 519 413 3 2188 255 3 1367 882 3 938 3 941 1627 483 1605 3 
44554 6020 2449 2249 941 3785 874 
47581 
44534 2448 1976 1180 416 2188 258 1367 885 941 2568 2091 
51859 
44566 2446 3574 2449 2249 941 4659 
44719 6020 2449 2249 941 3939 126 594 
44573 6020 2449 2249 941 4659 
44585 3368 230 2061 361 2449 2249 941 2071 2588 
46674 1816 
44529 6020 2195 251 953 1299 941 1922 2737 
44969 6020 2449 2249 941 4659 
45393 6020 1223 1226 2249 941 4659 
59246 
47739 2287 10016 
44688 445 146 5429 445 146 1858 445 146 1658 445 146 350 445 146 782 79 164 3043 445 146 
44528 6020 2446 2252 941 4659 
44970 6020 2449 2249 941 4659 
45074 209 97 74 188 4044 130 530 104 644 209 97 74 692 1377 209 97 74 878 991 209 97 74 561 209 97 74 1504 533 561 895 786 209 97 74 
44571 6020 2449 2249 941 4659 
44849 3242 376 2402 2449 998 1251 941 4659 
52104 
49199 127 
44890 6020 2449 2249 941 4659 
44518 14695 
44590 496 61 2036 3427 496 61 1892 496 61 1692 496 61 384 496 61 733 3369 496 61 
45098 1850 891 3279 2449 2249 941 4659 
44589 557 3033 2430 557 1892 557 1692 557 384 557 2926 1176 557 
44601 526 789 697 1031 2977 526 1923 526 1211 512 526 415 526 3220 201 311 401 526 
58514 
44604 6020 2449 2249 941 4659 
50475 
44693 394 600 5026 394 2055 394 1855 394 547 394 419 101 11 414 83 94 13 1855 1275 394 
44537 6020 2446 2252 941 4659 
45174 180 5840 180 2269 180 2069 180 761 180 4479 180 
60811 
44658 2197 736 3087 2449 2249 941 4659 
45400 6020 2449 2249 941 4659 
44582 3967 203 15 1835 2449 2249 941 4515 144 
44625 6020 2449 2249 941 4659 
45362 4968 1052 2449 2249 941 4659 
45395 2138 980 1263 1639 2449 2249 941 4659 
44667 6020 2449 2249 941 4659 
44907 6020 2449 2249 941 4659 
44640 6020 2449 2249 941 4659 
45366 6020 2449 2249 941 4659 
44635 6020 2449 2249 941 4659 
45360 6020 2449 2249 941 4659 
45420 6020 2449 2249 941 4659 
45415 6020 2449 2249 941 4659 
44550 6020 2449 2249 941 4659 
44670 75 147 3 278 67 97 10 4128 946 269 75 147 3 278 67 97 10 228 356 1188 75 147 3 278 67 97 10 409 676 487 75 147 3 278 67 97 10 264 75 147 3 278 67 97 10 376 48 920 2638 75 147 3 278 67 97 10 
55070 
44808 524 620 4876 524 1925 524 1147 578 524 417 524 4135 524 
44672 493 200 923 27 1229 258 792 346 1752 493 200 1268 488 493 200 1556 493 200 248 493 200 420 3546 493 200 
46336 
45160 848 2319 2853 2449 2249 941 4659 
45375 2746 3274 2449 2249 941 4659 
52823 
44674 859 758 3 23 93 4284 2449 1386 321 542 941 2713 40 19 4 443 796 13 631 
58922 
44515 6015 2197 254 
44539 6020 2446 2252 941 4659 
44814 6020 2449 2249 941 4659 
44928 2710 1477 938 895 1314 116 1019 914 1335 941 1005 3654 
45390 6020 2449 2249 941 4659 
57513 
45144 2774 2606 640 488 1961 2249 941 4659 
44797 84 5936 84 2365 84 1103 120 74 868 84 857 84 4575 84 
44846 2086 3934 2449 2249 941 4659 
55146 2704 
47631 
45140 6020 2449 2249 941 4659 
44689 6020 2449 2249 941 4659 
44758 3274 482 504 57 279 1424 903 1546 2249 941 1806 2853 
45222 6020 2449 2249 941 482 4177 
44701 6020 2449 2249 941 4659 
60727 
44735 6020 2449 2249 941 4659 
44741 477 5543 477 1972 477 724 1048 477 464 477 4182 477 
44729 6020 2449 2249 941 4659 
44611 3489 2531 2449 1918 331 941 4659 
44876 6020 2449 683 210 1356 941 3116 1116 427 
44517 14695 
45405 30 5990 30 2419 30 2219 30 911 30 4629 30 
45076 5295 725 2449 2249 941 4659 
44972 6020 2449 2249 941 4659 
44772 335 5685 335 2114 335 1914 335 606 335 4324 335 
44536 6020 2446 2252 941 4659 
44943 10 6010 10 2439 10 2239 10 931 10 4649 10 
44695 2546 967 2118 389 1256 182 7 18 399 587 821 42 1386 941 3741 918 
44870 743 2445 712 2120 1725 724 2249 941 994 8 2267 90 1300 
45334 6020 1306 1143 2249 941 4659 
44783 6020 2449 2249 941 4659 
44877 237 1694 4089 237 2212 237 2012 237 704 237 1836 2586 237 
58653 
44624 4484 1536 2449 1988 261 941 3815 844 
60458 47 26 59 
57538 2575 
51600 3436 13 17 
44794 1263 4757 2449 2249 941 3149 1510 
44799 2089 3455 476 2449 1297 952 941 931 1699 2029 
46912 
44906 351 4986 683 351 2098 351 1898 351 590 351 1151 3157 351 
45385 1905 27 436 11 81 3560 937 41 1471 2249 941 3567 1092 
44813 2749 3271 2449 2249 941 4310 349 
44824 14 6006 14 2435 14 2235 14 927 14 2537 2108 14 
45383 6020 937 1512 2249 941 3567 1092 
45922 6367 
44830 6020 2449 2249 941 4659 
53966 
44832 1024 2333 2663 2449 2249 941 4659 
44690 633 5387 633 1816 633 1616 633 308 633 4026 633 
45203 6020 2449 2249 941 4659 
58023 10 
45205 1487 3614 919 2449 2249 941 1300 3359 
60177 
44841 6020 2449 2249 941 4659 
44847 6020 2449 2249 941 4659 
44829 1233 1636 473 845 197 88 12 10 13 29 5 1479 2449 2249 941 3119 1540 
45281 6020 2449 2249 941 958 3701 
44852 3869 2151 2449 2249 941 4659 
44853 2006 4014 2449 1321 928 941 3305 1354 
49477 4504 256 
44879 4626 1394 2449 1280 969 941 1156 3503 
44883 6020 2449 2249 941 4659 
44891 6020 1525 924 748 1501 941 628 129 77 3825 
45321 6020 2449 2249 941 4659 
44900 6020 2449 696 1553 941 4659 
44908 6020 2449 2249 941 4659 
47246 
44915 6020 2449 2249 941 4659 
44968 6020 2449 2249 941 4659 
44909 6020 2449 2249 941 4659 
57965 
48728 5508 
44942 6020 2449 2249 941 4659 
45028 401 512 110 717 355 482 1589 167 155 19 7 3 1503 401 1198 850 401 1848 401 540 401 768 1740 48 46 27 18 209 79 114 233 207 769 401 
53953 
44950 6020 2449 2249 941 2401 2258 
45448 6020 2449 2249 941 4659 
44812 1507 1323 1281 1909 2449 2249 941 3474 1185 
44725 5604 416 2449 2249 941 1989 2670 
48158 
45044 6020 2449 2249 941 4659 
51871 
45593 367 81 1807 1344 10652 437 
44531 6020 2446 2252 941 4659 
45430 6020 2449 2249 941 4659 
51866 
44962 5026 994 2449 2249 941 4659 
48682 
44964 2636 3384 2449 1384 34 292 539 941 679 1748 115 2117 
44605 48 1102 4870 48 1031 60 1310 48 1524 677 48 893 48 3148 1463 48 
59221 
44973 1002 2494 115 541 1868 2449 704 666 879 941 872 881 2277 157 472 
44912 6020 2449 2249 941 4659 
45282 6020 1399 1050 2249 941 4659 
45175 8 2 2221 3789 8 2 1706 733 8 2 2239 8 2 931 8 2 4649 8 2 
44549 6020 2449 2249 941 4659 
45007 6020 2449 2249 941 4659 
45018 3155 2865 971 1478 2249 941 4659 
48320 
45306 2330 3690 2449 2249 941 4659 
44574 247 5773 247 2202 247 2002 247 694 247 4412 247 
59334 
45046 6020 2449 2249 941 4659 
59748 
45047 6020 2449 629 1620 941 1179 3480 
45054 4966 1054 2449 2249 941 3139 1520 
45065 6020 2449 2249 941 4659 
44709 1892 4128 1181 1268 2249 941 4153 506 
45075 5376 644 2449 2249 941 4659 
57495 15 25 180 
44961 6020 2449 2249 941 4659 
47185 
45099 4570 4 1446 2449 2249 941 940 39 36 28 50 29 174 2516 49 798 
45446 6020 2449 2249 941 4659 
57129 
45110 6020 2449 2249 941 4659 
45129 2344 3676 677 1772 2249 941 4659 
45143 6020 2449 2249 941 4659 
45145 23 878 636 25 4458 23 2426 23 2226 23 361 557 23 650 241 522 311 1385 1527 23 
46570 
45411 6020 2449 2249 941 4659 
50052 
45176 6020 2449 2249 941 641 212 153 3653 
48258 
45177 1056 2759 2205 928 269 1252 1348 901 941 2942 259 779 679 
49624 
45451 2110 3910 2449 2249 941 4659 
45178 4061 1959 964 1485 2249 941 4659 
45179 2742 1230 2048 2449 1358 891 941 1990 379 2290 
45188 122 9 918 53 3447 95 1376 122 9 1345 23 950 122 9 740 1378 122 9 810 122 9 320 1745 599 140 252 181 598 693 122 9 
45208 2800 3220 2449 2249 941 385 1467 2807 
45223 6020 2449 2249 941 4659 
45230 31 74 109 2544 18 3244 31 74 109 2235 31 74 109 2035 31 74 109 727 31 74 109 743 481 3221 31 74 109 
45404 6020 2449 2249 941 4659 
45278 1088 4932 2449 2249 941 297 245 169 152 169 3627 
45284 54 5966 54 2395 54 2195 54 887 54 4605 54 
57151 
45287 399 2411 45 229 2936 740 221 278 1210 2249 941 4659 
58878 
45297 2407 3613 2449 2249 941 312 4347 
45304 1532 254 4234 2449 2249 941 4659 
45312 298 297 5425 1318 1131 2249 941 4659 
45327 5033 987 2449 2249 941 4659 
45359 6020 2449 2249 941 4659 
45368 4376 1644 2449 2249 941 1627 1115 1917 
46987 
45374 2746 3274 2449 2249 941 4659 
45376 6020 2449 2249 941 4659 
45379 2878 581 81 1426 1054 592 326 22 1509 419 36 1794 941 486 44 2501 387 102 47 140 35 917 
58850 232 
45381 4966 23 1031 766 1683 2249 941 3567 15 1077 
45382 4966 1054 766 1683 2249 941 3567 1092 
45384 6020 489 448 1512 2249 941 3567 1092 
45406 479 1359 3205 977 739 1710 166 2083 941 753 513 5 1032 193 2163 
45439 2114 2 3904 2449 2249 941 4659 
45449 6020 2449 2249 941 4659 
45450 6020 2449 2249 941 4659 
54381 
52108 
45455 6020 2449 2249 941 4659 
43667 
52602 
43669 
43672 
43712 
43675 
48025 
43670 3290 6975 4165 
43681 
44014 
43747 5699 2829 
49407 
44009 5510 2460 
44316 
43686 
43752 120 516 7601 795 
44208 1165 2746 3274 2449 200 2049 941 4659 
43674 
43814 2397 13 8256 3412 912 
51774 
43671 
60523 
51944 
45126 2340 1608 10 2062 609 1840 2249 941 4659 
44380 4854 1 10 18 258 180 6 243 8646 1091 
45523 2600 12208 
44072 2474 83 2013 
43709 
43911 
43976 
46213 2774 594 10144 25 
43683 
58885 
47899 
44306 
44200 305 13990 96 
44499 626 6020 2449 2249 941 4659 
43704 
44002 134 2959 169 10395 
54601 
44035 
57512 
43695 
43711 
58096 
43851 2354 594 1483 11467 438 
43668 
43880 
44278 
52228 26 
44224 
43716 4185 
52270 
43691 
43679 
48805 
43722 348 870 139 445 46 402 2254 2734 139 796 1514 139 705 164 1241 139 802 139 886 429 1802 387 12 208 796 139 
44250 799 6020 2449 2249 941 4659 
53932 
43748 
43690 
43666 
43726 1260 207 6 743 94 52 35 3665 1218 207 6 2236 207 6 2036 207 6 728 207 6 635 2024 1787 207 6 
50565 
44167 16151 
43714 
44330 
43729 63 137 62 225 5070 357 7994 799 721 562 
43815 2749 
50165 
44170 6318 8895 765 
43757 900 377 1618 3356 669 377 497 922 653 377 1872 377 564 377 4282 377 
55227 
43786 8798 
49122 427 3105 4708 
43764 
43876 9 506 4402 1385 28 71 99 91 48 2421 44 1522 3703 79 51 
58085 
43888 
59177 
52635 
44102 
44194 1725 2511 9924 2281 
57830 
49237 
44209 9834 16 77 2 25 15 18 15 
44199 
45643 289 31 43 11189 
44705 6020 2449 2249 941 4659 
43749 16934 
58817 
43765 596 3641 9929 
43766 917 6020 2449 2249 941 4659 
43953 
43910 
43962 207 
47019 
43781 4948 
47334 
44311 22 346 238 68 16 60 11 258 1854 199 862 1668 282 223 25 43 8 13 192 238 68 16 60 11 258 1593 205 238 68 16 60 11 258 1598 238 68 16 60 11 258 290 238 68 16 60 11 258 175 304 28 40 75 115 140 450 1561 378 742 238 68 16 60 11 258 
43777 124 
49749 4675 4559 
45509 
44408 7736 
44321 1869 243 588 1085 295 3658 5954 
43875 11 499 3636 
43798 
43710 3284 2639 530 3808 4165 1120 
43971 16548 5 
43879 4208 
54599 
43941 2694 1396 10028 
43874 4146 
43890 
43805 
43699 
58950 19 57 122 11 23 
52346 2233 459 8 132 
44237 1201 1138 4882 2449 2249 941 4659 
43684 
48150 732 
43762 1333 4040 1299 681 2449 2249 941 616 1183 23 2837 
57745 269 76 
44006 3772 
43840 
51994 28 
44131 15523 
43676 
43850 8506 
51615 
44106 10079 3210 537 336 1018 655 103 688 
48954 
43858 
43715 4185 
44416 4347 
44016 17 18 33 
48996 100 46 79 70 
43877 1290 1483 4537 2449 2249 941 4659 
43899 744 6020 2449 2249 941 4659 
58201 
43873 4146 3966 
43706 
59091 
44399 4056 3533 237 127 35 76 156 
44244 
43819 4565 3990 43 7653 
44426 33 1097 6858 
43903 14148 
58556 
43904 
43665 
48938 
43908 
43909 8061 
44191 
44374 49 32 1124 1656 831 6 127 2173 1545 161 69 16 30 130 258 4856 136 750 1769 29 45 32 180 147 71 
43917 
52464 
43708 
58129 
43920 2124 12267 1341 505 525 
43931 1687 1606 2423 2356 2251 3371 894 1010 1044 177 
43936 13694 
43696 
44101 38 100 18 25 19 1851 
43963 
44397 
43974 
43803 
43987 294 403 4801 1219 2449 2249 941 862 2566 262 97 872 
56204 
44054 5728 472 7624 1254 
44204 14511 
44001 8199 5145 
43996 645 4157 1863 2449 2249 941 875 3529 255 
45267 808 5212 2449 2249 941 4659 
44173 4859 236 
44031 10876 
44008 2 314 3332 313 507 4117 123 1391 23 99 4136 512 817 
44013 4354 
52782 
43817 4559 6 30 30 162 11 64 714 2729 113 25 35 7780 
43787 6185 2645 
44024 1241 2105 169 3746 2449 2249 941 4659 
44040 84 
43948 
44063 18 2499 1598 566 482 78 800 7477 
44077 
54755 
46985 
44078 323 7813 
45811 
44261 
57147 
44260 5488 5156 3462 2161 
43897 
44378 3567 9 126 3534 
44460 1721 163 227 55 1003 1552 98 5311 3149 242 
44092 25 153 1907 
44356 3861 
44100 2051 
54754 
44103 12 10 87 90 
44230 1849 8579 5295 
44105 
44279 
44112 
44440 
44128 459 3373 225 2060 362 1952 250 55 20 172 2249 941 1408 388 275 365 1568 655 
44145 139 1558 
51975 2614 438 25 
43735 693 165 840 82 4195 413 53 36 91 223 87 840 1192 417 840 1409 840 101 840 1065 2754 840 
58230 
44936 6020 2449 2249 941 4659 
44150 
54098 
44171 679 2074 3946 2449 2249 941 4659 
49418 
44182 311 17 1318 
60117 
43673 7810 2864 3751 643 477 
44196 305 847 1811 528 3681 2449 237 10 91 1911 941 938 15 95 1034 1220 346 1011 
44202 295 3579 
44205 10191 
44206 
44210 7416 271 
44217 1335 1982 6789 4115 124 
57944 
44238 
51532 2548 3706 57 
44269 5632 2015 199 404 1576 
45136 6020 2449 2249 941 4659 
44275 3741 1806 6 25 9860 
43775 3975 197 1335 306 6 5109 3045 506 
51986 
47588 
44296 
44309 
47178 
44314 63 33 654 345 1829 5 831 138 36 682 1445 71 638 345 494 23 136 18 50 36 10 17 112 134 8 116 26 924 345 1904 345 596 345 403 21 83 750 38 508 500 711 42 304 80 47 827 345 
44358 7695 
44318 13181 550 
45357 6020 526 555 1368 393 1856 941 358 43 4258 
44325 
44340 
44343 3 1708 1474 287 11784 
44344 1787 5460 178 7863 
44349 
44351 14041 
44396 
45316 6020 2449 2249 941 4659 
44400 
44406 
44419 7686 
44430 129 749 1445 369 1010 1057 1271 119 749 461 337 902 749 773 17 158 552 749 192 749 354 3178 378 749 
44439 
60126 
44450 
44484 172 6020 2245 204 2249 941 4659 
48921 21 9396 
44488 15751 
44489 2767 3016 
44490 
44504 
44511 2443 
54481 
42552 1153 
42895 4831 4660 
43073 102 394 414 2127 1104 574 19 902 644 213 130 712 1232 51 719 431 2298 3009 842 211 905 22 
42529 8969 350 
42538 
44591 509 48 5463 509 48 1892 509 48 1692 509 48 384 509 48 361 68 245 59 159 39 523 411 1394 843 509 48 
43621 686 763 6020 2449 2249 941 768 3891 
43698 
42527 7617 
43020 
43457 119 20 1179 283 536 177 91 50 54 51 240 6 82 93 128 4229 283 2166 283 1966 283 658 283 1769 313 66 135 14 19 285 39 223 164 269 1080 283 
46581 
42746 435 472 494 317 957 239 92 350 1822 325 3192 646 88 40 384 1291 279 1970 941 597 980 755 281 786 1260 
42913 406 
58762 
43212 319 108 724 874 744 101 527 1674 152 87 146 1454 1135 2449 836 1413 941 295 78 482 33 1697 103 547 9 261 198 40 916 
47990 44 120 124 82 124 5736 4151 
45469 
42783 687 2271 3583 204 
43616 636 1147 3992 2028 334 2115 2249 941 4659 
59365 
43756 14061 
43006 47 583 2537 248 237 1879 10844 93 675 
42537 
44508 
43021 1705 637 5383 637 1812 637 1612 637 304 637 4022 637 
44781 6020 2449 2249 941 4659 
42790 15529 
49693 197 
43501 11229 
42578 274 697 2190 324 58 1866 502 167 40 40 1218 405 1453 2182 3187 23 599 877 928 
55121 2384 
42762 1859 2149 45 2580 29 340 495 382 1739 710 2249 941 1899 306 709 1017 129 204 395 
42545 7086 9628 
42629 2065 1424 599 522 422 546 1658 544 305 939 348 275 887 1904 345 941 2224 2435 
50366 
42850 
42547 8970 
58516 
42548 
54435 4155 
46659 
44547 6020 2205 244 2249 941 4659 
43219 1748 718 3970 1332 2449 973 1276 941 2332 2327 
42532 7078 2244 2089 
47217 949 2154 2031 
42647 784 1171 121 479 154 2041 2357 577 291 121 479 154 1695 121 479 154 1495 121 479 154 187 121 479 154 570 68 919 1442 371 113 422 121 479 154 
42535 
46243 12690 84 771 
42874 
42784 
42942 1792 5271 53 26 670 2449 2249 941 4659 
42706 1061 75 299 2580 2145 3384 2184 4869 762 53 
43573 1119 938 469 484 1248 6 426 212 170 728 1042 297 1880 569 1430 522 110 187 941 1338 1167 902 576 676 
59963 
49310 
42663 69 883 1633 1148 1422 1541 1909 975 157 151 1166 598 500 1151 941 1112 3547 
50141 
42867 3048 8092 
42570 5612 3647 2222 5676 
42574 2863 165 1667 43 532 656 178 1726 1053 2449 2249 941 1137 1272 1305 945 
42795 
43386 392 1249 1728 3535 757 906 132 121 49 52 176 1013 2249 941 1091 704 2328 12 524 
47348 778 
42892 
43517 718 1432 197 208 197 2615 10525 128 
59242 
42645 672 676 725 673 764 4255 328 673 1776 673 1576 673 268 673 3773 213 673 
42540 
42880 
43655 8176 
43140 659 328 335 1334 2931 5261 3213 176 42 29 
43002 
43584 2862 
43179 292 518 262 1405 86 308 5704 7841 
49000 
42512 16715 
47167 
46736 5310 817 20 
42514 
43058 
49033 53 141 39 
42592 
42617 353 91 692 2033 141 218 1937 82 531 3340 654 1599 227 4466 1428 
43110 4060 4571 821 5839 
43606 
42597 1549 139 84 230 34 31 222 61 40 107 201 3596 1432 296 34 31 222 61 40 107 201 1491 262 34 31 222 61 40 107 201 354 100 187 27 885 34 31 222 61 40 107 201 245 34 31 222 61 40 107 201 1776 574 1613 34 31 222 61 40 107 201 
42524 16715 
43016 519 15763 
42763 669 1543 5213 807 1958 491 2249 941 4659 
55092 3 23 7 
42551 8969 
43379 5156 136 3465 2079 3877 
43170 809 14407 
43499 2825 13025 
49613 
42670 2233 4259 1761 2449 2249 941 751 566 23 264 995 2060 
42575 743 
43305 
42533 9322 
43582 3253 1356 4287 
42614 505 
42615 
42541 
43400 
58374 255 1800 
42579 186 88 2452 20 19 5981 20 19 2410 20 19 2210 20 19 902 20 19 4620 20 19 
47332 
42900 236 287 706 45 2776 792 51 147 499 32 33 157 167 74 2715 93 12 161 86 124 260 6110 853 956 
43135 3602 13421 
43079 483 2132 878 97 494 484 2208 539 1727 542 6242 69 53 32 264 153 
42616 
42531 1151 
48953 
42568 3938 
43143 1005 317 102 9 122 355 490 94 24 453 1499 312 2488 174 9 122 355 564 56 523 301 519 9 122 355 456 288 1019 9 122 355 455 9 122 355 966 900 44 2263 9 122 355 
42787 11892 
43492 
49638 
43169 809 1776 323 2126 11 3549 2819 
50472 
46886 735 13058 
42526 17450 
49970 
42996 
42513 2946 6022 7748 
42625 11370 3237 
49539 
42631 3150 1869 
42694 644 2763 478 1698 3384 1172 5623 108 
42639 709 1660 89 1654 4277 89 2360 89 2160 89 852 89 4570 89 
42642 14517 120 1072 
47038 3164 
42977 
42646 1949 1306 98 807 41 232 691 59 6 108 2079 266 197 130 2449 2152 97 941 1266 36 136 1238 267 183 1533 
42836 7618 7251 
42643 9036 
43285 
49116 5196 670 
43204 
43138 
42582 166 1083 106 322 661 5336 684 1929 520 2249 941 1023 1581 2055 
42654 3001 2976 
49124 
42655 15380 
44375 5998 1548 135 24 18 50 46 271 4903 
43633 2057 847 2462 9715 
58757 
42987 3266 5680 6916 
46186 11385 
42530 1150 
42682 2064 6020 2449 2249 941 1145 3514 
42553 1154 
42736 1271 406 737 434 23 882 4681 2449 2249 941 1775 1922 962 
49692 
42664 1915 6020 2449 964 1285 941 4292 367 
60055 
42721 1756 359 30 33 5957 30 33 1057 1329 30 33 1685 501 30 33 878 30 33 3694 233 669 30 33 
42572 1160 2094 1243 199 76 30 175 2765 2324 338 1061 74 3167 
42769 
42565 
42668 2096 4 5162 453 19 382 4 1103 1342 4 2245 4 937 4 932 288 17 3418 4 
42844 2189 3837 1423 760 631 1818 2249 941 3038 1621 
43165 793 8494 
42764 49 230 102 52 94 54 88 629 59 263 21 15 59 263 74 27 16 9 12 86 5224 92 28 452 74 27 16 9 12 86 819 619 426 84 21 14 242 74 27 16 9 12 86 978 18 177 257 89 212 37 257 74 27 16 9 12 86 717 74 27 16 9 12 86 934 1595 1025 881 74 27 16 9 12 86 
42712 3405 2647 3045 2267 3371 1015 
44564 227 766 3044 9 9 122 1843 227 1731 491 227 2022 227 714 227 2941 295 1196 227 
43190 
43622 15407 434 
42696 
43568 
42781 
58986 
42611 9518 
42711 28 172 466 231 827 7186 6387 450 
44553 6020 2449 2249 941 941 2846 872 
43275 3253 509 3164 
58585 
42528 1160 6458 1351 350 2513 2768 1623 
54602 
42555 
58131 
46248 13545 
43240 1558 4454 56 1510 2449 1158 145 370 81 495 941 4104 555 
49362 128 
42571 491 4631 11246 1230 363 
50024 
45139 6020 2449 2249 941 1090 3569 
42809 999 120 476 4888 2239 
42733 3955 1887 12176 
42722 4468 
48956 
43196 1207 
42908 9491 5337 
42749 137 6096 192 2843 5700 
42544 7086 9628 
43609 21 300 382 750 583 551 1894 131 25 2198 638 1195 299 955 495 217 9 1528 941 748 20 11 123 88 622 1195 210 432 257 130 192 631 
44512 3343 7377 
42549 7618 
42536 14598 
43605 
42767 160 26 5 329 14 244 653 305 115 204 316 71 54 139 1424 371 32 1490 1549 370 204 316 71 54 139 1381 33 251 204 316 71 54 139 1465 204 316 71 54 139 157 204 316 71 54 139 1432 45 753 200 36 870 539 204 316 71 54 139 
48499 2 11309 
43494 2081 304 532 13142 
58490 
42554 7078 4333 
42858 901 1257 2665 861 162 2332 1337 1112 492 1757 941 870 2351 1438 
50377 4122 3721 442 336 
47247 
43371 809 4229 3618 5863 
42786 
55152 
44276 
42788 
46871 
42791 
43519 
42794 1036 
42796 483 580 1214 1649 3 140 967 6 864 111 341 599 767 573 2449 2249 941 1707 1441 1511 
42803 784 14069 
44424 32 3243 1433 847 4711 
42667 
43238 1558 6020 2449 2249 941 4659 
43251 746 6 53 81 540 246 2173 30 111 28 48 321 3063 246 1258 945 246 2003 246 695 246 3276 265 66 604 202 246 
42936 
46599 103 43 10937 1890 194 
42731 159 1 5 296 224 2773 2388 
42516 12720 5599 
47450 2970 
43346 
43590 2570 
43388 8280 6803 
42863 17611 
55218 
45518 
42871 5540 49 282 5492 5389 
59055 
51874 
47913 422 10144 
42882 374 817 329 208 229 1234 335 3252 970 229 1798 422 229 1692 328 229 712 229 3301 334 795 229 
57475 206 
52748 
42884 1191 
57131 
43327 
52319 1950 
42806 120 31 4638 1266 154 294 656 1814 534 5416 1974 4 
42889 
42550 1163 6456 1350 349 2514 2767 2848 
42899 7399 7695 199 
42930 30 784 1275 82 5938 82 2367 82 444 1723 82 859 82 3094 1483 82 
42914 23 1557 75 6020 2449 2249 941 4659 
42915 1132 1823 2447 1558 211 366 2093 6102 2020 
43243 293 3856 7557 
42925 2983 25 11655 
42525 8970 
43048 1299 880 102 896 1373 251 2172 1226 102 2347 102 2147 102 839 102 183 4374 102 
43641 566 1516 1580 7736 
43047 1656 328 1853 535 63 23 222 14 35 4 10 44 664 236 1619 370 328 1280 71 11 203 33 523 328 1362 97 462 328 613 328 1089 1424 829 532 457 328 
52257 
42972 869 1013 570 5450 570 1879 570 1679 570 371 570 316 3773 570 
43446 6129 2659 
44910 6020 2449 2249 941 4659 
43645 
43036 2866 
48291 
42931 3793 13743 
42967 
42943 404 129 5888 8001 2068 
42737 1536 3056 6854 628 306 3485 
43515 2058 827 67 16 265 
42945 1886 6020 2449 2249 941 1568 3091 
43397 132 277 116 126 1105 683 18 594 258 122 258 31 330 304 46 571 970 251 6 82 742 34 720 522 14 14 68 386 238 463 744 457 129 496 109 87 46 925 941 410 111 34 290 125 107 75 291 898 506 603 128 204 27 16 31 803 
47169 362 192 51 10808 
43039 
46896 
42951 1430 363 592 695 602 408 1333 434 930 1026 592 1857 592 404 1253 592 349 592 259 330 317 139 1400 237 196 17 15 1157 592 
43484 2356 6505 323 10 161 17 5 14 6566 
45910 1576 
43157 3905 2651 2270 15 2234 86 85 44 4362 1424 341 183 11 57 
43314 466 612 10044 532 17 
54630 
45477 
43508 2757 125 1756 687 46 3453 71 6466 
42952 22 1136 853 573 2557 301 2589 1131 1318 2249 941 3190 432 19 1018 
42964 
42910 4489 
42956 6759 
44039 2130 
42966 
42979 
59073 
42730 3458 8466 
42569 112 862 2475 161 757 732 6434 3131 10 2800 
43343 10650 82 48 
43486 2823 382 
49936 80 114 
42971 
43478 2355 13602 
60405 
42766 
43485 960 1072 49 37 161 107 9 18 67 29 91 1380 11805 236 34 16 664 
59927 12 
43230 230 1395 6020 761 94 1594 941 1308 941 2107 34 933 349 1236 
43060 4884 
43008 564 2229 4109 397 2258 402 1456 621 3119 254 197 106 1559 
43011 
49355 
47493 
43474 556 14 44 1655 6779 9 5655 23 25 2394 
43063 6366 4904 
55014 
43248 7047 
48963 
47484 
43111 8569 62 6660 756 
42870 384 1785 664 158 936 1651 249 683 1679 2449 725 1524 941 761 1346 2552 
44526 6020 2446 2252 941 4659 
42903 255 260 471 275 15 258 1491 207 520 390 718 240 24 244 116 3585 28 248 445 1711 756 3116 531 829 598 159 62 179 102 
42515 
43105 1854 799 1324 3099 183 615 696 968 288 497 766 1483 941 709 827 802 462 941 918 
49031 39 63 381 69 
43794 424 4068 
42587 538 2695 302 10 618 164 1115 368 109 93 169 51 18 2881 278 69 158 446 230 6 1366 59 704 3395 32 1172 42 1086 18 
43153 1291 227 1189 424 512 208 1543 2144 2449 2249 941 1612 1404 44 229 488 882 
43116 
43121 7246 
46204 
43127 8573 
42653 7439 
43142 8503 6788 203 1467 
43290 1648 5323 697 2449 2249 941 4659 
59138 
43076 482 
43164 
43166 338 2666 
43171 809 
42984 6168 2584 
43180 792 
43286 
42757 4680 5465 1641 4 640 2997 
43553 2178 
43220 
43271 3168 3784 
58139 
43228 102 27 1243 63 327 171 133 4982 46 298 63 327 171 133 389 1102 264 63 327 171 133 670 885 63 327 171 133 247 63 327 171 133 1343 38 2584 63 327 171 133 
58272 124 
43231 61 1370 194 2174 400 3252 194 2255 194 2055 194 747 194 4465 194 
42800 1961 1133 2994 373 1520 2449 2249 941 871 1193 2595 
58645 
43232 1556 6020 2146 303 2249 941 4659 
42720 1223 1066 6020 2449 2249 941 4659 
44588 6020 2449 2249 5600 
43233 2757 6368 7306 10 
43237 9608 1729 
42807 210 8763 534 1755 3661 
43239 3315 7942 75 70 78 118 102 71 54 
60771 
43550 16282 
43247 273 4582 1832 
52543 
43541 2125 
48275 
43257 1359 2233 3787 2075 374 1931 318 941 1565 1022 69 61 1942 
43258 2524 396 49 138 78 394 2207 2924 6908 528 
58116 
52506 2133 
43259 9557 
43260 1349 17 76 49 371 41 130 57 38 29 1414 3798 17 76 49 371 41 130 57 38 29 1365 15 261 17 76 49 371 41 130 57 38 29 1441 17 76 49 371 41 130 57 38 29 133 17 76 49 371 41 130 57 38 29 307 313 1966 779 486 17 76 49 371 41 130 57 38 29 
43264 16865 
43265 
43270 
43274 1365 98 1712 28 127 90 342 213 31 98 65 1542 932 283 459 98 2351 98 1807 344 98 843 98 4118 443 98 
43278 3586 3655 1808 5676 
43280 3256 3672 4230 98 101 
53963 
43283 6928 
43591 
43459 15946 
43296 981 14449 85 375 
45705 338 318 90 234 12853 
43298 1627 6020 2449 2249 941 4134 525 
45504 
45314 6020 2449 2249 941 4659 
43300 1689 6020 2449 2249 941 4659 
43316 1573 2232 47 50 624 1699 32 515 821 1983 466 2249 941 732 147 437 1956 1387 
43321 1455 3 1813 4204 3 2446 3 2246 3 938 3 4656 3 
54372 
43323 3234 7929 
43339 
43354 8262 6795 
43368 
43369 4146 1418 9514 
43417 2157 
45663 
43376 5675 380 16 
54068 
47851 
43542 6441 
43374 9488 20 4290 
43409 27 14869 
59072 
43413 736 118 16 106 78 2292 1152 441 145 29 83 29 76 39 304 394 1048 2168 10 1805 55 17 4360 1637 
43419 2330 2444 3568 7054 137 143 
42546 16714 
43420 11282 
44673 1643 4377 2449 1707 542 941 2713 1946 
45320 729 2802 2489 2449 2249 941 562 376 1677 2044 
43779 16478 
43451 6547 9389 455 
43525 3590 12658 
43452 
60747 13 
43456 459 751 9 917 73 419 1311 670 154 134 1371 962 9 2440 9 2240 9 932 9 3575 327 100 648 9 
60629 
43468 1904 433 2313 3274 2449 2249 941 4659 
59241 
43473 2206 2434 11318 
44177 15 10286 
43480 2268 87 18 5905 7667 12 
43487 
59940 
43488 330 1750 29 365 93 31 222 834 1235 6 30 30 162 11 64 3443 113 25 35 2509 4795 268 208 
57587 
43497 2825 13025 
43506 2186 638 331 
43662 
43512 2060 806 12120 
45545 
43514 12 
43469 2337 2937 
43524 1702 1003 611 274 3270 862 2449 2249 941 2887 924 848 
51499 7250 
46076 12761 
43528 
46741 11271 
43540 3476 2698 797 7253 
43552 2178 
43556 2901 3885 4644 2803 1621 
44272 14569 
43570 65 2160 839 6 17 141 
43574 14042 1503 
43580 12 11 1170 6020 2449 2249 941 4659 
43320 3236 122 12203 19 
43581 1351 2334 2525 154 1007 631 161 641 1016 2249 941 1938 2169 552 
43602 
52674 7 1868 
43607 507 113 83 28 12 716 5 1663 1659 1522 1171 5 1832 612 5 538 181 1525 5 936 5 777 340 11 5 2016 1505 5 
43612 342 1796 608 111 72 1653 5876 3721 214 92 1845 9 
43623 
43631 2964 
46019 324 49 3678 333 
43637 5443 1194 2220 5562 964 459 
43642 11089 
60687 
43656 8176 8998 
41163 
50170 
41737 2945 189 198 185 2906 325 421 996 800 189 198 185 1877 189 198 185 1677 189 198 185 369 189 198 185 585 2980 522 189 198 185 
41841 
43689 
42132 1368 1344 78 133 82 1184 151 4392 78 133 82 2156 78 133 82 1956 78 133 82 648 78 133 82 498 381 97 817 761 1812 78 133 82 
41563 10335 
50355 4162 
47890 2264 2605 
41943 
41201 5401 12693 607 
60072 
41138 
42493 6553 137 
43687 
43619 
41649 4858 222 408 5716 
41222 245 29 540 185 2 6 63 138 431 12 82 52 11 166 38 24 53 628 67 82 377 503 462 367 36 201 581 107 56 79 7 168 173 192 53 140 9 72 33 155 114 67 61 592 129 196 200 54 397 2 64 463 105 192 493 462 380 7 535 89 19 14 20 186 737 462 400 114 269 3 261 143 133 464 462 479 462 190 319 561 61 136 2 18 602 310 552 70 301 9 355 111 600 462 
57139 
41538 1024 6020 3006 
41137 
59770 
41151 
42333 
41431 117 173 49 155 75 57 90 417 13 57 28 25 131 20 102 427 32 7 433 107 232 182 35 270 59 145 171 27 15 6 148 60 15 78 1219 1212 7 393 23 30 60 18 5 189 88 356 82 14 76 104 272 327 3 9 452 9 141 207 59 145 171 27 15 6 148 60 15 78 118 63 112 726 139 226 341 59 145 171 27 15 6 148 60 15 78 241 22 123 91 133 20 219 13 125 9 164 365 59 145 171 27 15 6 148 60 15 78 217 59 145 171 27 15 6 148 60 15 78 164 221 641 220 8 824 18 952 192 201 12 482 59 145 171 27 15 6 148 60 15 78 
60664 
41445 
42225 12286 175 357 
41276 
41700 1581 5336 6 1586 4451 
41511 183 4560 3581 8 2770 5618 
41220 85 172 110 104 27 416 35 45 443 70 166 25 112 197 421 206 752 74 17 87 197 110 32 129 20 69 56 1345 43 318 375 189 300 134 79 146 930 180 762 89 14 181 144 74 17 87 197 110 32 129 20 69 56 218 1440 74 17 87 197 110 32 129 20 69 56 542 807 109 74 17 87 197 110 32 129 20 69 56 150 74 17 87 197 110 32 129 20 69 56 538 568 81 147 29 179 8 17 873 233 330 207 449 209 74 17 87 197 110 32 129 20 69 56 
44937 738 259 5023 2449 2249 941 4659 
41327 418 83 141 15 689 24 249 94 115 241 327 22 550 31 41 108 109 128 28 176 8 96 82 82 2 239 751 830 2675 37 534 106 246 128 28 176 8 96 82 82 2 239 128 443 4 418 77 538 128 28 176 8 96 82 82 2 239 121 234 169 884 128 28 176 8 96 82 82 2 239 100 128 28 176 8 96 82 82 2 239 151 30 11 7 260 40 57 5 39 6 42 22 6 59 12 30 62 140 1793 258 369 271 148 128 28 176 8 96 82 82 2 239 
42851 
41283 928 1705 732 1112 1984 487 119 19 186 505 22 38 73 32 39 50 5 228 1121 2449 1604 281 43 31 290 941 967 664 84 814 50 229 704 984 163 
41689 
41148 
41233 10706 
41829 
42010 911 419 442 78 710 634 1857 120 149 166 63 409 62 700 188 1276 396 634 1312 89 414 634 1054 490 71 634 307 634 483 974 225 28 2 134 181 590 842 46 45 24 12 199 240 634 
54997 
43065 1157 285 497 419 1155 696 441 266 2 3041 419 2030 419 918 912 419 522 419 472 2365 111 520 144 17 611 419 
41206 19506 
47577 11477 
41179 
41131 
41415 
41411 567 153 1415 2811 183 322 44 4837 7080 156 
42087 252 17564 
41482 260 44 
52963 
41178 
42428 21 
41153 2532 3288 900 1738 529 16 1694 2099 4164 1122 
60789 
52745 
41948 5512 
41683 48 891 413 329 847 349 94 2359 208 2686 505 168 94 1912 14 429 94 2155 94 847 94 2481 1262 424 398 94 
59173 
46395 
41759 17923 
41154 5820 3168 15 
41325 2969 445 443 5577 443 2006 443 453 311 1042 443 498 443 1077 2564 575 443 
44055 
41958 834 39 10 97 388 36 60 16 179 542 1190 858 635 93 1397 794 60 767 382 1034 581 1868 1051 239 959 941 962 681 932 699 1385 
41329 25 359 771 167 39 82 26 224 27 102 212 371 98 110 1923 2714 889 2109 8 423 131 4 83 162 1814 8 5126 229 
42019 2667 3284 2736 2449 878 98 60 1213 941 2010 2649 
41155 
41780 654 
44743 1847 4173 2449 871 1378 941 1386 57 8 3208 
41159 2534 1 8163 
41489 4972 13985 
44113 1153 3962 2058 1205 1244 2249 941 4659 
41817 
47179 
41946 10979 4781 359 
41143 1376 2002 952 1497 898 1733 940 949 351 1146 952 1300 941 941 983 642 486 736 871 
41778 1424 1436 8 325 183 120 515 294 806 713 8 1457 456 139 996 8 325 183 120 1022 342 449 8 325 183 120 1613 8 325 183 120 305 8 325 183 120 367 583 88 90 737 96 227 1542 60 233 8 325 183 120 
41915 678 311 87 953 1831 3 45 126 30 31 46 587 176 466 56 405 38 556 7 470 171 57 13 356 38 88 962 1406 3212 2139 1427 915 217 
41400 
58121 
50147 9832 
42355 1960 3072 1889 8013 1675 
41161 
41166 1377 1158 841 952 1496 895 1081 661 935 949 354 1143 952 415 885 941 941 984 643 483 737 871 
47150 567 2354 7824 2770 
44827 6020 2449 2249 941 4659 
41200 4365 3813 8 10759 
41244 266 
52901 
41164 
42070 7066 75 
41134 13216 
60000 
41149 
41310 1759 186 561 539 210 66 965 9 295 14 53 29 330 28 64 150 53 1579 391 459 105 239 328 567 296 66 1664 719 66 2183 66 875 66 909 266 341 1514 79 109 40 1335 66 
42751 561 2021 3030 158 1562 1270 2449 2249 941 2919 1740 
42030 763 651 477 2732 
41162 2535 4184 
41652 584 1784 434 191 85 481 4 1924 71 620 6 370 1794 240 425 85 481 4 1216 251 412 85 481 4 867 812 85 481 4 371 85 481 4 1641 13 13 2422 85 481 4 
41225 833 1118 808 
57743 
41453 891 5196 1526 241 45 8345 1196 
41855 17660 
41177 
58099 
47192 
41135 
48127 1288 11133 
41402 333 197 234 494 145 24 90 161 261 117 47 58 14 22 1052 105 51 252 272 264 100 15 554 65 69 19 49 21 23 12 45 6 97 61 49 1293 1748 91 476 7 43 233 105 51 252 272 214 236 523 102 694 105 51 252 272 209 832 25 27 27 35 36 378 105 51 252 272 261 105 51 252 272 199 30 28 57 101 16 30 40 83 738 12 5 24 966 5 17 18 11 31 76 70 298 5 618 501 105 51 252 272 
41833 8122 7707 84 
49694 39 
41183 527 1358 239 75 48 407 546 3830 221 215 1113 756 1112 447 6784 130 
41180 1376 1161 838 955 1492 903 1074 661 533 402 949 354 902 244 949 414 886 941 940 986 644 480 737 872 
41559 775 4218 261 4 
57598 
45386 6020 937 1512 2249 941 3567 1092 
41181 1376 1161 838 955 1492 903 1074 661 533 402 949 354 902 244 949 414 886 941 940 986 644 480 737 872 
41322 
41973 882 
46646 540 
41360 3890 6020 2449 2249 941 3232 1427 
41821 1323 180 1154 1756 2298 92 122 29 781 2812 27 2266 2529 21 51 2517 
41157 1377 1158 4184 3626 354 2095 4166 1863 
41192 1457 460 4161 1443 9514 187 
41643 995 885 16 1493 799 379 643 90 2 118 7 31 181 111 83 189 136 1771 15 844 621 1099 271 1079 2249 941 4659 
41187 2311 2615 210 13025 
41146 
41188 1626 3484 2780 10046 
41916 1076 575 2401 13519 
41168 2535 841 952 1496 905 1071 1193 403 949 1254 246 949 415 885 941 941 984 643 483 737 871 
46255 4008 
42151 3055 5291 729 2449 2249 941 4659 
46367 
41530 
46508 5312 
41202 1704 6224 1186 2598 1068 815 3119 1225 1084 481 
41599 
58742 
41502 1116 675 245 625 80 128 744 688 483 213 4636 985 1464 2249 941 546 3444 669 
41279 3921 2152 3868 2449 2249 941 3572 1087 
41886 12711 174 
41215 269 757 947 771 3065 228 216 1237 1592 2156 184 62 1305 274 5864 
41260 2935 305 262 1308 768 816 3128 1153 1296 2249 941 2066 189 9 971 1020 404 
42110 1356 2274 6012 3310 135 4232 
53009 
43224 1593 2210 3256 554 2449 1124 1125 941 4659 
41189 155 637 1248 491 43 331 151 54 804 2168 796 499 453 2104 499 60 23 316 385 1166 821 522 906 941 884 578 620 117 10 142 940 26 1342 
41495 382 3358 860 1137 3278 745 2449 358 126 942 49 774 941 3158 354 333 814 
41205 1080 8065 140 8232 2003 
41292 106 574 365 517 14 236 288 500 125 444 101 185 211 172 86 211 209 46 75 168 880 228 39 26 228 106 66 19 80 201 136 71 5 34 16 43 11 25 24 131 64 94 20 24 61 19 13 19 29 11 22 79 17 18 7 108 8 746 73 105 52 59 7 40 28 51 31 14 6 183 280 185 211 172 86 211 227 968 288 101 185 211 172 86 211 112 185 1087 185 211 172 86 211 76 185 211 172 86 211 237 3 193 634 47 289 466 324 74 64 75 617 72 79 82 9 7 7 127 181 79 128 185 211 172 86 211 
59973 
43849 633 10056 
41524 1663 11598 
41318 12804 
41193 126 18 163 109 72 27 25 35 31 5 32 451 65 40 18 55 33 
50532 2452 2251 
50476 
41195 1211 9700 
41295 547 23 701 109 51 93 515 76 185 1247 349 435 273 96 338 314 132 513 272 1021 343 940 994 349 342 365 86 92 96 129 258 26 706 349 1232 27 71 570 349 592 349 368 2182 1760 349 
41211 139 390 86 334 46 12 19 18 215 195 103 9 71 179 30 56 280 60 80 42 29 138 256 6 134 30 22 102 49 24 207 8 39 87 68 51 151 34 32 139 165 9 15 33 11 27 292 64 1280 39 49 31 34 23 40 130 22 16 150 61 50 53 196 4 10 62 252 386 1242 328 56 130 151 8 39 87 68 51 151 34 32 139 165 9 15 33 11 27 289 321 267 106 4 49 15 86 24 6 72 14 90 7 133 27 70 8 39 87 68 51 151 34 32 139 165 9 15 33 11 27 95 8 50 74 94 244 31 34 750 8 39 87 68 51 151 34 32 139 165 9 15 33 11 27 72 8 39 87 68 51 151 34 32 139 165 9 15 33 11 27 70 7 356 13 54 328 21 3 218 74 14 56 43 27 98 26 47 147 21 68 51 26 135 72 110 114 554 23 235 32 50 105 22 82 49 20 133 32 6 8 240 8 39 87 68 51 151 34 32 139 165 9 15 33 11 27 
49697 
41647 3884 3 
41653 2695 2036 47 618 3040 351 7938 2092 
41174 
41248 1032 339 418 353 585 2083 1861 893 251 14 368 2084 33 808 2154 323 240 67 2249 421 191 546 40 924 78 88 52 793 
41594 299 83 314 90 80 198 1940 598 501 25 289 17 63 154 258 1471 340 363 849 1092 598 1239 612 598 427 572 300 352 598 343 598 2152 783 756 370 598 
42365 
41262 161 80 1145 217 243 4 113 27 42 72 29 101 59 166 383 142 34 20 2020 136 1150 322 18 5 71 93 178 274 122 92 13 226 1163 1755 81 267 5054 96 390 399 188 432 15 60 9 556 
42975 6753 4798 
42411 1566 
41425 3426 4582 1438 2449 2249 941 4659 
47448 10228 
41198 117 26 34 9 217 22 84 62 12 15 78 30 53 187 20 43 27 35 31 73 79 29 14 100 10 16 64 17 80 51 44 71 67 16 24 4 13 18 2 32 8 15 2 44 52 31 60 49 36 22 75 80 199 28 73 14 13 86 14 9 24 27 31 103 9 140 70 43 163 77 10 17 67 49 80 10 44 28 11 56 66 30 31 22 50 25 22 22 16 10 49 104 179 44 37 7 23 14 86 8 69 33 19 31 7 12 27 7 95 32 184 22 42 123 59 52 25 25 18 74 47 140 167 40 30 42 13 52 21 11 32 23 62 18 110 50 13 81 64 17 51 35 29 194 36 23 30 13 51 18 19 7 11 10 49 16 94 9 14 16 13 1 67 4 23 43 15 18 57 10 40 113 140 35 96 58 37 28 6 26 14 24 56 2 107 46 24 2 33 105 49 69 61 28 225 22 315 77 10 17 67 49 80 10 44 28 11 56 66 30 31 22 50 25 22 22 16 10 49 143 29 22 47 10 10 11 54 2 33 6 141 20 50 15 35 40 6 39 29 31 76 21 18 40 63 40 11 11 40 9 11 409 135 77 10 17 67 49 80 10 44 28 11 56 66 30 31 22 50 25 22 22 16 10 49 153 29 112 108 203 9 2 132 36 3 151 52 27 11 60 12 3 42 23 28 1 88 172 77 10 17 67 49 80 10 44 28 11 56 66 30 31 22 50 25 22 22 16 10 49 149 77 10 17 67 49 80 10 44 28 11 56 66 30 31 22 50 25 22 22 16 10 49 98 23 55 17 23 38 23 8 18 84 94 20 22 137 60 18 37 7 50 46 9 15 30 150 27 79 24 33 22 90 26 44 98 12 10 31 18 38 85 20 41 68 20 98 46 36 46 174 80 13 148 11 10 55 30 73 79 289 5 89 19 21 14 16 12 81 12 15 69 58 19 42 147 38 154 77 10 17 67 49 80 10 44 28 11 56 66 30 31 22 50 25 22 22 16 10 49 
44882 6020 2449 2249 941 4659 
41463 
50466 
41265 1245 1153 850 944 1501 903 3616 358 888 1203 416 1833 941 1568 2149 942 
46527 2935 3129 5752 531 1291 
41158 15977 
41808 4322 4 3807 2322 410 6958 4 
41296 
41228 1348 9 28 20 86 34 84 35 30 226 245 32 34 1222 92 573 19 49 1635 144 55 29 172 156 86 2522 80 48 360 92 573 19 49 287 1134 106 189 92 573 19 49 1516 92 573 19 49 208 92 573 19 49 898 342 8 2098 41 4 6 125 404 92 573 19 49 
41437 3341 6020 2449 2249 941 3580 1079 
41214 
44337 4901 243 13 5370 86 26 
41145 1376 2 2000 952 4 1493 898 1733 6 934 949 351 1146 952 1300 941 941 983 1128 4 732 871 
41336 429 1133 1007 1986 824 151 50 839 1114 9 1030 428 141 1660 87 1992 31 42 3030 1634 1298 
50296 
47080 11478 
41421 18603 347 
49960 47 9693 122 
41999 1403 3275 1997 5829 3795 2500 
54768 
41171 
41630 1056 4862 257 613 5 367 2869 7 2672 277 2714 9 872 8 31 376 21 6 
41631 446 138 944 54 427 495 30 66 133 29 229 215 30 304 67 702 4 803 26 87 57 177 78 90 653 24 65 280 14 67 54 5 12 37 78 27 47 35 9 7 18 132 183 30 92 93 123 108 15 233 217 3 3 3 33 284 73 323 215 30 304 67 409 82 233 32 31 23 7 63 153 90 151 102 457 215 30 304 67 443 174 15 200 14 33 36 58 378 99 52 131 215 30 304 67 325 215 30 304 67 434 163 258 33 11 481 18 135 765 287 194 193 305 61 62 97 206 137 203 215 30 304 67 
41326 338 80 317 2357 165 1037 4983 1340 72 131 12 894 2249 941 4218 293 148 
41686 1434 879 224 537 45 375 832 9 4759 45 375 2029 45 375 864 965 45 375 521 45 375 1999 847 1393 45 375 
41451 
59870 
41217 69 140 419 9 75 147 280 373 370 384 49 1206 14 74 454 352 75 267 1166 102 1024 104 1597 791 14 74 454 355 446 63 391 23 629 14 74 454 300 57 29 889 432 14 74 454 399 14 74 454 468 96 146 51 645 476 68 195 204 251 165 738 201 413 14 74 454 
41221 416 17003 
42326 
54633 
50143 
41204 378 22 38 43 76 345 29 203 131 
41224 8088 628 158 20 
52264 
49272 
41440 
42258 7016 8963 311 
60832 
41271 
45762 
41945 44 17142 
41226 6479 
42438 
42439 6558 8 498 4 4964 682 
59972 
41418 25 668 2803 2195 3825 2449 2249 941 3381 1278 
41908 5157 
41186 9192 
43626 3605 1685 
42274 460 4280 273 1428 1460 176 76 1575 6154 1566 178 160 
42312 
45486 4133 1 
41536 316 908 542 126 1364 95 126 138 61 16 214 1440 43 702 55 38 1378 1002 169 543 95 126 138 61 16 214 75 1154 570 95 126 138 61 16 214 568 349 3 679 95 126 138 61 16 214 291 95 126 138 61 16 214 108 141 41 40 175 188 159 253 324 181 5 23 1014 14 39 385 111 400 408 95 126 138 61 16 214 
60206 11 
41272 802 
47857 4865 8106 
43115 6065 9218 134 20 11 135 149 1075 
41316 18 417 872 1954 3339 141 261 13 11 63 106 48 2038 943 226 503 127 650 973 27 204 24 39 982 941 1001 171 54 217 42 3174 
42246 1951 305 890 1482 4538 2449 2249 941 1441 3218 
41209 943 44 
41203 2623 9089 1076 
54625 
41429 32 630 2668 6020 2449 2249 941 3800 185 674 
41234 139 16 438 83 2456 6 1532 234 233 2496 3067 127 395 5810 472 778 1176 
46993 
47404 115 1375 6229 2474 268 2307 
41924 17991 
41287 
42248 3539 14437 
58006 
43325 99 330 7 4865 6585 2709 
42448 3646 811 11164 
47632 
41580 8875 
43793 16645 
41231 140 16 8 234 59 160 143 112 81 25 254 26 94 7 19 32 25 41 10 53 32 86 36 226 45 68 34 54 83 31 268 10 408 35 15 19 9 110 130 2 246 158 1630 118 105 29 1338 45 97 84 23 174 69 133 104 19 624 44 479 747 158 712 20 71 23 13 355 385 475 237 158 856 5 127 152 48 110 20 26 147 73 120 105 68 6 228 158 783 158 818 1595 50 7 58 16 877 157 268 37 7 10 39 152 410 158 
41238 153 260 1125 1014 2758 809 551 3650 6107 532 1113 65 
41240 1102 1206 345 1216 506 808 1079 559 623 1318 23 1104 464 681 91 112 112 989 2249 941 3442 85 78 214 840 
47563 49 10 
42013 
47639 13091 
41242 17428 
42098 
41197 56 61 26 133 99 19 9 13 9 45 39 6 55 26 58 52 240 24 6 103 23 77 33 13 58 14 73 53 10 54 17 27 73 16 15 10 37 2 13 22 19 4 8 35 13 18 21 11 122 44 99 3 22 2 23 38 14 30 155 128 49 37 23 73 17 232 108 95 410 127 78 76 42 13 37 16 34 27 22 5 383 89 735 11 11 224 21 61 276 1185 47 84 213 1173 1030 127 78 76 42 13 37 16 34 27 22 5 269 8 55 27 16 55 29 56 6 6 23 147 75 10 71 301 128 9 13 237 79 352 127 78 76 42 13 37 16 34 27 22 5 342 31 116 194 444 11 41 27 2 9 48 12 12 3 480 127 78 76 42 13 37 16 34 27 22 5 464 127 78 76 42 13 37 16 34 27 22 5 315 10 12 3 25 17 18 70 77 143 46 44 48 129 64 46 203 1 12 94 24 114 179 377 18 408 53 1014 618 127 78 76 42 13 37 16 34 27 22 5 
45961 9177 
41185 220 374 1010 566 71 1761 1497 631 1407 618 1867 1476 973 1182 1067 941 451 1745 599 263 1601 
41246 263 2298 88 1018 8 667 2966 1342 1037 8 1494 947 8 695 15 1531 8 933 8 1420 800 1412 1019 8 
45135 3374 1159 10 399 1078 2449 2249 941 3836 823 
43217 3024 13545 
42500 1160 3297 5761 
52265 
41142 1376 1160 842 952 1497 898 1078 655 533 407 949 351 897 249 952 415 885 941 941 983 642 486 736 871 
41245 884 134 41 43 14 25 
41152 4328 
57522 
41902 103 137 23 39 217 395 62 134 30 291 108 75 78 1691 293 47 23 56 13 53 93 21 158 226 184 186 60 21 59 1272 253 72 29 154 305 20 806 69 35 11 6 8 34 1453 473 8 12 17 604 23 130 1182 285 17 784 51 27 13 58 14 1000 941 252 105 2020 87 46 82 24 444 209 304 71 1015 
42412 
50162 
47308 
42928 
41213 5330 
41593 378 154 54 252 558 8 637 211 1431 37 378 85 12 155 37 57 52 305 1344 1119 75 177 101 386 84 1616 37 1318 1094 37 358 573 11 189 166 915 37 904 37 632 1321 274 274 16 2105 37 
50537 
41359 160 1216 626 103 267 2007 3010 716 4566 3314 
41288 2727 
42027 302 514 2918 2931 6020 
41252 317 96 610 133 526 2337 444 982 1899 1772 923 251 2198 1041 1208 941 526 717 38 520 1990 868 
41678 
45412 6020 2449 2249 941 4659 
41150 
41303 78 419 3197 583 1645 793 1776 11 18 6 25 37 1126 630 1819 795 879 575 941 1218 646 95 1474 1226 
41444 16502 507 
41460 
41255 111 218 187 611 64 191 118 94 336 38 184 38 1061 600 43 48 17 93 11 34 67 131 389 25 34 156 90 28 258 234 670 95 18 70 35 32 159 168 199 236 227 67 15 16 7 22 371 231 116 20 174 207 3 3 3 117 31 20 30 61 73 78 91 50 5 19 10 613 43 48 17 93 11 34 67 155 179 175 12 7 7 100 53 7 37 10 6 122 116 4 70 367 5 27 39 638 43 48 17 93 11 34 67 291 27 7 81 42 66 378 1044 43 48 17 93 11 34 67 628 43 48 17 93 11 34 67 171 32 76 485 6 19 208 211 17 44 166 307 116 853 106 352 21 32 81 44 41 68 80 810 43 48 17 93 11 34 67 
41140 
54682 
41257 67 210 77 58 26 24 131 453 14 243 252 132 159 131 490 49 60 73 17 26 103 103 108 11 58 337 9 9 49 19 12 22 31 25 13 15 21 11 34 26 19 73 61 54 29 38 70 19 428 1300 32 94 23 104 24 31 7 60 139 271 399 241 99 82 1249 273 50 7 176 272 9 9 49 19 12 22 31 25 13 15 21 11 34 26 19 73 61 54 29 38 70 19 186 36 16 87 41 10 162 76 44 6 25 94 42 66 55 60 35 48 34 170 144 144 17 192 9 9 49 19 12 22 31 25 13 15 21 11 34 26 19 73 61 54 29 38 70 19 306 89 11 81 168 35 8 98 23 321 16 4 17 41 5 73 294 9 9 49 19 12 22 31 25 13 15 21 11 34 26 19 73 61 54 29 38 70 19 282 9 9 49 19 12 22 31 25 13 15 21 11 34 26 19 73 61 54 29 38 70 19 173 46 50 69 56 42 43 55 203 238 55 11 13 40 268 55 12 151 387 78 21 40 74 5 244 48 548 241 104 27 97 506 9 9 49 19 12 22 31 25 13 15 21 11 34 26 19 73 61 54 29 38 70 19 
41541 442 7174 514 4745 3506 
52624 
41259 4940 
41263 2826 72 330 867 259 18 22 450 17 84 1032 830 41 1837 377 99 954 1150 84 1215 2249 941 550 145 2459 179 157 19 1150 
48960 
42539 1999 952 1496 2637 935 949 354 1143 952 415 885 941 941 984 643 483 737 871 
41330 19 270 38 57 41 19 488 213 10 206 51 31 329 226 151 290 1671 113 281 383 2261 810 2172 118 32 61 40 173 186 525 1314 125 98 147 876 1003 941 1257 85 33 962 324 430 1568 
42454 
59170 
41270 2340 571 136 175 17 1237 3420 1066 81 2662 2042 13 2487 196 2455 539 
58727 
41369 17 714 
49851 
42003 21 
41165 1377 1158 841 952 1496 895 1081 661 935 949 354 900 243 952 415 885 941 941 984 643 483 737 871 
41748 232 1061 928 2192 7857 96 5994 
41760 
41274 2247 3290 2954 9757 494 
41173 13212 
41172 
41277 
41280 3131 888 568 2176 3276 2449 2249 941 1017 1121 472 864 1185 
41182 25 42 71 48 26 107 51 58 72 27 25 39 64 424 20 7 147 31 8 559 762 41 45 273 6 82 20 108 12 12 21 234 2026 1258 662 95 20 52 1907 1212 195 40 56 39 293 16 598 2249 941 1033 895 375 67 12 6 7 918 1346 
41696 2544 13902 2578 
41282 70 126 459 1617 2178 6275 330 257 1593 43 5730 681 
41355 23 138 233 123 1132 304 475 44 43 516 210 111 287 437 2566 17 273 22 184 1377 239 507 111 287 437 191 1185 238 111 287 437 1197 217 111 287 437 106 111 287 437 2487 252 1085 111 287 437 
41273 802 
42124 2825 326 1118 2710 695 1171 326 2123 326 1923 326 615 326 669 803 2861 326 
41285 
41196 1211 
58313 17 
54245 
41385 1339 1410 494 121 196 433 518 2265 150 505 913 919 121 196 433 631 201 76 610 63 118 121 196 433 463 1036 121 196 433 191 121 196 433 491 813 1314 1291 121 196 433 
60216 
41236 32 684 717 110 846 27 85 34 52 96 15 27 197 14 13 29 19 847 182 251 108 352 166 61 2222 1535 491 652 182 610 49 17 83 22 10 169 197 1110 182 267 42 65 36 32 110 1515 182 759 182 240 148 87 219 746 929 222 100 631 1155 182 
44691 6020 2449 2249 941 4659 
41291 10 171 1553 465 70 2074 781 876 920 1736 160 2204 184 2456 2477 1904 1343 30 
41294 5131 
41346 8987 10328 
44558 6020 2449 2249 941 4659 
41342 
50164 
41299 793 
41692 579 694 1745 939 1761 73 2547 21 679 2069 380 1295 954 941 1397 1058 2204 
48975 
41300 781 14 
41250 82 289 42 39 74 454 52 162 33 10 619 112 26 28 12 20 27 1629 148 651 1280 9 211 135 13 19 27 34 26 181 12 80 40 2356 21 17 38 17 90 615 148 548 89 879 28 260 20 25 452 148 618 1483 148 793 148 561 236 53 538 321 481 143 319 28 14 899 243 675 148 
49346 
41230 28 39 9 64 12 30 29 25 88 87 46 219 50 29 41 29 28 3 15 167 56 65 87 
59947 
41147 
41160 
41302 3867 4832 1188 2449 2249 941 4659 
41208 113 1350 17 2432 2278 915 1450 1377 390 481 496 1082 538 659 1052 941 4659 
54363 
41561 775 
41953 546 1160 582 8 56 2651 4959 611 113 
42128 4364 2770 
41335 429 950 442 1290 30 1414 824 1040 381 733 9 11132 346 
41311 52 144 37 21 125 140 28 136 265 982 240 295 72 19 855 28 53 148 170 41 675 566 482 138 228 265 35 582 308 433 1318 94 179 16 20 241 28 53 148 170 41 462 87 171 919 21 9 121 219 28 53 148 170 41 484 33 295 129 49 2 318 273 226 28 53 148 170 41 501 28 53 148 170 41 800 639 375 376 427 664 2 936 28 53 148 170 41 
41313 230 25 1530 771 10523 
50128 
42341 
41323 6725 14 337 287 2883 2517 15 28 106 16 78 
41269 256 80 257 815 529 813 71 223 6 744 147 79 319 19 19 12 51 462 960 167 753 139 57 324 1092 150 7 59 508 58 638 147 79 247 664 309 1003 147 79 314 1709 147 79 715 147 79 240 226 56 197 1122 162 9 306 15 543 1557 147 79 
41241 375 77 196 383 211 
41715 1059 1599 36 3662 858 1411 85 1129 159 206 136 24 18 48 40 24 69 44 258 26 4909 57 964 528 308 
48192 877 
41965 3463 3067 2953 542 1907 2249 941 1337 3322 
41328 683 1730 552 324 385 41 1461 2214 1698 71 150 385 41 981 898 144 385 41 520 18 106 1179 385 41 515 385 41 1689 1630 235 679 385 41 
41338 2458 47 4105 
41797 
41364 5129 135 6215 5149 
41339 88 218 144 319 190 76 624 3 45 6 531 398 46 352 35 776 401 706 219 47 958 408 508 128 514 71 59 2001 329 246 95 45 101 91 294 200 229 819 634 153 426 216 19 54 27 17 703 941 368 67 89 1545 221 1279 1090 
46359 3706 
41312 196 37 21 293 136 265 982 626 936 4071 1949 2449 843 328 498 580 941 3642 1017 
54735 448 
41348 10662 261 1725 
41585 
41351 56 87 959 535 1065 679 91 347 64 192 132 506 409 458 1418 1182 196 42 420 92 28 186 257 91 347 64 192 1350 91 314 91 347 64 192 517 440 21 577 91 347 64 192 247 91 347 64 192 1442 1082 258 465 470 248 91 347 64 192 
41307 162 897 18 4940 2227 388 7535 1984 
42427 408 4758 805 4496 1433 597 2698 
41278 
41356 23 138 233 123 487 645 304 475 44 43 516 210 111 287 376 42 19 2566 17 102 171 22 184 1377 239 507 111 287 376 42 19 191 636 20 308 221 238 111 287 376 42 19 553 251 239 182 189 111 287 376 42 19 106 111 287 376 42 19 399 1879 209 252 1085 111 287 376 42 19 
41251 
47091 64 199 152 29 183 99 33 6203 99 3492 3037 59 
41894 
41361 1900 5346 551 742 2593 2306 4893 
41362 5124 
41365 2548 1020 88 9 270 940 1241 253 6 7 670 815 9 2 4 283 4 164 21 212 7 141 24 3 5 4 5 232 137 16 448 88 9 270 1010 318 31 8 8 707 88 9 270 523 28 224 92 23 47 5 372 81 487 88 9 270 574 88 9 270 405 414 848 61 34 104 377 583 489 51 5 921 88 9 270 
41367 405 2649 2366 3298 1722 142 485 5856 
41376 3615 6020 637 1812 2249 941 1777 2882 
41870 
41570 221 5781 102 16 113 1719 8433 
52537 2041 
41377 2007 1608 33 10 5977 33 10 594 45 22 1745 33 10 2206 33 10 898 33 10 1734 23 26 2833 33 10 
44715 955 236 45 4784 2449 2249 941 4659 
43370 8319 6711 55 
41199 30 361 5756 7126 
41169 
58848 
49147 8758 477 642 
41504 47 608 7874 8611 1942 
41639 2582 1508 13939 
41738 283 44 47 385 14 293 538 322 63 663 124 643 301 1501 798 95 10 960 49 63 118 20 84 276 16 13 1716 301 125 89 41 103 382 506 120 782 301 192 30 128 66 106 779 5 642 301 640 301 1260 58 299 181 1561 12 6 58 282 641 301 
41787 
41392 7997 3441 
41133 
58107 
49408 
42190 1264 4477 
41393 
41396 2039 5026 1280 2239 3218 
41298 782 
41343 1497 19 860 374 661 16 87 47 2316 1707 154 330 1363 16 87 47 1033 559 441 266 16 87 47 1552 547 16 87 47 791 16 87 47 1879 2630 16 87 47 
42371 
41397 835 7 520 292 95 64 227 1043 822 49 597 61 52 178 584 613 309 49 1 414 536 35 65 609 252 376 13 333 894 49 401 741 384 874 49 1382 818 49 892 49 248 1561 787 178 257 572 1007 49 
49037 28 3 
41264 2827 71 158 1327 12 466 6405 4971 2019 186 
42016 10284 5138 
46577 
41807 89 1505 1202 698 1268 945 8 485 1100 141 1375 698 1373 378 698 987 564 698 243 698 1337 439 1304 264 617 698 
42051 125 9 265 832 1834 1011 2502 79 30 116 159 561 636 926 1109 1340 2249 941 439 762 1401 5 240 6 10 400 239 1157 
49047 391 11186 
42810 8980 23 2870 289 
41403 351 179 626 68 81 103 182 136 215 8 416 158 510 36 180 3077 458 2252 233 880 14 43 352 108 224 828 960 43 1246 941 937 421 319 452 920 491 950 169 
41803 3605 1958 2628 1434 2449 2249 941 251 2135 1361 912 
50067 
41790 6674 24 73 8745 3194 
59469 
42056 10 297 3625 314 8496 4947 
42451 
41406 10127 
51837 
41864 5436 67 
41408 1521 30 5890 
41555 
45924 
41409 553 1247 1524 289 227 66 682 903 178 1549 771 29 127 778 421 289 227 66 1530 337 289 227 66 1667 289 227 66 359 289 227 66 1538 206 2333 289 227 66 
47296 2542 10515 
41266 
41625 652 19 87 2048 2 1389 1127 2 484 301 711 278 54 771 348 35 148 
47557 2782 4564 
42314 769 5 1178 25 1508 2005 11622 19 
41835 1977 675 9515 4545 
51869 
41416 
44000 
42119 4256 
42178 1411 378 1807 2364 270 421 24 5785 
41417 109 80 257 815 302 219 8 323 1348 412 319 19 544 70 890 167 753 520 1092 143 7 66 1018 412 247 664 1126 412 314 999 524 412 529 412 315 147 4 30 15 175 60 52 61 3 62 1152 242 15 505 38 1371 412 
59497 
45048 6020 2449 2249 941 4659 
42139 
48262 669 190 427 4946 67 
41442 
41420 
58318 
54766 
41422 2071 2083 302 498 837 2554 9787 793 
41424 1265 814 344 
60163 
42504 
60651 
60660 
55174 
41432 307 1874 2857 50 1656 10077 1678 
41564 25 775 3445 12612 
41433 134 1308 490 730 973 4909 1111 1544 905 2249 941 2266 173 2220 
41763 1405 783 909 596 279 1806 319 271 592 1022 1135 596 665 1188 596 171 85 407 194 452 344 596 345 596 1057 80 1334 128 199 1265 596 
41456 
48946 5408 
41256 4066 1080 733 4207 2449 2249 941 794 3865 
41435 1546 6675 
41132 
42117 16382 
42403 
49963 
44247 10053 5234 
41612 108 46 341 91 735 57 54 1719 111 245 150 524 2448 912 633 706 291 111 245 150 282 144 298 577 642 111 245 150 1232 9 502 111 245 150 435 111 245 150 539 258 504 476 190 283 214 56 485 29 221 898 111 245 150 
47492 
41998 2812 52 39 387 3084 848 653 957 52 39 387 810 149 280 732 52 39 387 309 354 230 411 467 52 39 387 463 52 39 387 462 224 1005 466 234 1334 456 52 39 387 
41436 4551 829 2257 10 44 206 9520 816 
41139 
41452 653 3975 3707 
48964 
43534 
41191 28 16 8 18 6 17 20 4 25 20 46 76 4 33 11 5 92 30 67 30 28 47 21 13 55 40 17 165 12 26 42 51 179 43 188 101 91 241 67 92 2 90 36 54 181 22 85 15 19 19 33 31 2 10 53 42 6 16 8 46 13 49 35 33 18 29 12 104 100 165 18 22 343 22 46 199 190 82 100 110 256 31 99 14 21 18 10 5 21 638 80 86 20 15 7 19 5 35 13 14 68 22 55 49 20 30 39 26 29 3 69 33 82 8 94 7 5 11 124 29 20 125 13 30 31 285 39 26 43 50 101 7 48 60 856 41 19 26 220 20 18 27 50 33 53 27 10 3 36 51 11 120 21 12 48 12 86 18 22 343 22 46 199 190 101 25 44 48 233 21 10 126 10 147 116 47 80 19 115 50 417 18 22 343 22 46 199 190 94 6 14 18 3 75 20 14 25 55 55 937 93 18 22 343 22 46 199 190 101 18 22 343 22 46 199 190 1065 3 4 61 82 71 39 7 50 25 18 751 39 25 40 140 100 40 12 58 79 33 5 19 35 152 12 15 13 14 140 18 28 102 103 156 69 22 49 25 100 18 22 343 22 46 199 190 
41438 18085 
42078 
41447 1177 74 2828 4477 1564 1306 5437 870 431 
47180 
43269 1430 227 205 2870 1459 1259 227 205 801 73 110 26 21 986 227 205 614 1203 227 205 509 227 205 1675 2552 227 205 
41648 398 162 775 31 1029 44 35 18 330 211 105 77 39 134 45 8 164 593 652 992 343 342 187 397 832 108 128 34 840 105 77 39 134 45 8 164 392 13 57 16 1399 105 77 39 134 45 8 164 362 100 574 17 353 45 226 105 77 39 134 45 8 164 369 105 77 39 134 45 8 164 319 81 351 333 236 47 428 145 170 48 52 264 281 98 96 147 28 61 247 326 329 105 77 39 134 45 8 164 
41578 1101 151 34 1368 1794 2374 773 4921 3135 105 45 231 3028 
48380 16 
42581 489 5416 977 2568 152 49 48 49 19 6326 1880 
41961 4804 1558 8992 950 130 1088 830 20 
41448 1502 3641 1501 109 6262 182 
50168 1350 8476 
42394 9410 
60746 
41449 56 864 27 18 1921 3597 559 270 28 59 3034 2376 889 2183 
41655 7765 5468 
43172 
42195 
47331 5126 4815 
41729 7326 34 50 9653 
41212 1361 2430 1165 103 323 1070 977 146 756 916 564 877 491 1081 1084 355 310 500 941 1241 725 64 138 150 595 940 7 47 752 
41820 
43201 
41458 3828 3931 1184 905 493 644 1312 2249 941 2377 2282 
41454 413 389 3558 533 540 50 2430 5341 
41553 87 748 12355 
41542 2279 2490 149 202 5798 6732 
41176 
41459 
42253 4822 545 10367 
41464 2912 401 175 961 4461 423 175 950 135 24 18 50 46 271 780 175 2074 175 766 175 1473 864 252 1895 175 
48274 
41465 2062 20 73 412 88 1140 1224 379 4417 1258 1191 1420 829 941 417 665 1644 314 1619 
57239 416 17 
47358 
41468 1551 4367 105 4315 8057 
58919 
42192 
41434 3477 6020 1467 982 2249 941 2303 1489 867 
41470 1021 3938 950 1232 3748 2357 4475 
42090 
41598 17529 
42063 1243 26 1225 111 52 7 92 74 38 24 56 1892 525 724 2039 80 306 111 52 7 92 74 38 24 56 510 706 693 86 111 52 7 92 74 38 24 56 717 105 973 111 52 7 92 74 38 24 56 487 111 52 7 92 74 38 24 56 864 24 41 473 1205 870 616 112 111 52 7 92 74 38 24 56 
41471 4347 14419 
41680 129 10 122 718 164 53 480 59 12 434 77 237 250 17 15 180 570 17 895 245 1196 140 71 536 346 223 364 76 435 229 677 570 17 527 185 670 480 570 17 355 69 81 616 34 211 296 570 17 354 570 17 1304 84 20 1895 45 335 389 570 17 
42039 1589 305 6 395 744 461 530 2323 1283 30 56 153 42 294 197 651 2449 709 72 1468 941 877 13 695 1209 347 1518 
60386 
41499 
41481 4131 1013 3027 340 4185 5106 46 855 
42349 5853 12520 
41483 149 39 752 1084 450 3495 221 747 782 142 544 224 4059 527 4128 257 18 857 
42047 693 84 277 16 263 3 8 13 722 205 365 283 177 421 104 302 1032 603 1147 1468 483 283 177 350 103 22 19 17 3 48 32 25 15 17 77 7 43 328 80 803 283 177 452 883 454 283 177 481 283 177 1253 114 91 19 8 81 16 15 22 20 15 4 32 1269 30 77 36 377 278 442 283 177 
41485 877 
41571 221 
59222 
50393 
41533 128 509 904 672 351 174 32 50 1758 35 2442 3448 15 105 82 
41486 142 42 213 564 751 2 1450 3462 2114 11 433 1631 374 7 437 1035 36 1178 941 1109 21 1717 314 902 596 
43585 4949 6255 
41487 28 159 
48716 
41232 140 16 635 212 361 14 161 202 160 344 323 353 134 611 37 161 695 41 1276 159 971 658 97 2 196 601 207 919 37 161 583 30 299 14 1325 37 161 636 244 40 1131 37 161 743 37 161 1423 739 363 154 748 444 132 458 37 161 
41490 2148 102 16314 
41358 5488 13386 386 
54887 
42370 16553 23 43 182 4 23 
41521 3999 13754 
41491 
41492 6501 1697 
47044 
41493 4231 3801 755 8325 1556 
42123 4365 105 10761 
41170 
41497 691 632 42 689 454 1916 50 185 178 88 143 227 284 368 333 4844 1678 4167 126 1241 73 332 
41549 401 1700 4038 4252 421 6791 
41857 2009 5159 68 239 9 30 208 
49270 
41506 70 342 292 374 28 23 45 38 38 72 333 25 222 470 411 160 1827 2240 28 48 2955 138 214 78 62 472 4716 1053 24 105 6 899 961 108 
59065 
41513 114 77 21 569 2938 1979 508 1866 646 1021 544 1905 1158 1091 941 625 194 677 148 1632 152 454 777 
41887 2470 3861 38 1585 
54657 398 
42357 61 305 1409 165 787 570 316 32 595 1688 2819 1516 933 1144 1105 941 889 976 370 512 367 57 1488 
49553 2479 249 68 2740 4216 
41558 
48823 66 
41897 17914 
41993 10895 6127 
41522 24 210 90 171 541 22 18 8 20 14 10 42 17 34 54 37 12 41 14 8 14 31 117 6 12 2 32 8 6 15 37 5 20 135 29 3 68 14 26 33 15 28 23 44 232 609 1048 68 63 68 7 10 46 7 39 16 13 19 54 108 26 31 41 25 32 56 24 22 14 103 6 28 38 12 20 15 10 33 36 11 20 9 12 18 22 20 39 10 19 41 25 23 60 1115 30 483 78 8 2930 8 19 66 35 7 18 8 52 6492 91 63 17 4 811 25 26 58 22 21 15 15 14 38 23 13 21 7 8 29 14 23 32 18 24 25 69 12 21 39 21 44 
45954 
41254 329 798 255 118 1006 2218 551 292 830 148 646 75 168 89 136 488 2558 7 7 160 37 10 2032 465 3608 650 1530 234 
41531 4031 
41532 15 300 2199 
41535 227 443 356 91 374 88 8 61 767 79 412 3320 820 82 1193 1731 140 160 208 16 21 42 66 115 35 82 24 38 5 15 7 5610 675 303 
58932 74 12 
58309 1719 82 
41175 
59134 
41537 264 52 908 489 53 126 1364 16 24 28 27 126 71 67 61 16 181 33 138 1006 296 43 220 53 27 402 55 38 744 588 46 155 138 42 63 169 108 21 29 6 42 20 145 64 169 543 16 24 28 27 126 71 67 61 16 181 33 75 224 852 78 128 442 16 24 28 27 126 71 67 61 16 181 33 350 157 230 180 3 228 109 342 16 24 28 27 126 71 67 61 16 181 33 291 16 24 28 27 126 71 67 61 16 181 33 108 30 111 41 40 175 32 44 57 55 40 119 4 60 189 314 10 9 76 21 75 5 23 354 34 165 44 417 14 39 385 111 400 408 16 24 28 27 126 71 67 61 16 181 33 
41194 590 525 14 23 56 2400 1502 4518 2449 2249 941 3280 1379 
41540 1205 352 1535 314 5568 138 314 1362 773 314 802 31 1102 314 627 314 1818 739 1391 397 314 
41401 
43009 3400 2990 29 829 8414 
41557 775 
41216 428 35 461 21 59 22 3 5 1 3562 1363 31 509 10767 20 21 1921 
42479 5605 
54917 
52717 
41560 35 7 22 36 39 567 12 6 17 34 52 38 31 
42008 26 11 
41562 1335 185 820 1181 870 365 387 248 1192 396 162 101 546 1753 1366 1083 2249 941 1438 802 562 797 194 866 
44848 6020 2092 357 1288 252 284 425 941 4659 
41573 804 80 368 268 1025 1526 472 1948 1500 1980 369 639 81 1456 3135 965 1122 
54694 
41967 5858 344 1826 95 7523 
41574 804 80 368 2368 6020 331 2118 427 1822 941 372 965 1122 2200 
45886 452 51 13173 
41575 804 80 368 2368 6020 331 1262 856 427 1822 941 372 965 1122 2200 
41227 287 144 497 528 349 52 137 41 53 242 57 114 329 196 619 46 535 298 22 1291 93 124 87 141 253 91 2413 626 46 535 106 177 446 596 17 53 2 91 380 46 535 555 353 9 37 13 701 46 535 360 46 535 467 501 171 665 10 62 126 32 265 895 884 46 535 
41869 453 4855 
52708 2269 
47711 
43472 540 30 67 35 342 3555 38 4446 10 31 9 5365 2111 
41577 884 525 3479 265 10498 
41413 4955 5884 8169 
41156 
41805 3122 2101 3919 2449 1651 598 941 4659 
41741 2446 394 6020 2449 2249 941 4659 
41428 13320 
41579 4200 9157 
41380 348 3268 814 2207 533 1421 1045 630 1819 1155 1094 941 2791 1868 
59987 
41880 
42327 
41581 6549 
41239 3743 6020 2449 2249 941 2406 1244 1009 
48233 
42315 962 137 48 806 40 99 61 1268 1122 2437 2847 75 14 54 605 30 4 1173 351 35 673 4146 285 40 93 
48922 9417 
41588 852 17461 
41190 542 217 33 713 371 88 495 316 76 162 33 238 87 427 176 634 322 63 1051 230 1248 1317 552 427 176 439 395 500 512 427 176 865 781 427 176 338 427 176 499 470 129 1597 374 199 29 448 311 427 176 
41237 72 65 16 86 436 238 22 528 659 52 1219 615 5405 615 1834 615 1634 615 326 615 1270 22 85 1028 65 1574 615 
42067 2830 3513 17 31 1560 899 2449 2249 941 2051 1518 1090 
41592 597 12570 4280 598 708 
50134 2604 
41596 317 3343 4428 1592 2449 2249 941 617 4042 
41597 337 5 47 150 1721 99 758 639 161 69 265 986 399 46 2679 776 639 1810 639 1610 639 302 639 2402 107 870 254 26 361 639 
42249 4902 13515 
49229 777 8731 
41603 4702 
41608 1479 5390 3353 5352 816 703 
43235 11382 
41586 285 103 194 488 200 61 112 9 29 159 27 76 43 275 916 44 109 168 96 131 55 51 34 89 56 287 878 240 233 68 307 68 3106 44 109 168 96 131 55 51 34 89 56 218 1261 137 44 109 168 96 131 55 51 34 89 56 542 874 44 109 168 96 131 55 51 34 89 56 108 44 109 168 96 131 55 51 34 89 56 269 19 28 159 712 355 896 850 150 221 167 44 109 168 96 131 55 51 34 89 56 
46740 
41614 15742 
41636 341 210 877 114 89 719 36 212 22 1113 646 134 962 77 28 67 55 12 196 116 2603 34 1090 540 1909 2249 941 268 2543 68 13 219 23 177 1348 
41866 1212 483 10 7 2073 42 15 1586 10 341 659 102 106 48 246 1005 8 567 3634 679 2488 798 1082 408 240 
41293 2300 2294 133 319 350 3781 3844 5249 615 
41615 
54437 
50019 
41618 272 1592 9395 6547 15 
41626 120 368 4 179 375 304 110 1506 1834 64 2682 421 1019 2449 955 96 1198 941 1391 267 1369 621 830 181 
60686 
41488 13147 2767 531 
48981 
41289 261 388 9 8 
41633 39 396 815 918 273 115 173 644 439 423 720 206 108 6 102 439 36 22 761 61 725 47 18 623 1284 439 625 539 67 779 439 325 380 203 84 90 728 439 502 439 1702 250 394 119 296 582 37 81 759 439 
41634 39 28 180 55 104 172 212 2003 1397 2732 74 1259 2906 161 1544 217 465 2033 1485 607 493 
41698 8523 
41635 3025 1720 4300 2449 2249 941 1448 3211 
41812 5944 201 2565 1210 1078 45 25 5333 520 
57563 
41876 2930 235 217 66 484 147 30 107 305 23 74 2775 512 1045 235 217 66 1615 316 235 217 66 464 171 510 586 235 217 66 423 235 217 66 183 632 84 52 68 80 1026 73 263 23 190 1467 235 217 66 
42126 12034 
47691 7127 324 2161 653 1095 
41697 1016 2122 30 683 1576 1032 600 16 1270 13 800 30 2419 30 2219 30 911 30 2782 73 1774 30 
42502 
41638 602 1048 1513 6020 2449 2249 5600 
41646 755 15608 807 
41970 17518 
41654 499 3211 1580 852 184 4 432 5 310 786 12 7 558 1290 1268 34 19 1128 2249 941 3132 1527 
42603 1147 14333 
41882 182 428 493 25 794 1234 409 473 84 96 152 25 462 1255 114 17 1886 67 980 409 1390 650 409 250 8 8 7 1567 409 532 409 61 313 80 379 4 102 315 2996 409 
41656 
41498 287 
41455 413 389 3558 533 590 633 
58238 311 
52107 
41659 499 
59639 
41281 36 40 89 72 305 279 867 481 116 225 38 54 375 185 40 130 172 134 59 37 97 12 97 121 180 76 24 40 18 22 26 119 293 4 9 44 25 60 49 677 91 8 27 19 55 143 346 71 231 751 137 8 5 229 41 272 32 523 60 165 214 87 110 172 134 59 37 97 12 97 121 384 161 716 165 41 253 172 134 59 37 97 12 97 121 165 48 20 16 162 19 34 300 258 291 5 202 172 134 59 37 97 12 97 121 212 172 134 59 37 97 12 97 121 199 38 13 125 25 200 35 133 160 102 243 227 58 24 116 7 7 170 13 127 304 25 3 30 229 2 34 16 32 49 9 8 39 38 19 70 13 279 45 40 202 24 58 126 214 172 134 59 37 97 12 97 121 
52627 
41662 932 
41539 218 806 23 42 65 12 39 55 70 43 163 10 9 36 4 14 14 54 134 25 572 8 18 53 11 49 10 23 24 161 50 63 49 4117 3006 23 127 64 5 106 64 74 61 44 33 22 15 196 10 52 16 43 12 5613 275 15 8 
41666 2445 3055 156 5527 30 5158 
57542 
41668 1179 3019 11652 11 157 1881 1219 
49076 69 24 102 32 212 
41705 9959 160 
52733 
46362 
41675 5223 13127 
41676 5223 13127 
41677 3051 670 2519 2831 670 1779 670 1579 670 271 670 117 213 410 202 31 227 399 480 455 1455 670 
49555 25 
48939 240 25 3758 1965 
41556 
41345 8133 500 4022 
41743 956 79 250 111 264 221 364 142 27 108 25 4096 3253 427 183 265 1749 3918 118 334 411 505 692 
41290 167 2301 126 1046 99 1804 389 80 209 221 89 3129 99 1207 1143 99 2150 99 842 99 3573 987 99 
52739 
42308 
41136 
41684 
41450 671 
41520 682 821 840 1656 363 789 1383 818 928 8 591 2089 6785 285 138 
41474 10580 
41141 1376 1160 842 952 1497 898 1078 655 533 407 949 351 897 249 952 415 885 941 941 983 642 486 736 871 
45706 
41703 146 1366 927 3813 608 
41716 1009 480 1788 2504 2700 272 544 2449 2249 941 3405 208 1046 
58764 
41722 4778 597 661 999 16 1063 8 14 1701 729 1757 920 3195 499 1795 259 21 
41736 925 147 14 98 161 241 242 36 43 1114 14 9 280 210 426 878 8 34 2853 346 962 14 9 280 210 512 1020 404 14 9 280 210 271 64 1401 14 9 280 210 428 14 9 280 210 477 10 6 400 1190 167 146 17 136 999 598 14 9 280 210 
58781 
41210 1379 127 206 204 1057 313 127 2292 131 720 371 370 391 12 486 29 1218 931 578 518 422 1132 49 18 1050 941 1106 890 10 908 701 278 239 235 113 179 
41480 47 2 78 237 78 119 105 530 532 616 243 32 116 1890 45 1110 99 183 511 520 1118 178 12 2049 75 217 239 6807 558 
41247 1032 1110 3736 7721 2977 372 2005 
41723 4602 1880 
48270 
41167 2535 841 952 1496 905 1071 1193 403 949 1254 246 949 415 885 941 941 984 643 483 737 871 
41726 7138 8864 196 
59215 
41727 26 72 179 1784 2713 1465 10 10 100 24 62 128 103 71 79 91 13 101 16 167 447 993 1216 11 168 490 68 32 6 246 1362 19 32 195 50 14 36 8 3393 601 542 98 237 
41730 339 1733 520 1869 243 592 482 599 162 133 688 33 17 603 2317 31 167 158 214 6163 15 1058 
57708 
47686 
41410 422 1679 
42200 
42025 1400 5286 
41752 1189 921 1481 6020 1112 1337 199 2050 941 4659 
49708 
41430 12969 4586 
41383 1217 4 2207 130 5890 130 2319 130 2119 130 811 130 1598 228 487 2216 130 
41758 
57757 11 13 
41923 4279 1297 6965 
41782 
41783 13442 
41794 
49654 292 
41795 1516 419 3591 5179 
42194 2465 45 1265 4710 45 2404 45 2204 45 896 45 2782 1832 45 
41798 
41802 314 816 29 33 56 127 118 690 36 40 194 72 805 141 582 293 1088 113 2644 389 109 661 141 499 136 166 692 161 654 141 340 522 1246 141 800 141 1793 1113 284 216 454 658 141 
51876 
41810 409 194 189 4167 1280 963 401 5149 7 316 
41811 8621 1 4649 
57807 
42607 4553 55 3265 7669 2348 120 
41144 1376 2 2000 952 4 1493 898 1733 6 934 949 351 1146 952 1300 941 941 983 1128 4 732 871 
41813 413 977 693 5661 3099 168 7980 
41814 379 289 1482 159 825 716 1122 559 95 1745 1139 644 1216 1233 567 22 23 1637 941 653 1352 785 1869 
41931 
60585 
41815 
41816 
42320 
46024 
41818 
41824 2063 1929 250 4371 9145 267 
50046 8578 1251 
41831 
41834 
45560 
44615 6020 2449 2249 941 4659 
42340 
41839 
54383 
42311 
46093 
42385 1261 139 469 1418 395 375 3509 89 16 1692 1112 4954 73 501 114 1048 787 
44711 1370 1032 3618 2449 2249 941 3765 894 
41860 10580 2595 5796 
41861 
42156 10763 7727 
41875 20 576 6426 3146 3165 3614 1069 
46104 
42162 1648 249 3751 3 711 
41878 
41879 1120 4537 2530 1756 731 1727 3740 338 
41884 15774 
57442 16 
41885 1077 847 299 1123 6020 2449 2249 941 4659 
41892 
57455 
41898 538 3482 4438 8257 
41899 2941 2786 15 2020 1199 1799 650 2249 941 1370 3289 
41954 634 116 437 50 270 1002 1271 304 481 800 256 32 689 8927 396 1518 448 41 55 
41900 7878 
41901 240 279 395 625 2276 1002 912 751 3396 37 604 1637 4334 
42053 4183 632 55 7 17 12834 24 880 
41905 703 24 927 1545 854 320 826 171 140 234 741 1033 253 608 840 1821 628 402 1847 941 1741 67 24 102 2725 
41275 784 13 1898 206 5470 4519 5354 942 59 75 
41907 
41888 897 2474 773 1608 2137 286 64 1152 2449 2249 941 284 4375 
41909 3316 2052 890 190 293 333 300 1962 2449 513 33 1703 941 401 2467 1791 
60308 
41914 
41917 203 2448 839 1958 2645 578 839 333 1277 839 1410 839 102 839 251 189 83 1566 160 137 250 31 924 51 178 839 
41920 15974 
41921 7016 1424 8626 131 
43820 62 163 24 283 60 10 26 3937 46 172 72 18 3192 27 19 34 32 27 9 17 36 54 15 49 33 46 25 55 12 79 51 16 20 9 23 14 79 10 7395 
41840 351 157 2050 10736 2315 182 1883 
41926 3750 3975 11005 
50264 2675 
42419 4709 1908 7 117 18 95 136 84 5147 
41927 1168 4635 6720 
44485 5075 468 
41838 81 256 5 3493 981 686 10054 617 2218 147 207 
41928 2370 154 177 2131 854 117 2794 124 1381 10 1058 2249 941 915 197 280 689 918 1124 167 91 278 
58829 
41930 4685 407 180 2296 794 2502 4463 523 2847 
60689 
41935 371 694 4930 362 1260 486 4920 2341 484 2402 
41940 881 670 
52726 
41942 45 33 
42201 66 4096 19 6158 
41944 44 
41959 990 1046 8508 
54304 
46687 
41960 162 1114 274 482 2482 39 2056 5570 3369 988 92 884 
54001 
42181 4443 1682 696 11037 733 
59081 
51877 
42227 1046 1374 2388 495 2669 468 2449 2249 941 4659 
41963 7936 386 
41964 
41223 565 1659 521 100 1657 1342 344 10 106 1883 6 991 97 3793 809 2115 756 1416 
41966 1789 590 3613 841 105 355 9368 
42467 
41724 2524 7312 2487 920 
41975 15 855 40 590 1161 64 1197 836 111 466 208 625 19 117 1369 1008 64 2385 64 1150 239 796 64 877 64 891 823 436 507 416 158 59 106 624 93 482 64 
42244 1300 1689 1263 29 681 575 25 2179 75 1193 2449 2249 941 1642 3017 
41979 
46414 2036 250 1817 2364 5915 7 1975 
42372 
41992 
54469 
42148 2347 1935 155 11459 
41996 3996 
41997 2831 4221 170 247 1382 2449 2249 941 4659 
42001 5400 427 
46872 
42049 9487 70 162 5954 
44516 6015 2197 254 5119 
42432 7218 285 
42002 26 829 1331 432 403 2416 65 21 54 101 34 94 1928 904 403 776 560 327 383 403 817 664 365 403 538 403 1060 1451 201 36 1108 7 2 391 403 
42006 
42007 
42009 
41891 5372 
42012 729 4962 830 3086 941 2264 3621 
42014 630 195 4172 
42015 695 28 615 8267 191 6638 8 
42018 6767 7 1413 11 9831 743 
42022 1716 1963 1026 8 1490 526 4040 5280 2303 
59130 
54787 
42029 
42031 1821 734 691 145 5184 691 145 1613 691 145 1413 691 145 105 691 145 3823 691 145 
42032 1586 670 2113 149 
49487 
42295 565 4463 4471 3066 
43661 
42033 4518 
49339 
47361 11451 
42197 4861 314 237 116 
46027 
42035 1576 1074 6020 2449 2249 941 1469 3190 
42037 
42331 4214 264 
42038 1589 305 1145 460 2854 1283 30 545 848 2449 709 1540 941 890 695 1209 1865 
42042 
42043 5 
42044 49 
46226 
42050 5150 512 2650 1210 5607 28 101 8 69 39 54 104 355 29 12 1367 489 
51494 
42052 
52812 1175 338 
42054 
52983 
42060 
41419 2225 4636 4330 6900 
42062 1325 631 2568 982 10103 318 481 
50312 8725 
42071 8 271 6768 5040 
58078 
42473 7006 2633 2872 3201 
42073 1100 640 258 1500 537 76 25 3695 344 10215 
42082 
42084 12438 
42085 
42088 11 
42089 510 868 379 1958 730 2887 3501 4927 
42094 6826 964 4909 3544 
47865 
41617 984 3563 29 934 17 380 186 1101 3979 2322 4 
42293 66 
49297 694 8357 
41331 446 506 195 10 1368 1969 1481 1174 3101 325 430 261 1439 98 94 53 4078 1534 
42096 3618 4678 4828 1966 
42097 
45590 
42104 3974 
42109 1782 1653 1408 3087 1522 3175 448 4151 1084 
42113 
42115 5157 
45090 51 1263 28 4678 51 435 1963 51 380 1818 51 890 51 4608 51 
42127 1382 4 1252 25 1476 80 45 1071 1020 2303 25 739 878 18 240 549 25 908 700 89 527 25 916 25 731 28 217 542 12 64 839 2201 25 
58241 
42130 7127 243 
57561 2837 41 
42137 254 4130 1438 862 31 882 
42138 1448 9117 7895 
41347 16741 
42149 4200 12621 142 
54414 
44323 15697 343 
42154 283 1627 18 3625 349 475 325 1498 2356 196 2010 
42157 3454 924 10953 844 
42163 15847 15 
42318 
42174 1906 4644 847 4941 33 
42177 1758 1220 113 1458 422 208 2152 1667 113 636 1700 113 1372 764 113 828 113 485 302 638 145 1649 1327 113 
48316 
42224 1799 1241 1519 586 86 83 302 184 273 429 81 972 1505 1113 318 1018 589 224 6 1430 941 624 3154 94 787 
44336 9924 3829 
42252 1814 1232 1030 2527 2463 2449 2249 941 671 3988 
42182 
42183 3722 14590 
42186 2490 3876 2144 2449 2249 941 1689 2970 
42199 
43289 771 
41184 527 95 483 618 931 789 4465 648 907 984 1078 387 2249 941 1552 48 3059 
42203 30 791 30 2 9433 
42216 
42217 
46998 
42222 2210 3591 13 80 72 35 6 23 12 81 572 1463 26 1661 184 2013 414 3690 1681 31 39 410 
42228 3901 3288 1046 4628 19 4241 279 
41414 48 1501 200 416 373 1072 1345 14 4661 2449 964 422 863 941 2391 2268 
42310 7486 66 4532 
42231 7 353 159 3525 5984 148 8009 
42243 5077 2001 2467 
42254 1853 2832 13366 
42265 177 1330 168 110 2598 3218 7531 60 
42405 4153 
42270 708 1979 241 3646 2133 241 1574 634 241 453 1555 241 700 241 913 307 1065 2133 241 
42758 7599 
42273 2185 7497 109 
42286 1907 305 1516 13664 999 
46327 
42291 15566 
42302 
54750 24 
42305 
42307 2307 1646 367 4007 2449 1819 97 333 941 4659 
42313 
44532 6020 2446 2252 941 4659 
42316 
42319 
42321 69 4819 345 4738 545 1668 143 321 32 3263 
42325 7523 
44642 3147 1778 1095 2449 1580 408 261 941 1328 3331 
42328 
60356 
42330 
45291 3931 2089 2449 2249 941 1096 3563 
42343 1112 771 774 698 505 78 70 437 82 3033 145 972 1651 798 2249 941 2840 296 358 7 111 9 3 7 312 88 52 576 
58111 
42345 10026 
45452 6020 2449 2249 941 4659 
42351 10311 1497 
59224 
42353 350 1197 675 1401 901 519 1763 747 689 1990 459 2114 135 941 1144 42 33 418 1078 108 853 418 120 445 
42354 393 435 313 159 1713 386 350 209 353 1585 814 73 2250 701 88 455 272 70 863 668 224 106 197 37 125 892 941 727 905 378 377 176 95 254 1747 
42358 
52893 
42367 
42368 1371 2104 1376 1428 1764 1997 2315 352 3 37 2251 
58631 
44545 
42375 
46306 
41404 
42393 1635 738 6020 2449 2249 941 4659 
60490 
42395 12375 6 4564 1384 
43844 
44038 1756 8192 171 
42397 
47809 1099 654 2839 29 8109 
42398 
42399 
50069 
49011 
41439 
42400 
42404 2396 6020 2449 1297 152 800 941 4659 
44328 5422 8146 3 1445 691 
43249 
42415 
42416 489 1040 3341 56 912 3655 3020 
42417 
42426 6911 2446 
42429 286 403 483 833 13 4 478 122 5 997 7 1058 357 57 287 190 127 633 438 233 130 139 266 130 844 122 5 1336 9 977 122 5 2122 122 5 814 122 5 1019 1864 7 1095 547 122 5 
42780 2105 228 303 1738 1014 618 2119 228 303 1918 228 303 1718 228 303 410 228 303 3435 693 228 303 
42433 39 628 
42441 562 2114 1299 2877 1844 790 385 1274 2249 941 674 2096 459 56 495 879 
42445 1390 244 263 663 7 231 914 17 530 603 18 51 206 1330 86 548 17 1462 7 231 457 513 117 17 26 12 27 494 548 7 231 280 339 379 1013 7 231 703 7 231 676 96 470 228 2443 508 7 231 
42455 1439 20 151 18 851 617 1203 1981 174 791 416 838 2449 1762 487 941 1694 1577 1388 
42462 290 344 64 7262 1232 6307 1848 464 
42464 7755 
54874 78 23 
41218 1029 3565 181 920 245 33 21 501 10537 158 117 19 30 30 197 66 225 782 141 372 
42468 
50262 9902 
42490 3116 592 595 216 13583 
42496 
47100 
42968 
42501 
42503 
42505 1152 6145 8014 
42506 1152 10683 
59889 623 
42507 
48068 
42508 3920 1721 
43502 650 134 2046 1863 1557 5267 3195 
42509 
===Document Endings===
[www.washingtonpost.com/world/national-security/blackwater-founder-held-secret-seychelles-meeting-to-establish-trump-putin-back-channel/2017/04/03/95908a08-1648-11e7-ada0-1489b735b3a3_story.html?utm_term=.b7813ec9e156, 42512, 1381]
[www.washingtonpost.com/world/national-security/national-security-adviser-flynn-discussed-sanctions-with-russian-ambassador-despite-denials-officials-say/2017/02/09/f85b29d6-ee11-11e6-b4ff-ac2cf509efe5_story.html, 43665, 1153]
[www.washingtonpost.com/politics/despite-early-denials-growing-list-of-trump-camp-contacts-with-russians-haunts-white-house/2017/03/03/a5b196d8-002d-11e7-8f41-ea6ed597e4ca_story.html?utm_term=.190c053f59ad, 44515, 850]
[www.washingtonpost.com/world/national-security/obama-administration-announces-measures-to-punish-russia-for-2016-election-interference/2016/12/29/311db9d6-cdde-11e6-a87f-b917067331bb_story.html?utm_term=.53801e025739, 45459, 944]
[www.washingtonpost.com/world/national-security/nearly-the-entire-national-security-establishment-has-rejected-trumpexcept-for-this-man/2016/08/15/d5072d96-5e4b-11e6-8e45-477372e89d78_story.html?utm_term=.84eab3f1affc, 46960, 1501]
[www.washingtonpost.com/world/national-security/trump-and-putin-a-relationship-where-mutual-admiration-is-headed-toward-reality/2016/12/30/f900b3e2-cebd-11e6-b8a2-8c2a61b0436f_story.html?utm_term=.47bd7ae6212e, 47863, 903]
[www.washingtonpost.com/world/national-security/comey-testimony-trump-senate-hearing/2017/06/07/afadf87c-4bd0-11e7-bc1b-fddbd8359dee_story.html?hpid=hp_rhp-top-table-main_comey-845a-blurb%3Ahomepage%2Fstory&amp;utm_term=.2e791d86a61a, 48944, 1081]
[www.washingtonpost.com/local/trafficandcommuting/crash-at-risky-md-crosswalk-kills-teen-on-bike-he-received-for-christmas/2015/12/31/56adeb42-af37-11e5-b820-eea4d64be2a1_story.html?utm_term=.a28dbbe52c98, 49597, 653]
[www.washingtonpost.com/world/national-security/group-of-50-former-gop-national-security-officials-trump-would-be-most-reckless-president-in-american-history/2016/08/08/6715042c-5d9f-11e6-af8e-54aa2e849447_story.html, 50131, 534]
[www.washingtonpost.com/news/powerpost/wp/2016/12/30/trump-praises-putins-response-to-sanctions-calls-russian-leader-very-smart/?hpid=hp_hp-top-table-main_trump-putin-425pm%3Ahomepage%2Fstory&amp;utm_term=.c4ba7cb55b44, 50530, 399]
[www.washingtonpost.com/world/national-security/obama-administration-announces-measures-to-punish-russia-for-2016-election-interference/2016/12/29/311db9d6-cdde-11e6-a87f-b917067331bb_story.html?utm_term=.752f991c86d1, 51479, 949]
[www.washingtonpost.com/world/national-security/fbi-reviewed-flynns-calls-with-russian-ambassador-but-found-nothing-illicit/2017/01/23/aa83879a-e1ae-11e6-a547-5fb9411d332c_story.html?utm_term=.310c7863e30d, 51837, 358]
[www.washingtonpost.com/world/national-security/sessions-spoke-twice-with-russian-ambassador-during-trumps-presidential-campaign-justice-officials-say/2017/03/01/77205eda-feac-11e6-99b4-9e613afeb09f_story.html, 52725, 888]
[www.washingtonpost.com/news/worldviews/wp/2016/12/30/russia-slams-obama-administration-and-cnn-for-lie-that-it-would-shut-american-school-in-moscow/?hpid=hp_hp-top-table-main_russiaschool-11a:homepage/story&amp;utm_term=.d9ae5b901e79, 52981, 256]
[www.washingtonpost.com/world/national-security/obama-administration-announces-measures-to-punish-russia-for-2016-election-interference/2016/12/29/311db9d6-cdde-11e6-a87f-b917067331bb_story.html?tid=a_inl&amp;utm_term=.7cfe81755543, 53928, 947]
[www.washingtonpost.com/world/national-security/us-counterintelligence-officials-are-examining-possible-ties-between-russia-and-trump-associates/2017/01/19/7e10f31c-debd-11e6-918c-99ede3c8cafa_story.html?utm_term=.ad321c14d6bf, 54344, 416]
[www.washingtonpost.com/local/on-the-eastern-shore-a-mysterious-45-acre-russian-compound-is-being-shuttered-by-the-obama-administration/2016/12/30/b6a69c32-cea4-11e6-a747-d03044780a02_story.html?utm_term=.fb9b137ade72, 55235, 891]
[www.washingtonpost.com/world/national-security/obama-administration-announces-measures-to-punish-russia-for-2016-election-interference/2016/12/29/311db9d6-cdde-11e6-a87f-b917067331bb_story.html?utm_term=.1fffd3b544f1, 56177, 942]
[www.washingtonpost.com/world/national-security/obama-administration-announces-measures-to-punish-russia-for-2016-election-interference/2016/12/29/311db9d6-cdde-11e6-a87f-b917067331bb_story.html?utm_term=.9384043992fb, 57118, 941]
[www.washingtonpost.com/world/national-security/intelligence-community-investigating-covert-russian-influence-operations-in-the-united-states/2016/09/04/aec27fa0-7156-11e6-8533-6b0b0ded0253_story.html?utm_term=.6d9ef3404926, 58098, 980]
[www.washingtonpost.com/world/national-security/first-sign-of-enhanced-us-russia-relations-under-trump-an-invite-to-syria-talks/2017/01/13/81d443d6-d9b9-11e6-9f9f-5cdb4b7f8dd7_story.html?utm_term=.d75129090633, 58741, 643]
[www.washingtonpost.com/world/no-survivors-found-after-russian-military-plane-with-92-on-board-crashes-en-route-to-syria/2016/12/25/d4bca3f0-ca7c-11e6-a22f-f4d703887285_story.html?utm_term=.b6912bf6e744, 59210, 469]
[www.washingtonpost.com/world/national-security/trumps-pick-for-national-security-adviser-brings-experience-and-controversy/2016/11/17/0962eb88-ad08-11e6-8b45-f8e493f06fcd_story.html?utm_term=.3f324852ddc3, 59963, 753]
[www.washingtonpost.com/world/national-security/tillerson-set-for-confirmation-hearings-that-are-likely-to-discuss-his-links-with-autocratic-leaders/2017/01/10/090604b0-d76d-11e6-b8b2-cb5164beba6b_story.html?utm_term=.6a41a695ca2a, 60835, 872]
[www.washingtonpost.com/world/national-security/obama-administration-announces-measures-to-punish-russia-for-2016-election-interference/2016/12/29/311db9d6-cdde-11e6-a87f-b917067331bb_story.html?utm_term=.ed2d79ed0dbf, 61777, 942]
