===STATS===
unique words: 3639
number words: 20308
number docs: 23
===========
80862 
81007 
80890 729 
82082 
81902 
80687 
82041 
81152 
81026 6 
81573 
80703 
80705 
81146 
80704 
80729 
81985 
80740 
81190 
80799 
80745 
81210 
80897 
80774 
81272 
81397 
80985 
80949 
80754 
82080 
80940 
80735 
82074 
81439 
80823 
81431 
80814 78 496 
80670 
80999 42 
81368 
80697 
80865 
80878 
80839 
82046 
80944 
81424 31 276 
80847 
80852 774 
81047 
81345 
81490 
80743 17 6 376 6 33 535 14 19 7 41 15 6 10 210 15 
81477 
80665 
80883 
81916 
80698 
81514 
81528 
80914 
80734 
80781 706 347 
81358 
80791 
80997 
81006 745 200 
80932 
81010 
81002 
80941 
80960 
80872 
81059 
80758 
81066 
80938 
81555 
82057 
82077 
81198 
80849 
80795 890 167 
81147 33 578 25 34 235 
80840 
81145 
81165 
81400 
81273 
81280 334 
81282 
81413 
81421 
81467 
81472 74 82 
81494 
81939 
81572 
81924 
81523 
81550 
81568 
81678 
81588 
81726 
81651 
81616 132 
81632 
81663 
81696 
81680 
81695 
81717 
81764 
81765 
81769 
81778 
81781 
81792 
81826 
80733 
81890 4 16 
81942 
81975 
79477 
79476 
79446 1868 
79289 
78933 
79148 225 
79263 30 25 
78955 
78937 
78969 
78949 
78959 
79401 
78950 
79040 80 20 68 52 30 82 18 
78971 
78952 
78972 
78967 
78973 
81430 
78939 
79170 
79028 90 271 
78936 
78970 
78976 
79134 
78930 
78990 
79189 
78947 
79016 
78968 
79058 
79072 159 
79079 
79450 
78953 
79074 
79395 
79223 
79150 310 
79336 21 12 17 80 
79141 184 136 
79117 
79149 
79156 
79157 
81736 
79158 
81092 315 
79455 
79171 
79178 
79210 
79213 
79215 
79225 86 
79227 
79312 
79247 2090 
79359 106 
79374 
79409 
79418 
79431 
79435 
79445 
79448 
77742 1736 
77858 1736 
80915 
78291 7 11 26 1692 7 11 26 
77753 1736 
77748 1736 
77766 1736 
78443 1736 
77758 1736 1185 
77947 1736 1630 
77763 1736 
77780 1736 
77776 
77779 1736 
77757 1736 
78726 1736 
77941 1736 
77863 1736 
77794 1736 1829 
77755 1736 
78386 1736 
78128 1736 
78294 27 1709 27 
77761 1736 
78893 1736 
78126 311 1425 311 
77810 1736 
77767 1736 
78605 1736 859 
78599 1736 
77821 1736 
77948 1736 1631 
77752 1736 
77829 1736 
77786 1736 
78111 1736 
78159 1736 
78305 1736 901 
77972 1736 
78116 1736 
77845 1736 
77771 1736 
77856 1736 
78394 199 1537 199 491 
81510 
78214 69 1667 69 
77743 1736 
78056 1736 
77746 1736 
77900 1736 
78052 1736 
77783 1736 
78616 1736 
78037 1736 
77756 1736 
78121 1736 
78167 1736 
77945 1736 
78206 1736 
78282 1736 1675 
78120 1736 
77807 1736 
77923 113 151 15 17 62 31 20 1327 113 151 15 17 62 31 20 1835 92 
77852 1736 
77760 1736 
78048 1736 
78646 1736 
78054 1736 2066 
78062 1736 
78480 1736 
78673 1736 964 
78297 1736 
78241 1736 
78135 1736 
78137 1736 
78138 1736 
78123 1736 
78053 1736 2062 
78146 1736 
78153 1736 
78634 1736 1658 
78211 836 900 
78216 1736 
78869 1736 
78712 1736 
77873 1736 
77781 1736 1184 
78290 1736 
77890 1736 
78303 1736 
78322 709 397 630 
77931 1736 
78331 1736 
78373 1736 
80689 
81855 
78382 1736 
78381 1736 820 
78401 1736 
78410 1736 
78414 1736 
78416 1736 
78420 1736 
78624 1736 
78483 1736 
78488 1736 
78771 1736 
78493 1736 
78496 5 23 1708 5 23 
78602 1736 
78604 1736 
78617 1736 1087 
78625 496 1240 
78925 1736 
78657 1736 
78723 1736 
77897 1736 
78770 1736 
78803 1736 
78856 1736 
78867 1736 
78577 1736 
78874 1736 
78907 1736 
78921 1736 
78926 1736 
76836 
76870 313 
76929 112 122 
77148 19 467 
76861 
77416 207 
76866 
76837 
77652 
76889 4155 
77026 
76851 
76997 
76853 
76993 121 
76831 
77571 
77064 
76855 
81683 
77056 
76864 
76830 
77006 
77010 39 54 512 62 4244 
77011 
77577 
77015 664 
76863 
77057 261 
77291 
78436 1736 
76847 
77620 
77085 40 22 8 11 453 14 42 
76849 1 
77146 
77153 
77033 51 559 
81770 
77037 
77168 17 14 2216 
77381 283 
77405 
77492 
76862 
77284 
77285 4319 
77007 2136 186 123 
77293 
77319 
77328 
77349 
76995 
77514 
77362 5 1737 
77205 
77527 
77475 5 
77483 
76844 
77701 
76222 
76197 
76196 
75228 
77334 67 3512 
75115 
81636 
74772 2121 330 514 
74699 5985 
74765 
74700 
74701 
74707 
74687 5985 
74851 
74841 
74952 130 3070 1736 
74723 
74994 
74828 
74995 35 
74718 
79305 
74862 
74725 
74902 
74733 71 
74914 6518 203 102 
74746 
74740 
74741 6354 468 
74696 
74747 6465 
74760 
75089 3065 1736 
74702 
75075 3461 1736 
74688 
81139 
74941 
74846 
74767 6268 
74722 5984 
74786 
74930 
74774 
74830 
74919 
74794 
74800 
74957 
74807 
75196 
79302 
74820 3118 1736 
75224 
75153 
74835 
74844 
74724 
74768 6268 
74814 
74720 
74871 
74886 
74744 
74789 399 
74920 3047 1736 
79619 
77232 
74928 
75197 
74936 125 
74955 
74974 
79464 
74991 5989 
74992 
80727 
75048 
76848 
75060 
75066 
75070 
75125 
75131 5693 
75134 
75169 
75180 
75185 
75189 2666 309 264 10 1153 309 264 10 
75194 2082 30 
78419 1736 
74489 2143 
74094 2143 5033 36 
74137 2143 
74377 2143 
74071 2143 
74260 2143 
74594 2143 4737 
74584 25 46 2072 25 46 
74073 2143 
74084 2143 
74458 2143 
74141 2143 
74556 2143 
74391 2143 
74079 
74390 2143 
77744 1736 1188 
74481 2143 
74336 2143 
74085 2143 
75968 
74198 2143 
74682 2143 
74160 2143 1149 1330 579 1157 
74170 2143 
74267 914 1229 
74091 2143 
74654 2143 
74434 2143 
74440 2143 1372 1736 1633 
74441 2143 1372 1736 1633 
74278 47 2096 47 
74676 2143 
74294 377 1766 377 
74332 2143 
74364 524 1619 
74368 2143 
74679 2143 
74442 2143 1372 1736 1633 
74559 2143 
74478 2143 
74487 2143 
74522 2143 4995 
74527 2143 
77402 
74534 2143 
74539 2143 
74571 2143 
74672 2143 
73784 50 2 18 
73919 
73934 
73736 
73703 
78962 
76946 46 690 
73846 
73707 
73688 
73886 
73717 
73722 
77370 
73719 
73724 
74037 
73801 372 2143 
73725 
74038 
73701 
73807 7556 
73710 
73847 
73986 
73695 
73744 
73870 
73815 60 39 644 2143 
74030 
73976 3913 310 347 10 1069 310 347 10 
73838 7 34 
73716 
73786 83 14 16 
73885 
73898 
73907 
73908 
73980 
73928 
73972 
73998 
78435 1736 
73999 
74052 
72773 
73977 
71759 
71762 
71839 
81422 60 35 254 
74927 
71757 
71758 
71790 
71185 985 
70785 986 
70754 
70804 
70762 
71158 550 435 550 5383 1736 
71461 58 55 872 58 55 
70761 
71581 985 6810 
70765 
70994 986 
71346 985 
71186 985 
71452 985 
70769 
71543 985 
70758 
71361 210 775 210 
70757 
78094 1736 
70958 484 502 483 9547 
71123 986 
70954 986 
70784 986 
71498 985 
71415 985 
70799 986 
70795 986 
71001 986 5103 9 2102 
81687 
70807 986 
71203 985 
70822 986 
81639 
71675 985 1889 2143 
70788 986 
70832 986 
71364 985 
71236 985 
70768 
71669 15 970 15 1813 2143 
70912 986 
71643 42 943 42 
74706 
70973 986 
71468 985 9464 
71711 985 
70821 986 
76845 
71017 986 
71209 985 
70834 986 6765 53 1683 53 1658 
70790 986 
77784 1736 
70777 
71595 985 6477 340 
70941 986 3247 
70952 986 
70776 
70856 561 425 560 9451 
71161 985 
70927 986 
70770 
71289 985 1774 4259 511 250 275 700 511 
71014 986 5369 863 1736 
71261 985 2366 2143 442 1579 1736 
77488 
70767 
71019 986 
71020 986 
71680 985 
77246 
71709 985 
70805 986 
70775 
71480 243 23 719 243 23 
71052 986 
70760 9909 
71376 985 2317 2143 1714 1736 
71208 985 
71088 986 
71100 986 
71105 986 
71207 985 
71418 985 
70811 986 
70783 986 
75223 
71430 985 
71113 986 5872 1736 
71224 985 
78849 1736 
71228 985 
71229 985 
71279 985 5932 181 253 1302 181 253 1643 
71122 986 
71310 985 
71654 985 4848 
71363 985 2746 
71365 359 626 359 5680 695 13 1028 805 1070 
71366 985 
71368 985 
71375 985 
71394 985 
71725 985 
71463 985 
71464 985 
71469 2 983 2 
71475 985 
77785 1736 
71486 985 9429 
71488 985 
71496 985 
71544 985 
71550 985 
71553 985 1311 
71603 985 
71565 985 
78495 1736 
71609 985 
71642 985 
71653 985 
71668 985 5578 1736 
71729 985 
71735 985 
71744 985 1220 8 
71750 985 
76832 
69917 800 2133 801 
70166 574 2360 574 
69829 2930 946 5252 1 1728 
78775 1736 1334 30 
70548 941 985 1008 1560 
69826 2930 940 
69901 2933 
78766 1736 
69835 2930 7927 
69964 2933 
69895 26 384 42 36 66 271 595 985 528 26 385 42 36 66 271 4944 1736 892 
69811 2931 
69976 44 709 2180 44 710 7500 908 
69985 2933 
69926 727 354 986 866 728 
81023 
69966 1680 985 268 
69832 2930 
70299 30 2904 30 574 
69875 2933 
69885 2933 
69863 490 2443 491 
72769 1945 
70189 1130 8 977 8 811 628 31 3 
70690 2934 
70425 2934 
69845 2933 
70131 2933 1568 414 1729 
69842 2933 946 
70442 2934 
71404 269 76 640 269 76 
69940 2933 8564 
69924 70 337 41 2485 70 338 41 449 
69825 2930 
69988 172 131 31 18 74 62 226 2219 173 131 31 18 74 62 226 117 22 13 2 28 33 62 40 28 
70676 2934 
77778 1736 
77605 
69904 2933 7916 
69821 2930 
70213 2934 4834 1736 1616 
70058 31 2902 31 
74842 
70157 2934 
70534 2934 
70076 10 2923 10 4900 116 357 191 1072 116 357 191 1084 
70129 2933 
80671 
70289 2934 
69992 285 2648 286 3900 
69986 296 98 239 124 2176 297 98 239 124 
70045 2933 
70038 2933 
70001 2933 
69812 
70006 2933 8564 
69847 2933 
70029 2933 
70034 2933 
79283 
70037 2933 
70068 2933 4628 1649 105 39 
81806 
74694 
70064 2933 
70065 5 2928 5 
70069 2933 
70079 2933 4682 
70520 2934 
70230 23 159 2752 23 159 
70444 116 2818 116 345 
69840 
69820 2930 949 
70759 
70529 2934 
71624 985 
69884 436 2497 437 5188 1736 1508 
70098 2933 
70114 2933 
70122 2933 
70013 2933 
70755 
70174 2934 5649 1736 
79203 213 
70575 2934 5489 8 157 190 11 
70121 2933 
70614 2934 
70144 1027 985 922 
70146 1027 985 922 
70300 971 985 978 3641 2127 117 125 199 
70154 2934 
70055 2933 
70375 2934 4590 1736 1624 
81891 
70191 2934 
80838 
70176 2934 
70567 2934 
70226 141 2793 141 1166 2143 4594 
70519 226 2708 226 994 2143 
79441 
70145 1027 985 922 
70361 105 2829 105 399 23 79 50 
70578 2934 
70470 2934 
70371 8 2926 8 493 7426 
70294 151 90 193 2500 151 90 193 178 
70565 2934 
69852 316 2617 317 
81804 
70317 2934 
70321 34 100 9 45 59 37 53 2597 34 100 9 45 59 37 53 
70269 2934 
70343 137 110 2687 137 110 273 23 83 
74710 
74074 2143 
70344 18 105 14 110 2687 18 105 14 110 273 2 21 2 79 2 48 
70377 2934 492 
70585 2934 3972 
80688 
69824 2930 
70526 2934 
70536 2934 
70538 2934 
70547 2934 
70549 2934 
70550 2934 
75138 
70555 2934 
70561 2934 
70588 2934 
70592 1106 985 843 433 5129 323 
70625 2934 4770 1736 
70627 2934 762 2143 
70632 2934 
70646 2934 
70656 2934 1219 9 
70666 2934 
70514 2934 4838 99 1637 99 796 
70667 1029 985 920 1607 2629 24 273 1439 24 273 
70681 2934 
70682 2934 7291 782 
70704 2934 
71094 986 6259 1736 
70750 2934 
69102 
69789 5049 
80790 
69232 
69392 
81953 
80793 
69377 
77565 
69122 
71367 985 
69321 8981 1736 
69181 32 51 157 158 5 
75088 
69196 
77161 
69401 5649 
69117 
69250 5502 4441 27 
69136 
69258 9 
69137 
69513 9475 36 90 163 
70446 2934 
69711 246 50 2883 50 
74626 2143 
69124 
69206 
69448 2185 985 2522 1996 
70751 2934 
69152 
69281 
69112 
69354 
69245 1419 2934 4038 14 
69132 
69288 
69110 
69219 8 6 426 9723 
78935 
69138 
69745 
78218 1736 
69104 
69475 12524 
71239 985 5108 
69346 
69188 1905 986 
69655 29 
69189 
69273 
69125 
69694 691 2934 1096 2143 
69638 4540 2143 
69195 
69384 
69116 
69512 1149 2934 
69393 
69677 
75064 7 3324 202 1534 202 1051 36 14 220 
69743 839 2934 1627 3019 260 237 231 1008 260 237 231 1154 
69305 
69265 
69347 7870 
69360 
69290 65 117 6 280 
69578 45 
69278 283 9 171 9398 231 34 29 36 
69668 962 2934 
69282 
69283 
69284 
69301 
69348 
69296 162 52 766 2934 
70651 2934 
69600 1800 21 964 21 
69854 2933 
69308 1080 2934 
69423 5461 
69198 10078 
69662 
69324 10 
69667 46 11461 
69543 
79014 
69687 11980 
69389 
78106 1736 
69390 
69395 
69396 2321 985 
69231 
79221 
69400 
69100 
69427 
69439 
69746 
69450 5584 
69705 
69460 11869 
69738 
69201 12294 162 7 50 15 9 
70554 2934 
69473 
69474 51 
69505 229 8439 1736 1497 
69507 
70680 2934 
69650 4578 2143 
69440 1968 985 
69097 
79512 
69577 
69593 50 
69120 
69598 
69606 
69607 40 
69103 
69135 
69649 
69676 
69558 
69608 
69722 4404 3 2140 3 
69808 
68883 7096 
68180 6869 228 
68142 7097 
75186 
68144 7097 
68146 7097 
68147 2646 986 3465 
68603 7096 
68160 7097 
68141 5559 1538 
68158 7097 
68487 7096 4373 
70744 2934 
68538 7096 
68937 7096 
68164 7097 
68157 
68660 2076 255 986 1693 2086 
68166 7097 
68175 7097 2276 30 3398 
68168 7097 
78963 
69844 2933 
68365 7096 
68317 1277 4782 185 852 1106 185 4101 
68137 7097 
68887 7096 
68216 474 1180 61 197 24 21 962 212 153 620 212 153 318 61 197 25 21 667 18 36 1484 474 
68673 7096 
75110 
68152 7097 
68228 6900 196 6692 
70644 2934 
68138 7097 
69433 
68484 7096 
80667 
78057 1736 
68782 7096 2509 1736 868 
68265 7096 
75114 
68480 7096 
68167 7097 
69054 4737 2359 
69061 2085 985 4026 2682 1736 
68483 7096 
68908 7096 1480 
68269 7096 
68326 7096 2383 603 1133 603 
68241 728 45 11 6312 728 45 11 
68151 7097 
68907 7096 
68161 7097 
68279 7096 
68559 7096 
68509 7096 
68143 7097 
74416 2143 
68734 2813 985 3298 
68508 7096 
69034 1990 986 4120 5286 
68307 7096 
68280 7096 
68329 367 6729 367 3408 
68345 7096 
68389 7096 
68947 7096 
68377 2720 986 3390 
68266 7096 
68341 7096 
68139 7097 
68412 5455 1641 
74695 
69094 7096 
68494 7096 
68338 7096 6070 
68650 7096 
68439 7096 
68440 7096 
68293 5598 1498 
68733 2273 710 276 709 3128 
68436 7096 
68466 589 2429 985 1764 1329 589 225 2627 
74883 7185 
68472 7096 
69044 7096 
68490 7096 
78447 1736 
69459 
68496 7096 
68502 7096 
68503 15 14 282 6785 15 14 282 
68506 7096 
68517 7096 
68540 7096 3011 620 1116 
68563 7096 
68591 7096 3011 1736 
68246 7096 
69133 
68577 7096 5914 
68592 417 1127 798 559 427 558 592 2618 417 
70891 986 
68242 7096 
68569 345 1066 2933 1573 188 991 345 619 188 2389 
68694 7096 
68716 2121 129 77 780 129 77 3783 
68403 7096 3809 162 
68727 7096 
68438 7096 
79273 
68747 7096 
68328 571 6525 571 
78404 1736 1614 
68607 254 57 2346 985 3454 254 57 
68548 7096 5113 
78084 1736 
78029 141 65 17 26 45 36 1406 141 65 17 26 45 36 1893 
68784 7096 
68795 591 6505 
70634 2934 969 2143 
68807 7096 
68823 2711 985 3400 
68824 2711 985 3400 
68858 2588 57 15 54 1 858 57 15 54 1 3396 
74432 2143 
69742 
68888 2044 986 4066 
68938 2196 206 779 206 3709 
74007 
68959 4849 2247 
68962 7096 
69026 7096 
70264 9 434 2491 9 434 
69030 7096 
69046 104 80 6912 
69053 2198 985 3913 
70771 
69058 2085 985 4026 2682 1736 
69071 1485 761 985 1188 2677 
69079 7096 
69085 7096 2009 1736 
67743 519 7096 2172 3606 
68077 585 1914 2934 1414 834 2435 1073 88 44 531 1616 
77088 1119 1736 
67413 
67497 29 17 8 43 22 4 8 34 80 25 17 28 22 10 23 3 15 26 15 15 53 11 17 8 9 40 6 26 12 
81674 
67423 11522 
67438 
67466 369 
67873 9050 15 
67736 
74213 2143 
67758 195 26 1258 100 2051 985 6725 13 44 152 31 70 31 
68091 
67470 53 11176 1736 
78891 1736 
67737 
67449 3360 986 
78415 1736 
68059 511 7096 2130 1736 
79447 
75207 6295 
67419 
68094 
67615 13996 
67437 
67450 
67454 
74967 
67749 2654 2934 
67424 
74911 
67552 
74349 2143 
67452 
67455 
78243 29 45 20 1642 29 45 20 
67860 
70559 2934 
67441 
67430 
67489 75 46 19 270 222 1417 3 
67447 11519 
67505 798 7096 
71589 985 
68015 
67457 
79341 
67785 
71745 985 
67453 11522 
67838 12883 811 
81907 
67517 2219 
67410 
67535 
67712 6719 2143 5270 
82012 
67865 
67428 
71738 985 
67646 3350 986 1756 29 248 2885 
67555 4065 985 4745 
67433 
67492 432 6980 
81863 161 
69557 
67558 677 351 181 76 845 1345 43 943 43 3269 351 181 76 
68040 
67412 
68886 814 6282 
67794 29 20 64 
71252 985 
67429 11525 
67448 
75220 
67959 
67992 
67596 2352 74 30 2829 74 30 1404 2143 2768 
67752 10806 1736 
68035 
77747 1736 
67409 11520 
67416 
68043 504 856 1754 985 3501 1514 918 1736 
67635 904 1994 2934 426 1742 
67576 325 
67451 
67521 
69605 73 
67642 
70438 2934 595 
67415 11523 
68367 7096 
67519 494 
67677 
67534 
67411 4350 
78289 1736 
67688 
67425 
67690 1308 7096 
67713 
67427 
68004 6045 
67733 9306 
68075 
69685 
67789 80 7292 
77879 1736 
67701 98 172 703 159 2744 985 3208 159 957 643 13 
67858 10017 1736 
81067 193 
78301 1736 
67818 6 
68087 
67819 6 
70764 
68058 37 5929 29 
67985 
67580 
67769 1379 44 246 117 72 2 96 4443 136 2007 136 766 
77762 1736 
67933 163 723 7096 3070 122 
67738 
68084 
67903 3663 985 5832 1736 
69270 996 443 2491 443 
67893 
67927 15 6590 2143 
67715 
78320 1736 
68009 3500 985 6692 
67952 382 7096 5583 
67956 9942 1736 1893 
67969 
78440 73 1663 73 
67991 
67809 469 198 117 2605 985 3191 198 117 
68002 84 2 
68007 
67862 112 1580 1925 985 8854 
68006 
68149 7097 
67714 
67621 
68036 10438 1736 
67496 
68064 421 7096 3019 1736 467 
68067 
68117 
66507 1216 403 2054 2934 
66171 639 1910 19 2789 985 3303 19 
69369 235 160 
66480 3154 144 5207 4140 
66013 
66022 
69730 
67239 
66448 
66642 
66016 
67272 
66038 
67124 
66864 145 
66052 
67311 7547 
67180 7843 3001 579 1157 579 472 492 
67220 
79233 
66631 852 59 119 80 7167 
67235 
66063 
81848 
67290 
66323 
66031 
71216 985 
66624 
66282 718 7134 2143 1462 
66157 
67366 
66058 
66206 23 1076 5 975 489 51 847 1729 985 1608 154 1233 489 51 370 934 1496 388 1348 454 394 6 
66796 14796 
66256 3419 7 
80994 
66627 590 2786 2933 
66870 
66111 5445 985 2420 
67014 
80866 
66018 
66811 
66535 
66749 
66079 421 251 
66577 
66848 
66270 
68854 603 52 766 210 902 196 789 196 641 210 2531 5803 
66106 
67436 
66355 6 
67289 10838 1736 
74618 2143 
71101 16 970 16 
66287 359 7671 70 164 1909 70 164 
66861 
66017 
66043 
66020 
70416 62 2872 62 1793 2348 
66259 
66107 45 548 162 146 30 
81093 
66112 745 11290 61 76 1599 61 76 
66035 
66039 
67128 888 
66014 
67327 
69101 
67227 
67152 3365 2934 1760 3789 
66160 
66126 196 66 
66174 1619 1757 966 429 280 706 279 1240 4377 606 110 1020 606 110 
78487 1736 
66029 
66085 
66172 191 531 2262 5188 815 1328 822 3829 
66712 
66419 1769 3349 985 2762 
66181 
66187 1741 
66552 2677 7892 2121 
79154 
75200 
66213 735 2 61 
66205 10919 19 
67914 
66211 5209 985 
67317 
76937 768 3 
66221 8332 2143 732 11 466 1736 
66944 
66212 
66711 
66055 
66032 
66234 3551 
67160 
66239 706 2065 156 6940 2153 1736 
66257 
77082 58 508 
66283 183 14489 
66474 
66385 70 2633 7096 
81784 
66280 
66349 
66297 8311 2143 
66576 3 180 1135 1058 7096 
66307 652 11357 1736 
66314 2584 48 2174 986 3888 48 4755 
66602 
78822 1736 
66625 485 7256 2143 1360 1736 
67149 
66562 367 3634 2934 8364 
66329 55 11428 1736 
66350 1240 
66021 
66858 1046 
66367 461 635 109 466 3391 307 678 307 6417 
67114 
66015 
66395 12089 1736 1849 
80731 
66997 
67300 
66405 1 9 11607 1736 1228 
66745 
66633 12699 24 
66420 
66493 544 1727 7096 
66387 40 5326 985 4987 
66101 238 236 2991 4657 287 1856 287 
66445 
66727 
69613 
66567 
77336 
66454 5041 985 
66061 
66158 318 
66497 45 491 6 
66501 
69823 2930 
66062 
66515 1753 1120 5976 
66516 
66597 
67005 
66518 
67069 13890 
67258 14545 
66523 520 1190 560 633 792 2934 2177 560 
66525 511 
66374 77 
66744 79 1400 2781 986 3329 6548 
66531 
70903 986 
66113 
66036 
66538 1345 3338 985 2739 3664 1736 
66034 
75013 
66876 
66539 4450 986 
67294 
66667 
67154 1029 140 45 16 153 41 17 6684 140 45 16 153 41 17 3630 1553 
81673 
67301 13558 932 
66634 
74631 2143 
66641 10727 4 
66865 12 39 94 294 
66655 7841 2143 
66674 
66676 
66977 3273 5 2929 5 923 454 1689 454 846 1265 1736 
68159 7097 
66678 
66679 
67373 431 6581 2143 
67363 
66694 4581 985 
66703 
66717 
78768 1736 
66739 67 
66743 
66754 
66755 
69553 7839 
67330 2339 8004 
74826 
66769 
66779 3461 2934 3778 
66787 
66794 
66821 
66831 3622 2934 625 307 2143 1257 
66836 273 
66838 2382 
66849 26 43 53 2 
66851 90 38 317 
66880 1852 44 1763 770 126 14 244 601 126 14 244 795 2355 44 
66883 
78576 1736 
71099 986 
66885 
75078 
66887 4832 985 
67137 2560 
70130 265 44 2624 266 44 597 
70018 2933 
66898 4404 985 6978 
66904 
66915 
66978 
66987 1885 2186 986 
66994 689 2172 685 53 2195 686 53 4391 1736 
67001 
67382 10993 1736 662 609 166 263 2 8 
67046 3185 187 210 2537 187 210 3388 8 417 4122 
71353 985 
67047 
67057 
67351 
70772 
67071 12264 23 109 
67076 
67086 3600 2934 4602 1736 
75254 
67094 13708 
69027 7096 
67104 11229 1736 
67118 
66316 672 
67142 10229 
67153 
67155 7475 2143 5041 
67166 
67213 
67214 
67263 
67286 
67302 
78951 
67306 2224 
67313 11447 1736 
67316 
70527 2934 
67435 6634 2143 628 
67324 
66397 3166 
67326 
67600 216 13 2288 253 16 10 1254 985 415 254 16 10 475 58 21 1114 6233 
67399 13787 
74186 2143 
67339 
67341 9737 4665 
67349 
67350 14 15 
65402 10791 1552 1736 
77378 
65398 6362 
65399 
80778 
65403 
65404 10790 
65432 
64987 615 4018 8552 1736 
64818 615 4408 967 986 980 946 
65035 615 8602 2143 
78931 
65264 615 
64808 615 
66333 1889 499 2301 986 3310 499 
64810 615 
65196 615 828 505 3287 100 2834 100 914 2143 1345 1736 
66852 90 355 
65115 232 383 232 5656 985 8673 
76976 2 279 25 4 1463 1736 
75008 
64799 615 
64812 615 
69371 46 4952 2143 
65385 615 457 1079 218 1288 7096 
78614 582 33 1121 
65068 615 
65248 64 551 64 
64957 615 
65251 62 553 62 5624 985 
65369 615 
65298 37 578 37 
64821 615 
64920 615 
77338 2055 
64820 615 
70798 986 
64828 356 259 356 9380 3063 1736 1261 
64908 615 9532 
65245 615 
64928 615 
66946 1378 285 2322 986 2089 1414 285 2555 324 1412 324 1333 
65135 615 1441 1535 1751 2934 1210 1201 942 2537 2396 
78249 1736 
65388 615 1003 8148 
64804 615 8644 2143 
64797 615 
65181 615 
70044 2933 
64841 502 113 502 4715 934 985 1015 
64822 615 8643 2143 1559 1736 
65150 615 1005 7725 28 2115 28 5055 
64893 615 6155 985 6584 
73708 
64865 123 304 188 123 304 417 659 76 344 76 634 195 23 220 219 5209 645 780 23 220 219 901 281 6 37 1688 366 1370 702 
64879 615 
64964 615 523 238 141 1150 754 5632 389 1075 1068 379 2155 11 237 1486 70 525 
64870 615 
66589 277 526 606 2273 2934 3804 
64852 240 375 240 5254 986 5390 3481 33 541 231 
64798 615 
65063 615 
74719 
64851 615 
64890 615 5762 157 828 157 1686 2143 
65281 615 
64910 615 
64958 615 8973 2143 
65146 615 2516 7096 5895 
65156 615 
66424 
65127 170 445 170 8559 2143 
64824 615 8642 2143 
69113 
64800 615 8646 2143 1555 1736 
64984 615 923 
64913 615 12503 509 1227 509 
64949 615 
71102 986 
64915 615 
74743 
64929 285 330 285 8678 2143 737 
64878 615 8640 2143 
64902 615 2605 843 54 2732 985 1623 138 1564 54 387 138 1464 591 326 250 569 591 1448 
64819 615 
64807 615 
78462 1736 
66638 
64790 611 8654 
64960 615 
65096 255 360 255 12563 1736 
64966 615 
64918 615 
64891 615 2515 12689 
65051 615 
81633 
65026 615 
74962 146 6534 
64967 615 
64999 615 4255 42 348 2543 42 349 1219 124 580 1439 124 1145 79 24 552 265 816 79 24 552 265 809 
66092 252 485 
65216 615 8434 2143 5542 
69060 2085 985 4026 2682 1736 
65236 615 
65004 138 154 85 238 138 154 85 4667 2934 1524 3018 736 1000 736 
67308 
65010 615 4045 4326 655 2143 753 
64950 615 1701 7495 3351 1736 1331 885 
74070 2143 
65170 615 664 3712 2934 
65133 615 1581 
81379 
64956 615 1137 2227 2030 986 1899 2181 5126 
65025 615 919 123 48 1065 
65034 615 9031 2143 
64923 615 
65375 615 
65036 615 
68639 7096 
64959 615 
65137 615 
65052 615 9164 
64883 615 1124 1580 48 110 190 5699 1049 48 110 190 746 1412 986 750 986 1065 
65168 615 
68743 7096 
65080 615 9090 6019 
65211 615 861 17 113 285 4116 985 1910 127 131 169 121 1595 127 131 169 121 4153 240 746 
65091 615 
76842 
65390 615 
65095 615 1307 79 79 10 534 2793 621 985 1328 7538 80 
67768 
65261 615 
71445 57 928 57 6504 38 397 
65103 615 2513 836 5534 266 460 836 581 501 
65189 615 
78960 
65113 615 
70564 334 416 17 553 415 17 1182 
66284 
65117 615 1114 8280 
65267 43 572 43 
65373 615 
65208 615 2963 516 5623 957 2800 330 163 1243 428 288 
65155 215 400 215 13365 2204 
64844 253 23 28 179 132 253 23 28 179 1814 7025 190 152 95 1954 645 94 136 94 389 56 82 118 767 94 136 94 389 56 82 118 638 215 
66926 
65393 615 5123 
64919 615 
77770 1736 
65177 615 1569 47 6872 2143 1822 194 73 1469 194 73 1069 
71710 985 
69807 
65190 615 
65194 615 13111 1736 
65195 615 
69889 2933 
64805 615 
65203 615 
65185 7 1 607 7 1 
68468 7096 2332 1736 
65210 615 
65212 615 15425 
65213 615 8670 2143 4075 
65219 615 11261 
65191 615 
65227 615 
65235 615 8292 5 2138 5 
67422 6643 2143 4467 
65242 615 
75171 
73711 
65243 102 513 102 4714 930 15 95 875 15 95 909 3743 5 18 104 473 805 931 805 1372 161 
64991 53 562 53 
65247 615 
65256 53 562 53 2583 5824 129 1143 871 129 2112 1736 
70163 898 531 455 530 520 5069 1089 647 1922 
69199 11 26 100 20 14 46 31 4 28 47 33 27 23 39 12 72 7 20 
65257 615 
65056 615 1112 841 1908 7536 3 2 293 675 485 1251 485 1585 
65226 615 15112 
65265 615 
65268 615 8883 236 3210 1736 1121 877 
67063 32 34 11910 159 19 62 87 
65273 615 12977 1736 
65276 615 5504 985 2570 130 3068 61 1675 61 1491 
69954 2933 
65279 615 
67649 
65293 24 591 24 2602 2330 986 2767 1013 1130 2299 341 
64861 64 551 64 
65311 615 
68287 7096 
65315 615 
73697 
65089 615 2202 1682 4443 
64905 615 2037 394 1845 
65334 615 
65071 615 5963 985 1608 2143 
65342 615 4715 934 985 1015 4969 1736 
80676 
67292 
65354 615 
64873 615 
65384 615 8607 2143 279 3988 
67125 
65394 615 
66046 
63296 14445 1734 
67495 1878 396 1612 985 6678 
64701 
64855 615 
64758 
63388 1202 14214 1736 
64478 
63805 901 3406 2925 42 33 418 493 42 33 417 2230 262 2956 107 1065 564 107 
74295 2143 
63561 3911 449 7123 85 3714 1736 471 29 761 
81669 
63400 537 76 25 4152 1762 2933 1352 1049 1094 733 904 70 631 1035 70 631 511 
63327 
68429 7096 
64573 
63334 
64052 14698 1736 
81679 15 
64122 
63309 
63428 
73689 
63326 
63329 
64382 261 4 
64278 28 127 90 2318 174 1269 719 5487 479 53 358 719 534 
63337 
63646 
67944 
64381 261 4 
64210 9785 5301 
64603 
75029 
63971 
68970 7096 2314 181 1555 181 
64482 9817 2143 
63360 3 11537 
63469 
64166 2590 
63313 1490 615 8644 2143 
70791 986 
63721 548 276 13632 1736 1192 
63364 
68336 1186 360 2933 2617 
64021 
64035 
71168 985 
63376 
64753 
63341 
63371 8116 985 9203 
63374 
64274 
64078 17345 
64853 240 375 240 3657 54 1543 653 333 652 6622 1597 574 231 
63377 6144 3 394 2933 2250 8 21 25 3901 6 23 7 122 23 12 1463 263 26 41 
63798 3115 3009 2933 4143 698 455 1736 
63317 
70645 2934 
64389 2604 56 13804 
64705 2388 
64235 
64604 3666 7096 
63611 396 49 138 78 394 382 615 1696 170 429 1021 5173 440 340 1143 220 440 351 52 317 219 19 822 631 181 924 995 
73916 14 10 3 4 26 
69398 372 
63392 466 10273 2143 
63370 3949 13692 
63439 297 14929 1736 
63398 10416 
64130 
63460 
64675 4008 54 224 76 5343 1399 54 224 76 390 
63521 638 331 
69864 2933 
64479 4806 5262 2143 1945 1736 1658 
81945 
70541 2934 
63332 2721 
80931 
66526 
63411 
65013 615 4917 2934 1033 2143 
63525 878 8 34 574 615 1131 735 260 412 160 8 32 11 9 166 24 79 45 158 48 979 182 419 16 66 491 10 6 400 570 10 6 399 358 182 420 16 66 684 1077 159 8 32 11 9 166 24 79 45 158 48 327 5017 139 441 
63297 
73933 
63656 7295 643 94 249 642 94 
66484 50 27 284 
66533 12532 2416 72 
63320 
63384 
63876 
74620 2143 
64464 1790 1391 4073 985 
77922 1736 2336 
63414 4908 213 6883 213 
70392 716 182 804 181 1051 1707 4031 
66664 2477 100 34 52 35 69 23 13 31 53 21 54 18 46 37 44 21 4379 54 67 42 63 103 91 1723 54 67 42 63 103 91 153 56 309 51 92 18 12 34 84 42 16 23 71 714 47 1689 47 
63505 2774 
69916 797 2136 798 7140 291 
67805 
63830 6854 238 986 1710 
67909 
63435 592 595 661 615 4296 2934 1175 326 1817 326 5288 3 
64196 
63590 3598 2403 4643 2143 801 1273 642 1094 1289 
63433 
63389 
69131 
63770 110 717 1633 2970 51 2264 985 4644 60 210 3427 
76841 
64080 
78711 1736 
64118 16801 224 614 
63476 12 466 3926 3280 985 5934 375 277 1084 375 277 
64010 163 227 55 2807 3147 989 242 743 242 718 1741 6057 742 57 
79185 
71666 985 
63443 18512 
63354 39 7635 986 
63328 
63596 5839 
63452 14657 1736 
63883 
63448 
63453 6938 2934 
63496 197 208 197 3170 2469 699 2934 
63462 
74857 
63349 10586 
64848 270 345 270 
63318 
64399 
63516 5078 840 108 315 79 197 463 22 124 82 101 11 414 83 94 13 270 101 11 413 83 94 13 265 79 197 464 22 124 698 296 1020 827 296 
64512 
63470 125 106 17645 
63534 338 318 90 234 
63847 161 757 2291 1833 1053 950 10 976 10 987 3110 1879 700 31 1005 700 31 
63558 5733 34 124 207 8389 627 337 772 627 
66054 
63353 46 402 3705 54 1104 2619 429 556 429 1112 767 1184 959 1297 70 737 929 70 737 266 38 101 176 225 
64230 149 3305 
63573 
64522 
63299 
64128 
64202 4657 2652 985 3459 
64265 2891 
63569 4177 10588 1736 689 
79177 
70229 2934 
64811 615 
63485 86 308 1499 615 3559 183 4731 2143 363 856 133 464 154 235 750 133 464 154 235 657 36 206 129 
64763 10213 
68826 7096 
63385 7021 2934 
63678 1502 615 
67029 249 
64234 
63513 
74583 2143 5355 
63910 
63583 323 10364 2143 
63359 5533 489 25 6582 5293 
69813 2930 
63829 1461 615 
63679 
64321 4535 393 23 733 2933 3014 3220 
64275 
80785 
63535 
64006 14426 1736 
65205 615 8315 2143 
63540 4391 139 452 295 2025 986 3790 295 3070 
64497 
64065 632 55 7 17 4431 45 
75163 2093 1943 1533 
63492 3194 2321 7096 
64076 13245 8 
63416 1950 615 
64728 
74690 
63336 
63552 2931 7442 67 
66519 
63702 
63560 11617 2869 1736 
63503 1608 615 1431 
64659 
63563 304 481 555 331 284 331 3946 380 707 396 590 395 846 1035 184 32 786 1141 184 32 1032 647 13 373 1350 13 373 785 15 903 
70580 2934 
63758 4486 640 87 6369 640 87 2623 1736 
63338 
64286 655 615 5892 985 6070 1736 1344 82 
63565 1122 378 36 72 507 36 72 1866 349 5850 29 143 426 2143 1414 122 341 74 551 648 122 341 74 648 222 67 61 481 238 8 
63579 608 111 72 5527 273 72 76 47 187 180 718 214 92 679 214 92 89 274 72 76 47 187 180 97 164 61 3 7963 
64257 14665 1736 
63606 
63578 1293 615 8749 2143 
70763 1000 
63567 7436 986 1784 
77680 42 
63739 1232 615 11391 
63776 3151 1129 
81310 2 
66023 
63576 
63542 831 123 29 17 43 3487 451 2321 986 3789 
64473 
63615 141 218 2577 3693 164 2770 164 1167 2143 265 474 955 1736 1414 327 
63430 
63751 
77187 
63530 1026 8 3127 4039 985 1024 29 4472 1736 1585 
63821 5776 4511 2143 5213 304 
67028 61 2256 5654 
63591 
64341 3120 190 
75139 
64353 594 615 925 2089 7096 2846 1736 
66640 11077 467 1736 
64489 
66874 96 
63594 
63834 
63597 4335 886 241 2085 985 3785 241 2682 147 1589 
63603 2601 13 412 619 9658 427 4633 
63294 
64204 
63613 
63685 18272 
63744 
71665 985 
68018 475 3086 985 1705 1320 823 640 384 
63923 811 6994 985 
78817 1736 
63618 294 806 1546 2909 81 20 15 794 122 284 211 259 583 88 90 225 582 88 90 311 123 284 211 1150 367 2320 1293 1736 315 357 
63781 5000 1268 2933 2895 
63390 
64133 14082 1736 
79275 
63467 
73737 29 248 
63624 839 6 17 141 
64102 947 615 11684 49 10 12 8 11 107 3637 344 
63900 
63631 
68752 7096 
63633 730 791 615 2136 767 2836 985 3275 2098 1736 1286 59 26 
63446 18 22 450 17 84 3649 150 774 343 36 2237 145 840 145 3350 343 36 1801 134 397 35 7 268 895 134 397 35 7 268 514 
64054 1008 615 1979 1213 205 3 783 970 986 977 1725 581 866 205 3 488 1841 677 1059 741 
64297 
64072 
64209 6254 963 985 986 7727 849 
63378 1828 615 3440 410 4618 2143 1558 1736 
63712 10 44 
63608 6633 258 2676 258 4581 792 944 792 
63640 6878 2934 5159 1736 
63517 526 3598 1773 8460 1736 
70430 771 985 1178 582 
63695 5154 662 1666 11 157 817 11 157 3615 
63648 
63335 
63651 1127 2 3732 330 768 113 524 11 2923 11 1228 184 302 702 330 625 184 2012 679 1057 964 137 
79211 
64270 
63657 15071 45 11 1680 45 11 
81518 
63737 25 7485 985 8611 
63526 25 289 17 63 154 258 732 615 1890 63 754 776 12 82 10 444 325 161 2772 162 1256 1096 1047 662 334 113 654 53 1683 53 1373 
78469 1736 847 
67550 
63904 
63660 379 643 90 2 2280 6991 360 2143 713 681 1159 577 1257 35 
66605 498 3960 986 7066 
63601 6840 2934 
63696 1502 615 1714 1300 2807 985 1470 1834 309 2614 1736 1122 
63667 
63970 2203 3224 8460 1736 2051 
64090 
66168 29 527 90 109 1838 7096 
63669 1571 615 
79254 
71382 985 5866 1736 
63598 11 
74473 2143 2776 22 2285 
65405 10790 
64135 
78909 1736 
63541 4530 1071 1701 986 2107 
64362 
63668 2 
63671 10659 2143 
64420 10771 5580 609 105 31 
70810 986 
63515 5649 18 32 33 7644 12 291 2121 64 
66145 881 
63688 1061 1400 5101 985 
69544 11283 
63905 5540 7616 1387 1736 
63449 4341 41 25 6316 2143 
64253 16485 
63694 3891 119 22 1652 399 6 4378 58 179 1906 58 179 2344 1736 
63703 15 485 33 
66138 3988 38 2895 39 
63996 
63704 512 1854 1993 12840 
63705 2825 
66269 
63732 
63518 
63813 11113 7 15 
63816 829 1746 3185 5256 
63820 
63717 452 280 70 1684 3379 805 216 2718 216 3359 164 63 125 382 
63686 
63788 
64181 
63719 824 3222 17 59 607 1346 5750 2631 1736 1192 14 794 
65215 615 13382 
63528 1090 103 2648 
63724 17614 
63361 
76913 
75166 
63740 
69121 
63417 3048 2153 284 654 327 1776 985 172 1010 1888 284 1131 4 522 
68873 7096 
63745 697 3648 2138 18 2916 18 653 534 2143 1761 1736 1508 
63356 151 580 27 65 269 524 615 
63655 4023 30 212 479 1487 1051 986 896 2676 3352 39 1697 39 493 156 217 468 
63550 1046 4 3818 7096 
64228 
80747 
63752 
63765 
63484 3148 10319 8 4428 
63775 5273 1448 2934 2714 
63958 2387 1971 5689 315 1092 1051 4558 906 
64273 
63779 
78658 1736 
63785 
63314 4831 1683 964 986 980 946 999 539 2522 1192 544 1185 
63786 13368 1597 11 23 1702 11 23 
63305 
63999 10888 
63817 314 16763 936 
63797 10400 2143 
63616 6906 2934 8212 
64127 
64195 6698 245 169 152 169 251 244 169 152 169 
80845 
63333 
63819 5572 3 1026 2934 656 
63403 
63988 16813 123 523 15 194 57 6 
64502 
63832 
64165 
63837 5187 7096 
69134 
64132 
63298 
76865 
63841 9 2704 1748 286 1058 822 2934 417 1579 286 1341 116 70 8 107 190 6 17 48 16 
78932 
63843 2241 53 33 633 17 2384 72 11770 483 
64020 243 873 615 511 92 6 2062 306 5894 212 684 306 941 1032 734 757 245 734 684 409 338 
77394 18 
70786 986 
63852 14785 1736 1658 
63853 
63854 5 1007 378 237 378 5848 985 2183 
64380 
69906 372 18 88 10 56 280 742 985 382 373 18 88 10 56 280 262 5300 
63856 
64833 190 425 190 1100 67 1044 551 895 480 6 1163 986 2883 683 3401 1736 
63861 3221 252 291 636 2166 434 986 1514 505 138 1353 2042 222 219 1736 
63862 3668 6761 2143 
64888 615 
64405 9934 2143 598 
64436 
77868 1736 
66818 
64468 
79103 
63662 
64740 5703 2934 
64047 
64060 
68163 7097 
63877 
63331 
68939 2258 985 2432 1421 722 
68034 
63886 
68499 311 10 2249 224 238 524 223 238 3079 311 10 
63764 13473 
63891 2192 428 1103 982 7096 
63897 
63903 
63981 13810 29 30 27 38 17 28 15 10 14 27 88 22 29 9 52 13 17 86 12 42 34 19 17 43 32 16 24 47 183 70 646 29 30 27 38 17 28 15 10 14 27 88 22 29 9 52 13 17 86 12 42 34 19 17 43 32 16 24 47 183 70 1361 23 33 
63419 
63907 
63908 11159 1964 472 2 913 1736 
69929 2933 
64258 1869 81 370 820 9889 4551 201 
63916 
63924 5855 4709 2143 1411 121 344 1271 121 344 646 12 184 41 347 125 20 231 
74951 130 3068 61 75 1600 61 75 
63927 
64315 1052 615 
64344 17575 
63933 
69614 
63935 2466 798 6677 
69411 
63610 2668 8601 
63944 1045 615 2671 1259 5837 2661 643 1093 643 
64868 615 
64696 557 615 3009 363 52 34 6647 
64429 37 3958 2000 292 2642 292 1870 
69590 12303 
63956 1022 28 587 28 783 10 820 3639 762 224 761 2512 20 1817 229 520 985 158 44 218 1 1315 158 44 
66066 15519 
63818 886 550 20 595 20 1186 10272 
63442 1416 615 2559 717 236 2197 8 977 8 3670 236 2745 1736 
63357 149 582 881 615 2513 
64677 1428 27 92 736 
67494 
63980 13810 1736 2451 
63989 3654 382 6079 2143 5297 176 8 4 40 27 
63990 4059 
64148 3878 640 7096 
63482 
63625 2895 177 1285 15 105 98 34 93 574 89 1870 176 42 29 739 176 42 29 3203 34 93 574 89 884 
63504 259 11027 
64005 3476 26 110 85 264 230 75 33 43 116 138 79 12 80 62 37 71 60 20 1066 806 30 11 7 260 40 57 5 39 6 42 22 6 59 12 30 62 140 158 30 11 7 259 40 57 5 39 6 42 22 6 59 12 30 62 140 314 1556 38 12 17 648 75 33 43 116 138 79 12 80 62 37 71 60 20 602 38 12 17 2126 1736 539 826 
64136 
64011 17930 
64939 615 
64284 
64015 7215 985 
64016 
81914 
69364 8218 
64197 2760 2534 
64019 243 4159 3251 985 2860 5433 
63960 5632 50 7655 64 3795 
67440 
65144 615 3682 
64688 17097 4 5 
74083 2143 
64801 615 
64024 9918 33 
78311 1736 
76941 
64028 
63710 
63415 
71416 11 13 961 11 13 
64031 3246 2081 5014 2143 5094 249 
63645 250 3365 994 40 7056 40 
64041 405 
64042 
64044 6674 642 2 151 57 775 2 151 57 1097 
64045 
63738 
64048 
64961 615 2232 667 203 2018 142 28 101 8 69 39 54 104 355 29 12 187 28 101 8 69 39 53 104 355 29 12 1008 945 996 203 944 4130 
64055 
64049 
64057 
64059 
65160 165 450 165 467 10648 794 1471 265 
64084 3123 50 
64485 
64063 1269 615 411 783 3110 598 21 51 914 21 51 1278 4199 1416 1736 
64313 379 4105 898 91 525 22 6 119 113 424 665 321 664 600 22 6 119 113 256 33 8 22 160 36 439 1434 709 720 965 49 826 33 157 11 660 49 1479 
64082 
65077 615 1692 565 10212 204 1532 204 619 823 344 
64188 4426 7096 
64184 16816 
64091 
64096 543 436 615 
64823 615 
64104 3147 
64441 4127 7096 
69099 
63806 4997 7096 
64108 34 3108 
64116 
63681 737 5629 64 2869 64 965 970 118 39 62 
63295 
64089 367 
64641 10268 
64129 
64138 382 9665 2143 962 
65270 615 
63940 35 10333 16 130 396 1601 16 130 478 204 150 11 33 20 80 1316 1736 1150 
64217 16571 637 
64140 149 202 2501 201 8 5 55 569 15 6386 2143 2438 1736 
63992 
63391 
71516 985 6492 15 10 143 31 159 
64156 
73873 
64164 
65158 615 
63790 14759 1736 
64513 6443 986 2549 2143 1738 353 1383 353 447 400 
68813 7096 
64182 
64214 14775 184 2003 
63312 
64185 
64553 
67947 10600 1736 
64186 183 322 44 550 615 
70147 1275 985 674 
64189 
70969 986 
64206 
78934 
63577 87 18 13854 4416 
64208 15043 
63632 483 213 3170 2147 790 544 986 1404 400 3583 174 
64215 
63734 2466 
64224 2303 
79344 
64231 3611 191 45 95 228 1906 1127 985 822 2029 227 
78706 1736 
78868 31 1705 31 
64243 4045 1277 8 1165 2934 1712 2441 1340 396 1477 521 
64254 2995 
64256 
64259 155 2231 20 407 3120 1511 985 438 4595 
64524 
66572 
63367 
78384 1736 786 
73831 201 
64266 17253 
64495 13739 1736 
64515 16938 
66263 
64324 
64288 
64291 14955 
68495 7096 
64537 
64292 398 
64336 222 803 615 2345 6803 293 5867 
63909 17826 162 
64308 
63310 
64310 5160 
74064 2143 
64322 135 4206 262 1049 30 1647 985 271 30 2822 262 2248 928 168 640 
73960 
64340 
64940 422 193 422 5243 985 2414 262 40 21 248 1572 1092 573 144 1019 573 144 
64350 12555 721 
64355 12874 
64367 352 17081 
68290 1571 2933 2592 
64372 
71403 166 819 166 
63874 
63995 
64374 264 1547 133 85 293 295 
64789 611 8654 
63352 15337 1736 
64375 83 1665 10781 11 
69304 
63589 1454 615 1649 181 75 46 17 272 41 181 143 1068 19 32 314 1237 664 84 238 663 84 1440 730 523 890 1081 263 53 156 818 174 123 621 818 174 123 520 283 
64378 
70109 2933 
67759 195 26 1392 46 77 1894 985 6725 240 
66884 
64383 
64386 
64387 
64477 2177 4402 60 926 60 2674 3962 1736 635 728 
65308 615 1414 3844 985 
63407 47 23 56 13 53 93 21 158 226 184 186 60 21 59 345 77 538 77 454 238 72 178 211 109 225 136 15 178 33 54 1890 143 415 64 7 208 581 105 881 105 982 64 7 209 954 18 8 91 130 29 147 1720 18 8 91 130 29 147 1516 6 161 100 140 65 1264 6 161 100 140 65 398 772 307 
70579 2934 4408 271 169 9 243 1044 271 169 9 243 1644 
64393 
64407 2963 3843 985 5678 1234 502 
64424 10446 
64050 2138 2768 7096 
70773 
68973 7096 
64435 3663 1603 7198 3895 
64679 
75068 
70774 
66268 
64434 2776 
64268 13667 575 1161 575 
80948 
77012 229 
64475 
64443 5117 173 7 
63383 
69313 
64757 
64459 2089 12133 1736 
64460 
70268 2934 
64085 
64474 
64750 2285 
81564 
63634 4077 10723 1736 
64481 9535 3073 
64680 1927 10380 2 
64501 
64508 2690 7152 2143 
64509 
64517 9697 2143 1906 3 1733 3 
64530 6321 986 
64613 5149 
63429 
64538 2028 1244 869 7096 5725 
78802 1736 
69093 7096 
64540 10289 
63321 
64541 
66924 14246 756 
64563 336 615 1998 533 360 518 939 490 74 169 571 340 11 5 629 340 11 5 288 491 74 169 435 1537 518 2054 12 986 172 99 467 12 
64566 3995 7096 3330 165 
81522 
65364 615 2208 163 249 2416 986 3282 163 249 5675 
64569 
64018 10198 2143 
64428 103 43 6767 985 6840 
66057 
64335 
64632 
64572 1865 
64575 14329 1736 
74764 
64376 714 69 546 69 8074 7098 
64580 3141 894 14 3 21 257 133 1411 2934 625 1698 14 3 21 257 133 734 4256 
79297 
63774 
63480 42 15 4393 595 291 381 37 829 783 798 188 797 367 1286 3 711 625 291 513 3 2554 
64802 615 3698 
64279 
64582 523 615 3049 543 157 66 1445 986 2297 5 1597 541 5 544 91 99 61 4 24 6 65 205 175 3916 
64587 66 2319 3521 2934 8557 
64421 2343 698 86 476 887 5738 13 1345 785 13 
63746 99 2383 2229 7096 3711 30 25 2431 
64598 2513 2996 2933 
64605 10359 
64633 669 615 
63311 
64636 9462 2143 
71755 985 
64034 594 1519 1043 
69436 28 32 
64654 
64658 93 4458 
64662 1575 1033 813 199 62 290 660 39 109 4336 1212 180 208 62 290 1434 1280 212 363 1161 212 
64664 3200 1055 38 4822 801 1435 38 670 4053 1297 
81428 213 
64670 
68724 7096 
64665 1844 
64672 13171 1736 
71184 985 
64736 2456 208 7765 2225 
81540 
64678 2176 1992 1528 1125 985 824 2634 1368 3948 240 114 
64684 1475 154 1587 2740 2934 5065 1736 1658 
79430 
74333 2143 
64702 
64685 14447 
64693 6969 985 
63957 6199 100 2834 100 1819 
64698 
64707 1 16862 
64710 4294 657 6439 3325 
64722 
76854 
77323 
65072 615 8556 2143 
64724 
64726 1969 
64191 
64727 
75222 3 
64730 
81521 
64733 
64739 6967 985 
81763 
64756 
64761 1307 324 
64775 1443 2431 2 1960 2 796 985 1151 2 2198 2 1303 264 278 1041 1736 547 20 1091 
64777 1566 3412 11 4173 30 8093 
64783 9898 2143 
69830 2930 
64784 
64785 3096 6802 2143 1597 157 233 67 1279 157 233 67 
66773 19 868 302 11 9659 1372 
64070 10895 
64786 609 615 8674 2143 
62660 
62653 
62690 
74970 5769 70 
62958 163 
63123 
62699 3440 1337 25 412 196 2049 2934 4129 
63090 16101 
70304 42 102 2790 42 102 603 6892 348 161 
62739 23 25 785 14883 1736 523 488 39 
69307 9178 63 1673 63 1664 
63149 1869 615 3716 30 25 882 2934 4045 647 707 297 732 707 297 
80762 143 661 105 
71737 985 8908 
62738 5251 5867 5403 
70293 433 2501 433 
62794 
63119 256 936 2815 2345 44 2239 985 2120 2867 1035 1736 799 
63922 
62941 114 446 395 375 5863 1339 73 912 73 536 1750 3013 9 94 894 739 9 94 894 
62719 4031 4222 566 23 397 565 23 9209 
63000 
62743 3374 1450 787 2530 986 3580 3803 
62661 
62945 3827 7268 7739 
63207 4816 10356 1736 
64077 2212 1595 
62684 
63288 
62809 
62783 2405 615 4313 253 2680 254 501 7426 
64995 242 373 242 1190 1912 5178 317 1601 225 317 2196 10 625 1101 10 
62869 4640 451 122 218 9 152 461 130 979 155 21 17 348 251 304 28 40 75 115 140 284 304 27 40 75 115 140 454 156 21 17 348 235 102 178 1375 9 152 461 130 1924 1736 
62668 
64360 
62768 20 375 79 
69351 423 
62685 
62682 
62686 
62689 4767 709 1684 2933 2480 2515 1736 1186 
62959 1263 7040 985 
62703 8125 986 
63202 
62728 1 12 94 24 114 179 306 89 735 11 11 224 21 61 316 6 21 63 14 171 340 6 21 63 14 171 284 15 15 208 41 33 52 123 34 29 20 53 77 252 81 97 349 297 105 61 157 20 30 84 19 22 7 17 11 5 33 81 76 77 23 9 42 28 55 14 54 28 34 899 43 969 10 12 3 25 17 18 70 77 143 46 44 48 129 64 46 234 10 12 3 25 17 18 70 77 142 46 44 48 129 64 46 184 43 1338 66 63 74 26 29 81 22 27 447 279 20 30 84 19 22 7 17 11 5 33 81 76 77 23 9 42 28 55 14 54 28 34 260 66 63 74 26 29 81 22 27 322 43 499 139 17 3804 
82078 
69962 2933 
68857 7096 
66809 
63223 
63025 
78923 1736 
62767 1394 3521 10775 1736 643 615 
63043 11853 
76869 
77723 
62705 231 140 2282 615 2145 6764 61 
62650 
62722 275 15 8 1809 25 35 25 7 34 28 9 30 28 19 56 13 19 18 27 36 22 17 22 19 64 62 25 35 25 7 34 28 9 30 28 19 56 13 19 18 27 36 22 17 22 19 64 8091 71 61 78 15 25 23 43 51 15 14 19 14 16 32 32 5 9 37 17 1566 71 61 78 15 25 23 43 51 15 14 19 14 16 32 32 5 9 37 17 614 3818 
62754 11983 
63514 
64488 
63143 
62737 3615 11188 
63279 1900 4 611 4 719 11924 73 1663 73 1025 
63051 350 806 
63131 44 197 94 24 453 1163 615 681 798 901 111 348 754 2023 985 2020 966 348 829 1333 915 821 915 1430 
78065 1736 
63220 
62665 
71682 10 975 10 
65132 615 13303 
62717 1804 17099 
63172 22 
62688 
70093 130 2803 131 
62677 
68870 2175 986 3935 
62649 
67561 4181 985 
62913 836 84 96 152 25 462 2901 53 278 980 208 424 523 37 645 80 129 313 80 379 4 102 108 312 80 379 4 102 179 37 646 80 499 121 122 184 255 62 273 729 208 189 121 122 184 709 1255 586 1150 431 296 74 90 
62720 
63111 7100 2934 
78220 
63137 276 23 882 1838 238 570 276 1766 7096 2786 214 289 1233 252 
66834 1821 207 6889 207 
63499 236 45 5207 7096 
62953 55 
62931 1282 47 3728 267 42 5480 1574 42 2072 618 1736 
62725 80 759 1282 232 85 11 287 232 85 11 346 536 928 54 162 926 154 1375 2934 677 246 365 508 837 154 279 365 346 878 148 1088 500 148 1407 817 
69718 1977 985 6514 
63063 77 
71164 985 
62732 306 1561 45 1587 4467 2934 3465 121 291 
62990 106 
63815 
62691 
63021 
68717 7096 
62669 
62784 1299 891 110 505 110 3667 5027 2143 920 4013 
62750 1627 3876 394 1515 76 11 1075 985 787 76 11 810 1356 394 2145 667 89 980 667 89 695 39 
62755 11983 
67085 
62758 79 51 5371 191 6905 191 
63315 2727 8662 1 3060 1736 
62759 324 181 5 23 1419 43 304 50 21 201 343 50 21 201 540 84 165 46 63 24 94 1604 164 200 241 41 453 43 252 624 285 141 41 40 175 188 159 242 141 41 40 174 188 159 295 625 877 445 822 164 200 512 639 658 670 84 982 670 84 545 298 26 92 373 212 38 51 
74698 
68179 227 35 2715 985 3135 226 35 
62814 411 3778 1474 466 596 1288 68 245 59 159 39 416 68 244 59 159 39 3191 466 
64503 
62663 18017 
62792 
62769 15093 509 225 234 768 509 225 234 695 202 
62770 205 255 
67189 365 332 113 13653 
63023 1392 4823 100 108 1884 318 667 318 1802 766 1377 
62774 26 396 20 
74861 49 
62716 254 197 106 357 1250 615 1195 3071 4713 32 2 2109 32 2 735 3327 
62712 
62775 
62726 38 520 260 982 2960 76 46 288 223 129 103 62 422 131 349 234 1566 986 2964 48 231 103 62 422 131 1738 941 348 447 941 264 186 565 180 16 308 
69175 
63146 
62776 3833 8 365 10065 6 748 525 1211 525 
65005 615 8694 4 2139 4 2441 1736 
62672 
63047 
63100 17973 
63224 1014 4539 798 6298 3172 
66222 12483 1736 
62772 
62928 1410 2724 1841 7096 
62911 5263 228 524 2753 985 2607 227 524 2510 1736 
63048 96 4071 
62780 187 
62781 260 160 1537 10126 
66044 
62864 1009 2946 14199 
69822 2930 
62798 335 6053 
62799 333 
62673 
63109 
65249 615 
62862 
62721 
62801 
63715 452 51 6383 2934 7951 
62744 3374 1450 787 2530 986 2155 1425 
63234 17927 
62821 2454 615 5164 537 449 536 5793 103 399 1234 103 399 
62745 6735 3 2169 985 1176 61 2998 9 4207 
62964 16439 29 
66930 
62884 5 825 4926 804 2033 985 3274 2510 5 194 49 379 1109 5 194 49 379 1234 
76859 
67218 
62664 
62724 2261 23 58 15 21 498 23 58 15 21 370 627 7409 189 28 23 39 15 59 1790 189 28 23 39 15 59 361 271 3 12 32 41 18 43 21 40 11 23 73 32 90 46 916 1736 804 46 60 
62815 1492 322 3961 2225 986 3885 
62828 
62825 124 
62793 311 771 636 25 816 615 2704 209 2256 241 744 241 1381 989 47 23 251 714 209 4803 
64465 
62704 509 14603 94 1642 94 1403 110 215 
62942 603 1002 404 77 144 394 77 144 310 488 3098 4496 229 1914 229 
70948 986 
62674 
82045 
63206 17842 
74321 894 1249 
62763 8 31 376 21 6 3820 19 95 3849 9 977 9 2110 670 186 1287 1106 3965 
62843 1773 2976 2026 4963 2143 
62646 
67426 
62847 8 1582 1632 130 8 118 21 44 109 9 282 83 5 3 55 38 42 68 207 106 152 21 21 785 39 128 62 109 151 90 661 21 14 208 41 112 210 649 221 641 124 221 640 74 41 112 211 669 32 182 1433 39 128 62 109 151 90 934 77 205 16 19 221 149 12 119 41 230 671 167 505 122 41 230 671 167 148 771 
62846 8 2057 31 584 31 3519 1592 942 985 1007 1320 174 1076 1276 486 34 529 75 54 1044 34 529 75 54 1658 
67179 
63165 328 1122 1827 451 1367 373 610 258 157 603 658 986 1290 950 643 302 86 180 373 559 1266 
67135 12259 
62851 1655 
70831 986 
62858 14691 
63187 5813 7096 1000 12 
62870 365 4297 61 228 50 20 166 51 796 428 587 31 89 170 27 478 5 594 388 597 388 166 31 89 171 27 478 5 349 1998 932 771 283 906 291 21 37 58 97 326 906 258 
62874 492 3989 251 3679 985 5818 1736 1537 
69519 
62696 3597 5307 985 1568 250 21 325 283 1264 250 21 4871 
62875 493 530 3458 251 140 434 48 470 333 1139 1102 13 972 13 834 2220 470 333 1961 582 1154 582 955 
62938 866 2806 3 3 279 2744 1524 985 
77313 3 
62710 634 2902 1221 1677 4667 651 2143 978 126 1150 1736 325 522 137 
64410 
63210 279 92 350 2469 1269 661 1098 920 988 985 961 1174 12 398 560 1173 12 901 1220 577 1159 262 
62822 1478 4701 7096 
63275 4465 1208 4869 2227 
73915 
62880 3868 1741 170 2846 985 3095 170 
63680 
62895 7922 986 5385 4291 
62879 
81556 
62881 1449 3207 162 89 2472 445 681 985 823 445 115 3366 2 13 35 16 4 10 422 34 437 1736 
77792 1736 
62885 555 924 4440 258 2085 985 3768 258 2673 618 1118 
62849 38 10889 577 2143 684 4401 
62692 
62890 
62891 
70794 986 
62896 1460 3203 79 93 206 
63170 301 10806 2143 
63161 322 316 32 595 783 9 606 9 2167 470 526 12 1112 1171 985 777 1850 663 526 12 1872 1736 1221 538 
62999 
62904 5142 318 2454 120 866 120 3536 1543 
62905 145 1505 424 45 570 45 1482 574 1002 105 1785 484 302 684 301 1163 593 1679 105 359 619 428 359 3427 782 
62816 3617 
62648 
62752 13 353 139 20 8 11450 34 74 12 68 12 52 10 18 21 81 
64809 615 
62908 1926 615 4991 2934 4675 1736 
62756 11983 15 61 62 67 24 16 41 131 6 13 28 3 
63139 2197 615 
63543 4530 2772 986 9090 523 136 
62901 7782 2934 4883 577 1159 
62912 742 3934 87 32 6158 24 5341 1868 317 603 
70806 986 
62919 2347 615 12418 341 1395 341 
62974 664 3742 7218 2143 2346 2034 
62926 
69075 133 72 1389 2934 2568 2399 1736 1715 
62927 255 4486 701 7096 3021 1736 
62923 16112 
62929 7665 2934 
62939 5992 5341 1755 388 
73852 4618 74 1662 74 
69098 
62946 164 14114 3678 516 
62947 6994 2933 
66219 
62651 4767 712 2636 6974 1734 1192 
62766 520 14895 1736 1987 
77733 
62952 1541 3914 5380 1716 
64970 615 883 1190 1503 784 2933 1219 467 89 1587 467 89 270 3 266 1571 154 18 1564 952 
62955 
63254 7243 344 816 170 815 789 
62956 
62667 
63059 2304 615 2520 7096 3565 
62960 
63113 
77489 
63177 3930 
70789 986 
62963 
78924 1736 
66071 
62976 4014 2599 636 141 2793 141 4898 1736 
68796 7096 
62944 1389 3138 169 31 32 144 146 221 474 311 160 585 5566 474 311 1609 394 1736 
62977 4999 
62868 
63024 12048 
74102 2143 
62984 
63221 
62985 
68131 
62989 3307 659 2263 2078 985 2494 3453 474 1262 474 991 
62676 
62992 1559 3 140 2819 2239 9552 1624 153 
63002 8 16060 
63003 
63006 8599 985 
63009 108 813 478 692 615 1110 144 84 733 40 12987 581 
63011 3070 421 250 4915 985 
63015 931 954 615 5591 986 
63064 1503 25 17268 
63016 1763 12600 
63217 
64796 615 2729 1679 968 986 976 949 1539 
63138 18111 
63044 11853 
63052 11804 
63753 
63065 206 555 903 1497 404 3036 421 2933 1079 76 846 1221 76 799 14 50 34 402 36 71 866 55 1681 55 794 3 66 725 
63062 664 836 111 2568 1357 1637 674 823 163 822 452 2525 1617 6 220 1366 1736 523 
68652 7096 
67709 1448 648 5287 
66767 1743 1840 2934 2322 
62993 3747 804 424 84 133 111 1113 945 74 479 421 319 246 420 319 656 74 1919 111 3600 38 198 199 1837 680 
63079 
62662 
63099 1584 
77697 
62995 1869 615 1135 1283 202 821 38 1350 28 42 79 68 45 78 2594 28 42 79 68 45 78 176 22 13 830 12 148 65 226 76 866 38 712 12 188 8 306 163 154 70 550 1736 1261 
81269 
62647 
67159 
63107 3077 864 247 587 2467 2934 
63122 
63134 4768 8975 
70914 986 
62746 18753 
63316 
63153 
63155 5858 7096 1892 1736 
63156 
80682 
63574 
63171 
63174 34 11937 4327 2229 60 
63103 11675 274 
63203 15 30 
66443 
62782 476 364 1355 61 554 61 2235 289 243 3 1457 1 147 287 258 105 448 258 728 257 444 1 147 288 258 105 135 672 95 59 539 162 242 3 1043 95 59 224 640 716 238 736 762 238 684 269 519 
63192 5277 7096 
63193 3704 
63233 335 324 58 2952 295 548 480 2615 23 599 364 23 598 1654 1220 923 650 990 266 401 304 471 294 266 401 304 
63033 
62687 
63214 
63219 
63222 6 4 
70488 2934 
62872 4967 
63246 
63261 
64624 
63263 
63268 
63272 3906 3733 986 2770 2143 
63280 
64134 17476 
63290 
61786 871 645 1491 615 618 2108 973 709 964 986 980 946 366 635 538 970 2741 
62629 610 365 3 45 126 30 31 46 587 176 409 223 392 223 1827 12 391 309 329 119 340 631 326 118 260 361 986 882 327 118 260 2039 329 119 1126 97 21 42 76 158 66 24 6 10 1014 5 1731 5 
61889 5866 6535 2143 
61955 32 164 23 36 45 312 473 189 9 661 768 1419 988 529 145 113 755 172 245 8 222 90 4879 589 78 813 172 245 8 238 2380 8 135 457 20 1116 8 135 
62008 1350 2820 
62295 946 6 6470 1661 313 672 313 1151 
81221 
61783 
64287 22 11 64 177 2562 
62228 
61777 4242 
61835 738 160 1049 365 387 248 440 615 2218 148 724 48 1144 313 2620 314 1933 724 48 839 1195 875 404 457 1055 
62333 2919 615 
66626 
61779 
71246 985 
61839 2312 
67417 
66375 
65141 154 85 376 154 85 4982 986 6156 753 983 753 
61860 79 81 143 185 3788 33 64 55 267 173 225 60 57 20 115 157 
61796 
73860 77 
62278 5960 1667 2933 1642 854 1289 5242 
71402 985 
62506 2511 615 628 5096 985 1909 2143 
61795 
74400 2143 
61807 
66763 
62609 19 563 3393 2581 18 32 33 723 629 468 224 762 223 627 630 395 2961 12 130 161 760 410 953 64 309 410 
71466 985 
70151 2934 
68205 449 437 674 873 2934 1729 449 437 762 93 458 216 4 1575 
62702 4634 2379 389 198 2735 199 8011 
61787 871 645 4 1487 615 618 2108 973 709 964 986 980 946 9 357 1173 970 2741 
79440 
61792 19 855 4766 2395 2930 4997 1736 1187 
68828 7096 
62032 20 11 2597 4058 26 772 1526 313 673 312 3474 26 
62156 
63306 
63365 1520 615 3428 371 228 21 732 263 2671 263 1113 1434 709 744 5 4 1236 1736 
62219 1875 125 5565 943 2934 1295 4087 2409 
70812 986 
64357 
61797 
71211 985 
61882 
61813 10957 1945 2141 
61842 1300 1008 151 2088 39 24 4270 231 381 97 508 380 97 1240 
61883 420 1763 53 1021 154 85 376 154 85 310 405 2674 1574 986 5619 332 815 921 815 464 62 338 93 201 
61914 88 811 375 478 566 482 362 157 458 157 394 1032 11 98 137 36 392 48 18 304 164 1408 1390 985 558 1326 406 518 341 164 714 406 173 86 745 151 307 37 167 14 48 205 571 387 307 37 167 14 48 205 352 337 486 166 178 29 95 26 
62283 275 5715 385 6711 385 5624 
66328 
62420 
68742 2515 985 3596 
61830 864 646 1487 615 623 1394 711 970 711 963 986 984 943 360 640 540 963 638 920 1190 546 1184 
61991 3357 615 198 203 204 116 8207 3674 1736 
66094 276 832 3349 2934 8281 
62179 5487 
61809 870 644 1491 615 620 1394 711 973 710 964 986 980 946 363 636 539 968 1554 1192 544 1185 
62235 284 2194 4236 123 1621 745 985 1204 2418 123 902 1245 1736 
62417 7281 
63628 11101 6169 235 335 41 
61854 6041 2362 2934 
62180 2432 613 615 1492 1758 97 331 965 723 985 1226 546 2223 1263 2 9 39 117 71 1013 158 37 20 1521 158 37 20 301 1095 
70731 1017 985 932 225 
62307 1850 5517 1011 602 985 1347 1315 171 28 
64570 2938 4163 985 
62189 4569 390 1138 1081 332 1724 985 2974 
81369 
61876 
70323 2934 
62194 184 736 40 733 1312 108 507 108 1988 882 775 234 218 96 947 421 191 374 420 191 293 96 864 178 181 223 17 1377 345 181 223 17 582 35 82 29 176 107 520 183 1553 183 808 69 
71332 985 
62495 
62264 2453 6331 986 9591 
80678 
61817 
62286 8846 985 
67138 3537 2934 8410 
61899 45 121 107 218 87 232 3536 1151 1747 341 
62356 2945 615 5280 985 1561 3513 
61902 1593 5072 7096 
61849 9778 125 860 125 
81558 
64700 626 615 4061 2933 
61793 
62302 951 400 1341 374 241 374 1249 3642 986 2294 2143 743 1817 1736 1147 232 
65104 128 114 373 128 114 8380 2143 2893 1549 519 132 105 
62439 696 6961 2933 1776 3987 1736 
63147 
62199 
67601 11 205 23 2150 316 21 31 61 162 143 2199 317 21 31 61 162 143 70 24 4 27 81 7 38 12 17 4389 181 491 8 157 899 181 
61790 
61921 88 206 146 731 437 532 517 41 128 
73844 17 17 10 83 
61844 7837 
65269 615 
61800 870 3370 1394 1684 4949 2143 628 
67613 1797 
62017 1113 817 599 496 119 62 434 119 62 1564 85 1480 629 278 516 2417 517 407 247 276 1809 334 5337 164 
61815 866 644 1491 615 620 1394 711 973 710 964 986 983 943 363 639 536 968 637 917 1736 1185 
61808 870 644 1491 615 620 1394 711 973 710 964 986 980 946 363 636 539 968 1554 1192 544 1185 
62054 455 1066 1642 615 1679 1993 635 1037 196 789 196 716 1563 2143 1150 801 935 801 512 314 
62747 7129 1373 985 575 4274 54 505 2 5 
62208 
66252 
61785 871 645 1491 615 618 1396 712 973 709 964 986 980 946 366 635 538 970 634 917 1190 546 1187 
62007 856 492 4012 117 433 695 1061 1030 2934 2071 1222 783 129 1736 1431 567 
69309 
68707 7096 
61967 487 1390 134 2500 524 162 213 13 1787 49 33 680 86 930 986 931 86 1317 190 524 15 115 65 1234 190 1215 8 62 9 24 62 15 347 55 59 9 5 149 201 50 681 8 62 9 24 62 15 347 55 59 9 5 149 201 50 348 151 93 57 79 640 
61791 
61929 698 5568 1911 142 491 2300 143 491 423 1195 948 2942 159 
67465 53 35 114 328 13 29 43 
61851 228 507 145 889 41 1208 8 510 97 8 510 735 983 15 895 521 274 277 213 797 2136 798 381 150 1549 594 662 1294 545 482 103 606 545 694 
77635 
61782 
78344 1736 
66154 
63001 
61983 1496 909 37 3895 39 87 90 13 30 1483 795 215 771 215 937 1286 3 305 827 39 87 90 13 30 749 3 305 
69322 
61822 4237 
65258 615 
61868 9052 986 10105 
61956 
62153 74 1175 827 67 16 265 
61824 
61926 914 540 1203 371 615 555 3487 571 2934 1129 11 55 294 1783 11 55 294 841 52 980 1736 1251 
62046 13 70 225 2647 615 525 26 29 6 176 33 25 114 32 62 78 91 109 77 21 31 17 13 87 36 61 93 18 334 20 32 15 330 111 227 7 94 9 30 56 45 26 24 18 45 42 35 88 18 54 28 905 629 551 985 768 630 677 317 788 227 7 94 9 30 56 45 26 24 18 45 42 35 88 18 54 28 192 317 838 101 20 180 1025 638 73 1025 
61818 6344 7097 5443 
61954 2808 285 235 380 235 594 208 27 1993 6 517 51 35 1156 78 2856 78 1607 712 6 1058 148 273 
73068 
62296 611 841 1576 615 11096 338 
61827 
62909 85 33 355 281 383 799 483 132 483 246 1284 72 41 119 52 1137 5740 26 122 200 167 841 787 26 132 3783 30 418 47 293 362 
61805 870 644 2726 1394 711 973 710 964 986 980 946 363 636 539 968 1554 1192 544 1185 
79456 
78308 1736 
66033 
61834 172 367 4000 125 130 406 1202 3 348 214 43 101 470 538 268 856 21 965 21 802 269 1615 321 16 102 123 3 348 214 43 101 1972 1736 974 28 83 138 18 30 1031 
62370 4803 
70546 2934 
61919 304 2032 64 2699 619 217 109 84 146 407 255 2446 267 718 267 2574 85 77 407 255 2131 614 1122 614 1450 
62029 
66248 
62067 399 12129 2143 
64453 2850 9939 102 32 322 208 1736 
61890 109 4721 12716 
62998 13933 
62132 7805 2933 
78601 1736 
69834 2930 7927 
63032 
61874 2028 335 
61832 1590 367 81 10035 1308 
76835 
61836 6257 653 2445 985 1724 17 14 10 7 26 1868 3557 2235 93 
70279 2934 
61859 4412 2776 936 31 489 2413 31 490 2706 
78421 1736 
70639 2934 
62308 4863 12 491 3614 985 4711 323 128 32 
61837 364 103 1058 758 3 23 93 599 286 231 17 20 61 286 231 17 20 168 388 95 8 44 19 66 42 52 10 32 9 7813 119 2976 1736 1806 680 
74253 2143 
62496 390 588 551 3485 94 76 142 56 163 65 298 149 142 229 20 119 2065 20 11 123 88 744 19 11 123 88 3145 149 142 229 20 119 1713 205 18 702 35 776 205 18 702 35 659 137 
62212 
61838 952 311 6540 4270 582 284 1859 567 308 
62186 
61841 2312 
70733 602 985 1347 
61913 275 66 44 124 2 28 24 9 108 30 107 27 79 24 33 22 90 26 44 98 12 10 31 18 38 87 179 44 37 7 23 14 86 8 69 33 19 31 7 12 27 7 95 32 184 22 42 123 59 52 25 25 18 74 47 157 53 32 9 10 10 237 36 5 70 153 53 32 9 10 10 237 36 5 70 92 18 17 79 124 46 33 54 121 31 62 34 86 109 39 63 122 2 9 13 67 44 46 312 101 346 55 68 67 46 65 35 33 10 66 10 106 47 374 138 45 21 160 33 12 21 11 32 54 39 97 53 93 47 2 70 32 40 34 52 36 34 42 65 37 25 32 43 9 10 25 10 20 39 20 17 14 1 16 20 30 19 17 129 23 55 17 23 38 23 8 18 84 94 20 22 137 60 18 37 7 50 46 9 15 30 152 23 55 17 23 38 23 8 18 83 94 20 22 137 60 18 37 7 50 46 9 15 30 127 47 2 70 32 40 34 53 36 34 42 65 37 25 32 43 9 10 25 10 20 39 20 17 14 1 16 20 30 19 17 178 52 95 15 11 25 1 75 73 106 38 9 2 76 17 71 15 54 12 28 27 19 260 30 47 21 3 14 14 53 46 16 18 24 91 67 46 65 35 33 10 66 10 106 47 374 100 73 106 38 9 2 76 17 71 15 54 12 28 27 19 113 214 36 162 59 63 168 113 124 95 38 50 69 76 21 73 2 43 20 249 61 62 36 23 22 25 25 25 13 21 208 43 39 26 42 14 34 61 46 174 95 38 50 69 76 21 73 2 43 20 249 61 62 36 23 22 25 25 25 13 21 131 229 8 24 15 194 17 46 28 27 12 38 36 24 124 17 167 25 21 10 133 92 
61843 7202 1860 986 4250 
62562 8621 44 941 44 7232 
62090 645 91 19 8 81 16 15 22 20 15 4 32 348 104 302 1089 615 4475 181 60 13 36 1446 985 212 182 60 13 36 1540 25 133 2794 252 794 942 794 378 155 17 16 153 514 
62195 2969 615 1452 21 233 113 24 26 144 22 104 1402 227 78 131 11 161 213 172 149 7 13 2379 214 172 149 7 13 1225 2143 1243 142 141 45 267 173 327 641 142 141 45 267 173 570 423 396 50 
61857 60 373 55 125 253 74 14 56 43 27 98 26 47 147 21 286 64 1205 44 37 74 12 69 43 66 87 43 23 12 105 44 37 74 12 69 43 66 87 43 23 12 1519 252 209 34 216 126 37 14 199 63 31 66 156 38 1017 30 48 4 87 96 273 170 30 17 141 7 356 13 54 328 21 3 204 7 355 13 54 328 21 3 270 30 48 4 87 97 273 170 30 17 499 3 15 272 22 154 20 6 26 103 163 12 36 10 9 52 30 31 108 89 126 37 14 199 63 31 66 156 38 252 3 15 272 22 154 20 6 26 538 43 1 164 422 93 170 41 139 166 14 19 15 34 12 16 28 90 21 62 48 768 93 170 41 139 166 14 19 15 34 12 16 28 90 21 62 48 132 26 56 71 131 10 6 83 14 65 40 11 5 18 61 15 176 10 6 10 49 75 117 21 7 23 72 59 
61803 
61981 2260 150 2201 752 
62440 2916 615 1693 365 2475 2934 667 997 46 44 1056 1938 1736 885 181 268 545 
69111 
61848 
61873 51 261 293 141 220 17 44 166 313 389 25 34 156 90 28 258 234 304 66 70 22 6 146 81 224 66 70 22 6 146 81 317 233 91 234 13 378 39 4 10 116 203 30 52 32 37 79 118 72 93 8 65 267 282 341 67 160 11 7 9 72 125 78 56 15 103 29 178 73 112 73 230 45 38 125 285 32 76 485 6 19 208 160 32 76 484 6 19 208 141 73 112 74 230 45 38 125 594 156 45 5 96 109 928 282 341 67 114 156 45 5 96 109 248 10 39 2 128 50 78 32 33 64 163 66 36 32 6 299 267 10 46 5 342 19 203 397 447 267 10 46 5 342 19 203 398 13 215 90 308 234 41 85 
62546 913 469 484 1886 552 174 260 355 111 731 127 403 365 32 343 120 316 177 40 944 985 471 317 177 40 624 25 64 1526 127 403 2295 448 232 1056 448 1229 143 
80681 
62203 
61804 
62458 
61852 1769 
78113 1736 
62086 
61853 562 151 8446 986 10052 
61975 2042 15437 
62381 517 563 75 267 2865 915 1162 53 2268 96 146 51 693 95 146 51 2546 951 53 980 10 1321 850 12 304 570 2049 
67004 390 1363 326 6770 326 986 
61855 13172 
62187 
62428 1016 808 5279 4728 2143 925 285 3462 
67414 
61892 8051 2933 4293 4664 
62474 506 4800 14299 
62236 6223 29 32 7035 29 32 3194 507 1229 545 
75040 
61915 386 685 203 17736 33 490 
62327 
61858 208 742 857 18 594 258 122 496 615 397 619 889 16 503 388 592 348 134 456 220 27 342 182 111 34 290 125 107 75 244 111 34 289 125 107 75 435 221 27 342 148 81 355 722 349 388 684 1063 151 262 24 64 114 142 11 33 167 224 620 337 24 64 114 142 11 33 167 224 410 333 715 
81747 
61846 4 36 119 32 97 128 78 32 130 19 71 447 384 177 91 50 54 51 240 6 82 93 128 692 615 604 76 77 192 6 85 4 62 100 50 174 3340 163 2771 163 1165 69 21 213 3647 70 1666 70 572 
68240 7096 
62281 19 19331 
62240 3908 61 26 497 11212 823 913 823 
61847 678 
62645 
62544 25 1630 7130 162 823 162 
61920 1125 1658 1736 403 3784 2934 1073 2143 
61945 123 374 1572 5132 
64973 615 9142 
61976 
61862 127 104 508 133 118 334 1981 615 528 89 262 99 1472 230 68 5671 99 27 289 712 230 68 718 99 27 289 174 913 108 51 562 1015 108 51 562 827 193 
62168 1175 69 265 986 209 352 263 352 4081 509 32 250 2142 510 32 250 1522 6621 
61909 48 749 47 289 423 46 75 168 880 303 7 608 7 591 40 35 41 8 196 473 13 143 229 523 133 66 404 118 1372 43 54 154 787 3 193 790 3 192 714 43 54 155 1027 59 427 94 21 92 46 655 118 631 59 427 390 436 187 16 241 209 3 647 620 16 241 209 3 647 1207 191 13 
62135 131 2466 644 615 356 36 33 10 21 126 2359 118 196 1947 24 41 473 447 24 41 473 1024 2288 118 1793 10 1726 10 
65204 615 11424 102 32 322 
61856 
79274 
62639 
69848 2933 937 
61877 566 994 19 19 12 51 462 1002 615 2262 189 458 709 100 736 776 226 56 197 507 226 56 196 693 1159 31 11 231 1186 684 31 11 231 1499 18 357 210 79 295 777 18 357 210 79 354 396 
61821 
80683 
62321 2765 615 4961 2934 4941 1736 
71599 985 1692 896 1247 459 5 1523 59 1677 59 
64294 265 1561 192 2119 2284 172 986 1776 1878 3655 
62136 3973 44 168 10 55 55 124 176 12 15 3 36 23 33 9 33 9 374 
61878 25 492 15 34 994 19 544 70 932 615 2882 311 10 76 565 406 204 60 37 317 5 432 147 4 30 15 175 60 52 61 3 62 377 147 4 30 15 174 60 52 61 3 62 284 204 60 38 317 5 739 31 11 1390 311 10 76 314 31 11 2394 295 1441 354 
74092 2143 
61866 470 701 686 4097 52 118 188 1914 858 986 1089 2250 3316 410 4 1322 
62642 
61879 708 1857 2080 135 4 1185 937 962 1169 523 463 522 2534 121 802 1226 
61880 485 103 4572 283 1156 1612 330 518 147 437 402 147 436 516 331 1618 602 1994 101 247 1137 599 
61910 21 776 880 1358 615 715 1577 721 1469 944 986 1003 1182 601 4 907 631 
81767 
62434 28 17 503 32 635 302 10 618 164 1857 260 488 766 430 7096 1307 165 150 257 454 107 1629 107 
61884 111 311 324 791 73 419 919 77 84 123 331 77 84 123 580 164 54 350 368 2133 25 4957 82 222 1839 82 222 227 362 72 175 295 129 334 888 385 129 334 971 
61887 223 175 455 84 20 1104 245 644 615 764 517 52 256 146 388 169 206 324 9 23 362 90 1854 98 2836 98 121 94 177 494 323 153 364 9 23 362 90 819 323 276 152 107 32 171 98 258 147 25 799 507 258 147 25 1007 132 27 341 81 336 
62109 1538 3817 2228 8319 1736 
81083 
68437 7096 
61960 217 136 6854 590 325 323 898 985 727 324 1647 2164 1054 66 23 1647 66 23 1106 186 220 88 19 174 28 
62143 5812 384 5629 1467 6431 
62631 1570 
69843 2933 
61893 678 1149 824 151 50 159 615 2247 17 666 571 1958 986 3581 571 793 92 138 88 737 10 134 68 1524 10 134 68 1103 103 762 32 
79240 
61788 871 645 4 1487 615 618 2108 973 709 964 986 980 946 366 1173 970 2741 
62062 7452 1843 39 36 28 50 29 174 629 39 36 28 50 29 174 
77768 1736 
61905 268 1690 246 3265 869 6298 798 1345 
62284 10 7494 8710 1736 
61871 100 32 504 208 81 147 29 179 8 17 1395 43 222 71 262 282 71 262 508 937 980 493 135 68 72 72 20 12 236 1936 985 1880 228 97 40 822 493 135 68 72 72 20 12 84 228 97 40 1332 533 488 55 660 533 1100 27 
62411 2304 13897 1736 709 
61829 864 646 1486 1 614 1 623 1394 711 970 711 963 986 984 943 356 4 640 540 959 4 638 920 1190 546 1184 
78194 1736 
62633 
61897 1198 
62158 
78030 141 65 17 26 45 36 1406 141 65 17 26 45 36 1893 
62818 130 1646 5530 850 986 1097 
61916 1311 1707 615 4257 
61864 211 846 6234 534 114 4499 2143 503 69 28 
62169 1974 13374 
62552 4757 11717 361 
61898 
62019 555 204 188 1183 136 822 14 601 14 854 171 206 375 51 398 86 68 20 66 990 944 162 145 398 329 96 390 500 96 389 428 162 146 398 129 38 1051 225 1070 854 108 992 86 194 73 65 85 1233 86 194 73 65 85 844 590 33 16 229 
62116 30 1498 533 590 1310 100 17 402 260 264 31 7852 
61906 6210 12853 
61840 2102 210 
62529 5547 2161 88 2846 88 5335 1736 
81638 
76843 
61907 451 41 2369 5499 2934 8312 149 48 
62118 8242 2934 4591 113 343 211 1069 113 343 211 
62637 
61908 337 24 633 55 12 151 465 1299 10 22 27 94 150 312 10 22 27 94 150 471 1230 78 8 92 19 97 9 44 7 319 39 84 120 41 157 72 143 28 124 67 38 790 161 274 192 215 14 84 46 50 69 56 42 43 55 203 238 55 11 13 40 65 46 50 69 56 42 43 54 203 238 55 11 13 40 87 161 275 192 215 14 77 13 260 136 84 70 7 38 16 13 160 7 22 85 12 87 104 203 6 113 91 38 84 120 41 157 72 143 28 124 67 38 113 84 70 7 38 16 13 160 7 22 85 12 73 35 2 17 40 271 3 265 49 8 4 110 25 17 189 23 138 18 19 70 37 22 48 151 396 66 748 23 138 18 19 70 37 22 48 151 396 66 78 15 13 154 6 79 30 125 47 31 13 198 132 85 20 14 25 43 149 91 25 
61911 21 341 42 393 321 559 1358 19 596 19 696 1577 721 1469 452 28 464 236 53 697 235 53 715 453 28 701 601 14 25 80 37 68 174 7 55 451 631 1492 143 114 13 454 1012 143 114 13 454 458 17 80 29 145 13 42 704 5 160 17 24 102 16 
61930 123 5280 14457 
62130 743 225 28 2 134 1578 22 250 119 15 94 115 22 250 119 15 94 224 102 5 8 25 1049 276 547 517 1194 432 671 986 844 433 839 103 540 60 53 424 517 446 103 885 258 1024 18 743 975 18 1325 
61861 2566 4104 7096 
64406 
61918 932 439 1109 976 615 4116 2933 1639 2143 2221 
61875 1309 2949 933 
61938 9640 985 
61778 
62423 44 605 375 4158 82 1342 2255 985 1541 2315 1762 1736 1241 502 
74966 
68638 7096 
64075 
62018 4947 1135 2190 2934 
62101 1324 9 295 14 53 29 330 28 64 150 53 2459 1607 499 359 25 927 84 226 222 266 341 379 266 340 810 84 226 433 221 376 225 787 499 256 376 515 100 775 225 690 333 39 449 225 1893 
63855 3719 784 2530 105 45 231 605 105 45 230 3200 1569 126 22 
61894 29 138 345 143 236 47 428 415 652 989 615 501 253 267 79 1525 435 433 200 234 319 482 231 81 351 333 221 81 350 333 151 320 482 912 396 176 575 435 561 1265 147 123 91 176 229 397 573 147 123 91 176 229 551 150 561 218 84 
62584 434 1880 615 667 140 979 473 356 85 474 23 308 55 5285 951 474 23 308 55 332 460 3 4372 542 126 
62325 858 3915 1319 343 2592 985 2603 255 318 343 5439 
74937 125 
62217 146 440 158 117 19 30 30 484 181 920 10009 141 
71557 985 5647 1736 
61968 
62241 
61946 89 438 600 95 241 2806 850 256 32 426 1043 209 2502 985 3400 209 1483 802 1736 1171 52 
76994 11 673 
75135 
61949 1121 
78692 1736 565 
67226 
62314 8958 985 5736 1736 
74258 2143 
62654 
61935 2127 4565 21 1853 149 2785 149 2139 21 2888 443 1293 1658 
70057 2933 
61833 270 444 34 1771 6281 2934 1260 
71747 985 
62138 2040 2282 618 12178 2201 164 
61799 4231 
61950 7771 4407 2143 
62081 68 94 254 6057 57 179 170 5418 1272 57 179 170 465 2501 312 26 
61896 568 454 3765 901 1739 555 287 2646 288 4331 536 670 1066 670 1460 106 92 
69947 2933 
61958 169 668 355 362 878 240 205 71 32 512 71 32 598 140 143 35 34 96 396 167 824 222 247 42 14 173 91 37 2171 19 28 159 780 19 28 158 1943 170 58 959 247 42 14 173 91 37 352 170 58 1311 691 165 15 865 691 165 15 947 
70149 1021 985 928 
62060 269 76 1350 109 7348 985 
62011 
61962 1219 64 752 103 323 1699 220 201 343 42 52 300 473 558 2 2 901 583 301 198 3 1261 985 486 199 3 811 839 141 381 2 2 1828 1966 40 2770 40 
67105 
61816 
62337 6058 147 297 2844 985 2823 147 297 1087 386 1698 
62556 24 17 866 781 829 615 577 1008 87 2083 281 1363 986 2043 2143 4487 570 
81681 
74479 2143 
62263 3847 175 2656 1549 31 1034 3 982 3 881 31 1505 1077 2325 653 153 930 
66060 
61963 19 626 1123 2518 54 290 391 361 13942 
67091 
62137 109 657 2104 615 1455 505 1095 1566 798 48 938 48 1102 2596 3414 
62407 1705 13898 1736 
61966 1312 406 293 1201 4 611 4 680 624 288 1551 1011 26 98 33 500 2276 26 98 33 501 732 127 17 46 11 513 130 4 61 853 381 127 17 46 11 1204 70 9 24 62 15 10 128 83 126 114 14 352 47 682 70 9 24 62 15 10 128 83 126 114 14 352 47 349 151 93 57 79 640 
61934 1843 61 52 178 584 635 615 454 1 813 11 646 566 369 119 310 30 121 148 301 840 286 986 1662 948 162 814 369 119 679 162 202 98 98 52 47 103 32 65 991 1736 
62602 
70046 2933 
61802 
68148 7097 
61937 6245 7096 3633 1736 772 
69430 912 2934 520 
62026 23 829 38 4782 407 538 165 258 843 1221 21 83 882 20 83 623 1587 19 1291 165 258 410 19 320 97 200 226 663 632 45 61 296 13 186 123 4 376 632 45 61 658 
62016 369 7817 2934 
61970 1614 1707 30 585 30 3211 11886 774 
69303 
61974 6662 421 1086 999 985 950 2655 421 
61819 864 
61943 439 16 20 786 832 635 93 1816 182 420 756 49 57 367 164 593 57 61 44 11 20 141 252 331 1544 985 404 874 997 618 164 1471 84 216 52 102 1193 1736 489 
62012 4810 1513 2354 901 985 1048 1808 
69114 
61881 16902 1736 
61977 
63330 
62224 6627 2049 397 23 70 177 17 302 396 23 70 177 17 3378 2359 1736 
62545 34 10 7 
62275 
61965 2227 19 2881 187 340 1129 7096 5487 
62024 23 135 3177 615 5053 986 2414 19 592 1532 19 843 
61984 358 925 252 847 5325 9772 
61948 1121 
81537 32 
62591 6110 1587 1406 985 543 1326 1249 894 1200 1736 
78948 
63197 7112 2934 5218 1736 
61998 402 134 401 6557 1160 27 13 872 985 1037 27 13 
61895 655 4014 210 8394 6017 
61993 
61996 486 973 273 96 338 314 132 1480 11 30 247 33 54 157 49 129 109 321 159 811 175 35 428 1224 600 217 986 1130 601 238 287 263 912 175 35 428 330 263 450 101 205 
61904 492 16298 30 1706 30 
61985 358 1650 29 1328 615 128 608 2067 639 991 351 2583 351 692 185 334 201 769 654 185 1597 419 1317 419 
62335 1165 17767 
67693 
61823 
69776 6 1529 985 
61801 870 3370 3078 
81702 
62341 6739 2483 985 3628 
61789 
62159 4634 383 10 
68011 
62866 17 5074 109 5663 60 
61992 902 831 4532 32 559 2339 985 1708 1473 32 559 2033 1736 
66305 8754 3144 1736 
61990 924 428 108 352 166 61 3289 407 505 234 201 35 1208 65 164 46 32 439 166 148 87 219 532 148 87 218 582 65 165 46 32 439 614 1124 234 201 35 549 581 8 196 4 18 22 230 54 199 225 96 17 742 11 32 16 28 28 766 96 17 742 11 32 16 28 28 238 225 57 158 576 
80700 
62232 1650 7 4051 1596 512 1345 985 603 1276 407 181 135 1420 407 372 735 16 185 123 17 133 607 15 452 188 16 185 123 17 133 
62238 18546 
62001 1124 1928 615 701 125 295 4455 68 917 68 2500 
68089 
61869 22 109 207 37 24 126 69 367 18 135 786 4 803 26 87 57 558 615 279 129 179 251 58 325 545 89 341 106 24 53 64 20 503 87 186 639 101 491 601 163 258 33 11 521 162 258 33 11 391 492 780 115 78 232 39 649 101 24 53 64 20 503 87 178 115 78 232 39 198 16 186 6 3 125 99 3 39 123 42 150 209 208 26 161 259 621 64 397 208 26 161 259 820 846 
61863 211 2476 4604 648 4499 2143 572 28 21 119 12 
62057 11839 
73895 2 
62004 320 1406 98 807 41 554 59 556 59 464 70 54 489 909 596 252 21 94 97 128 410 164 77 21 1429 36 136 813 36 136 2593 653 252 21 94 97 128 1056 508 3859 
63554 1784 615 3232 531 402 37 279 446 756 230 755 430 38 279 552 659 227 1916 681 234 14 
61933 289 277 681 6286 8516 1736 
62013 67 4378 24 2501 245 6851 2527 1736 1251 
70252 2934 
62014 6300 1885 799 986 1149 2277 
61936 2023 4 6561 2934 1759 1671 324 
61826 
68319 7096 
62643 594 1550 609 615 3084 714 943 2934 999 541 965 637 2099 1736 1420 
61845 681 
62279 
62022 1605 322 63 924 143 20 72 70 310 143 20 72 70 1035 589 352 682 177 80 1640 570 470 129 387 469 129 780 876 122 282 985 177 80 497 122 282 592 81 235 3050 130 
62892 
61885 15583 1060 495 1241 
62023 4 849 532 4288 407 101 33 88 18 18 180 259 477 155 50 46 36 1532 136 850 135 1957 53 195 177 701 33 88 18 18 180 259 421 53 195 177 203 46 690 1036 412 4 9 1311 
74066 2143 
62543 267 399 3681 908 9 118 1055 1754 99 213 410 202 31 130 213 409 202 31 994 697 209 1502 432 209 2443 173 2224 328 
67223 
62033 528 16753 23 
62025 13 10 491 15 1188 2795 3442 240 255 13 123 1133 985 184 241 255 13 123 884 19 2124 19 843 1969 2635 
62092 6936 1921 986 4189 
67602 34 177 20 5917 174 
62028 17108 
74847 
61780 
62030 6340 7096 
78677 1736 
74136 2143 
67729 1037 21 42 18 83 110 529 6293 21 42 18 83 110 
62031 9483 985 
62034 218 151 132 75 913 878 97 1716 850 256 32 3225 2934 679 2143 2360 184 1552 184 661 76 580 
62036 1484 85 12 155 37 57 52 305 637 64 551 64 751 313 298 16 180 141 74 780 18 513 286 968 282 8 574 522 985 562 283 8 574 529 1515 286 342 1116 3 10 5 4 1048 604 1132 1211 
70796 986 
62039 
62015 305 7881 2934 
61794 
62359 445 776 22 1245 115 84 28 8 380 115 84 28 8 2527 201 48 116 80 82 145 116 880 1346 501 484 501 101 1300 267 356 145 248 46 12 121 201 48 116 80 82 145 116 160 267 1298 129 8 55 3 140 185 76 149 237 39 715 129 8 55 3 140 185 76 149 237 39 154 21 10 17 69 38 159 64 10 277 41 25 45 15 14 117 45 238 19 18 90 
67502 704 7096 5526 
62040 484 687 371 350 209 353 668 615 1870 23 196 1440 123 104 107 259 388 50 62 250 763 985 435 389 50 62 250 874 12 2131 12 289 596 1026 151 442 194 39 13 111 786 151 445 845 62 246 64 
62043 81 5070 2377 11560 377 197 90 
66037 
62044 5360 616 9799 282 28 237 1189 282 28 237 1460 
76860 
62367 2063 12765 
61810 10958 1945 
62045 442 290 2158 615 2068 1075 763 565 372 912 985 664 373 405 38 2019 1316 254 1898 90 1378 309 
62050 1112 1475 13973 441 1295 
66255 
61964 
62055 1943 1041 615 1681 7209 2143 
78110 1736 
70502 2934 8620 
62523 6227 4995 2101 
62265 2668 615 2253 10 2775 463 36 612 338 36 611 838 4636 413 118 1205 413 118 
74697 
62056 
62120 2051 2386 134 424 4524 82 903 82 5542 1736 
62564 
62607 1657 104 352 2213 982 556 20 1447 115 27 14 601 121 19 967 19 1050 115 27 14 602 1938 20 2321 1736 
62267 1543 101 527 1888 1561 333 495 2135 78 482 33 393 78 481 33 1783 597 508 495 543 945 
61959 217 4338 18 495 61 4466 985 2420 
62058 1336 5064 7096 
64385 122 2900 11666 1827 
61969 
62064 98 920 1950 13 175 427 13 175 8743 2143 
62069 469 68 14 1052 3565 1385 547 206 288 41 5 91 948 277 986 1671 48 235 211 1542 601 1012 1931 1861 
74796 
66183 802 
62253 130 50 653 1999 615 5945 985 2382 31 3024 624 1112 624 633 813 
62070 643 499 1117 6237 99 2835 99 687 801 1342 2225 1736 
61997 448 38 1451 45 969 615 942 656 230 1110 839 4780 45 31 11 1390 666 45 31 11 1439 148 52 15 11 25 11 73 77 79 63 47 9 426 20 680 148 52 15 11 25 11 73 77 79 63 47 9 426 20 495 11 256 511 27 53 49 8 
78974 
62347 484 10 1903 561 615 410 677 1702 1488 850 986 1098 1516 372 786 985 2532 23 
62748 2480 121 494 121 2827 1582 1109 985 840 561 2019 1206 8 169 287 810 1736 1154 
62071 2083 
61814 866 644 1491 615 620 1394 711 973 710 964 986 983 943 363 639 536 968 637 917 1736 1185 
74554 2143 
63878 7322 376 609 376 
64145 978 248 20 347 248 20 11841 1736 1806 
62427 
62073 329 415 6686 4369 278 249 1894 249 4432 486 
62148 2440 538 13 116 486 13 116 670 656 520 589 37 162 79 1305 2933 1629 349 602 37 162 79 914 450 1333 253 499 984 253 557 227 129 635 122 9 
74823 
73723 
61806 
62077 
61798 
62082 
66056 
61865 285 122 1011 11046 173 1970 173 2683 
62083 2162 686 66 549 66 461 118 313 100 45 451 877 575 151 86 480 692 1148 986 799 1299 400 1055 151 86 451 400 2377 1758 236 729 
62084 172 1914 161 108 66 1745 87 184 278 307 240 7175 2143 
61922 25 63 195 11 146 398 314 10 9 76 21 75 5 23 117 1006 296 43 304 50 21 201 343 50 21 201 540 84 13 152 46 63 24 94 1604 164 120 71 250 41 383 33 37 43 252 10 39 129 446 15 270 30 111 41 40 175 32 44 57 55 40 119 4 60 178 30 111 41 40 174 32 44 57 55 40 119 4 60 231 10 39 130 446 15 322 540 445 195 107 520 164 120 71 521 639 658 117 461 92 84 982 117 461 92 84 545 298 26 92 34 52 287 212 38 51 
64565 12349 28 58 
62248 7120 93 33 109 160 5 5097 
71476 985 5522 1736 
68637 7096 
62085 472 1445 248 237 2069 398 400 32 2091 176 26 296 42 385 2506 42 386 1071 189 1954 189 1526 1736 
68830 7096 
62087 2037 10191 2143 
64806 615 8647 2143 628 
62094 2325 7028 57 8 920 57 8 8603 
61928 
62095 
79013 154 
70401 2934 8082 
65165 615 8755 2143 
65320 615 15549 
62166 4552 
62490 1574 2446 410 17 305 1 1 1751 494 908 349 468 985 1132 349 55 908 1448 695 774 1 3464 6 
62097 16061 1736 
62098 
78019 1736 
69856 10 6 24 17 80 130 25 72 45 30 56 72 119 80 86 446 15 25 180 765 15 25 180 430 10 6 24 17 80 130 26 72 45 30 56 72 119 80 86 106 24 57 13 35 45 68 32 
62078 
62099 
62276 1192 
63347 
62102 4604 530 
61988 2668 
61961 179 27 164 705 20 21 565 2453 51 149 161 15 25 16 16 19 65 3 3 42 15 23 27 114 49 44 36 55 22 28 14 25 15 36 11 3026 2934 8842 
62113 238 2988 47 568 47 2892 7096 
62104 7377 7533 2018 21 352 24 5 1662 594 13 
62105 
62051 7898 2933 976 87 5202 321 
76852 
62193 
74721 
62823 11083 4947 1736 
62106 4130 400 394 3065 2933 2083 
71021 986 9204 
62108 18750 
64233 28 1023 615 4068 87 314 54 194 2284 87 315 54 194 411 28 3535 
62220 1875 80 45 1901 300 2012 1702 98 295 311 28 217 542 12 64 123 28 217 541 12 64 382 98 295 1126 941 1202 190 1436 1736 
62111 53 
62091 5240 1514 7096 3277 1551 770 200 
62088 2110 14 6073 252 2682 252 495 519 2143 2408 
62154 
79153 
62209 319 552 307 506 409 458 121 319 296 319 252 7 15 93 199 15 29 19 2 95 235 12 505 1960 693 2933 1367 9 395 1739 9 395 2071 153 202 1381 230 
62299 219 6088 1610 1065 985 884 1651 901 1263 2442 
77024 
69999 1706 985 242 
62112 53 184 1178 505 78 70 437 82 1445 1065 47 951 1152 226 146 22 4347 558 161 484 940 558 198 905 12 792 32 67 833 12 792 32 67 267 75 273 125 
63635 3847 46 18 87 11378 16 19 34 10 22 
62114 1944 611 1966 448 1853 15 7081 15 4826 
63472 289 31 43 7019 986 
62211 
65143 615 
62119 7877 498 2435 499 761 397 1746 397 1752 1736 1132 
62115 30 1498 533 540 50 1310 100 17 402 260 264 31 
69907 2933 
70604 1111 985 838 4961 1736 1062 562 
62121 1727 324 49 1854 15 102 51 315 134 424 103 56 
62229 5 
62122 2168 838 249 366 249 606 
62123 1409 158 936 4114 2378 986 3732 2516 116 1620 116 
61901 171 125 192 187 253 928 207 520 819 80 535 80 1775 614 226 540 23 1041 2934 1867 465 226 1235 16 28 2 39 69 133 2 68 92 18 4 30 2 54 12 59 23 11 56 4 2 15 381 498 1238 498 1041 232 36 398 
62310 7 
68731 7096 
62131 306 11 69 880 29 365 93 31 222 1185 615 365 299 22 572 29 59 1866 44 437 96 341 2933 1169 18 118 2007 18 118 766 2207 
61828 
70629 2934 
70061 2933 
62192 90 9 18 3 4 7 5 76 775 61 34 795 1080 137 478 137 224 810 1125 418 779 358 16 5 504 10 3 28 270 60 512 414 572 413 652 10 3 28 270 60 371 812 164 782 1197 310 11 8 6 52 1 33 77 4 2 3 16 2 45 215 34 1111 1736 497 243 231 187 471 
62125 
62126 6252 7096 
62128 225 2647 615 525 26 29 6 176 33 25 114 32 62 78 91 109 77 21 31 17 13 87 36 61 93 18 386 15 441 227 7 94 39 101 26 24 18 87 35 88 18 54 933 629 2304 630 677 317 788 227 7 94 39 101 26 24 18 87 35 88 18 54 220 317 838 101 20 
62042 393 11 70 59 771 49 37 161 107 9 18 67 29 91 2385 7885 2143 962 4055 
62139 13 668 1593 701 157 73 385 157 73 502 28 204 26 360 38 7752 2972 314 1422 314 1567 
74461 2143 928 
63783 
62231 99 508 969 551 292 246 615 1266 763 230 291 413 542 732 711 2934 963 1214 542 387 463 110 187 15 3 111 66 48 2 17 104 66 37 529 56 1680 56 1057 228 542 126 
62450 392 91 63 17 4 333 68 63 68 7 10 46 7 39 16 13 19 54 108 26 31 41 25 32 56 24 22 14 103 6 28 38 12 20 15 10 33 36 11 20 9 12 18 22 20 39 10 19 41 25 23 60 9398 16 2127 16 5022 580 33 
64337 
62141 2716 615 2193 723 3187 985 2924 
71559 985 
61925 811 1875 160 3530 1216 935 2934 625 1203 183 1915 84 10 20 11 107 2 40 16 38 7 1247 172 1564 
62198 4449 2716 4672 
81575 
62270 6195 7096 
62652 
62364 6026 1116 426 145 26 2762 145 26 1387 1063 1080 1916 754 982 
64725 
62368 1492 602 1810 893 1832 301 12 700 40 863 330 317 139 200 329 317 139 259 40 973 2137 890 206 119 563 536 645 17 373 165 536 637 1145 
69130 
66047 
62144 2303 
66186 2378 1392 2933 2771 5307 
61940 1562 981 648 615 1040 2206 595 141 1325 617 369 616 1589 18 152 1674 299 18 152 4226 
62455 467 1667 451 126 489 126 1869 608 1310 230 392 672 197 280 509 197 279 800 1421 809 1334 399 1241 714 244 778 
62155 
62791 311 
62178 3904 753 
61872 28 52 28 116 11 153 128 3 35 106 8 45 242 227 58 24 116 7 7 85 76 24 40 18 22 26 119 293 4 9 44 25 60 49 682 14 11 55 46 86 40 127 236 14 11 55 46 86 40 127 431 10 1239 343 194 71 86 82 134 9 7 25 25 165 13 400 12 97 24 115 21 116 30 14 24 22 248 291 100 100 123 235 49 34 134 38 13 125 25 200 35 133 160 102 155 38 13 125 25 199 35 133 160 102 342 101 100 123 235 49 34 136 159 284 113 187 278 21 336 133 82 134 9 7 25 25 165 13 400 12 203 113 187 217 153 16 153 411 247 17 138 26 63 56 49 173 67 8 50 35 205 75 8 48 90 10 289 139 190 17 138 26 63 56 49 173 67 8 50 35 205 75 8 48 203 7 33 7 63 38 25 46 18 112 193 250 13 206 90 107 
68397 518 6578 518 
62100 
81997 
62157 2160 105 6591 986 
80742 973 
66472 
62461 153 8 536 395 1594 615 688 29 2613 371 156 16 6553 
62196 220 671 1238 29 2064 70 214 8276 3090 451 167 1118 451 167 639 216 597 
62142 925 18821 
61781 
62160 7829 9 1020 288 17 681 287 17 614 9 
67113 
62161 98 553 12346 
61927 678 13 6 1719 5194 3 5664 2227 120 3473 5 
62171 8192 2934 
62175 1211 5129 5833 1263 880 
77749 1736 
62021 903 14089 
62190 1380 5906 560 2933 1174 2143 874 374 292 1736 
70756 
69831 2930 
62181 
62773 442 6589 10920 
62191 2648 615 6095 985 2118 2143 
74689 
63623 4300 1396 9950 1487 977 
61820 
74709 
62413 3667 2266 282 3 345 2228 985 1839 535 879 282 3 345 634 210 319 1469 681 1055 759 
68867 1026 37 380 66 41 30 97 1182 985 115 37 381 66 41 30 97 282 223 1980 2137 1736 1384 
62204 2537 1517 172 
76892 5 
62338 31 6625 639 6457 837 943 1736 
65357 615 1559 1756 4470 175 7620 155 
62727 22 85 5418 394 6702 394 
62250 910 
62277 
70113 2933 
62871 11365 2143 2360 1736 
62206 397 802 302 498 1886 280 27 33 
66656 
62213 7098 
62133 
73706 
62214 130 16 686 45 1564 1453 264 57 66 51 670 1615 826 325 42 631 2260 42 632 2338 2042 1736 
62202 1202 304 532 2882 
62376 139 4158 8098 
62233 7794 2933 
62429 122 369 3884 11205 1736 1650 250 
62237 
75028 
61784 871 645 1491 615 618 1396 712 973 709 964 986 980 946 366 635 538 970 634 917 1190 546 1187 
62449 899 363 789 481 615 4667 2934 633 280 56 2087 56 2340 1736 908 54 542 
62274 477 228 4784 2124 2933 8414 19 
78713 1736 
62239 1458 720 206 108 6 1524 92 6 468 2064 409 733 170 1 2762 171 1 1008 687 271 883 302 770 602 134 732 156 118 304 182 11 233 732 156 118 285 574 575 
62242 1529 94 52 35 1118 615 431 5036 985 2104 278 1865 278 904 426 1736 
61831 120 21 69 35 41 30 83 19 48 35 43 46 30 49 37 35 11 3489 62 104 13 115 51 157 17 15 47 19 17 18 95 22 35 117 79 5 48 35 34 44 12 20 18 51 25 58 
79238 
62247 
62251 
61888 2573 10540 136 3323 1736 
62257 9357 985 2521 
73910 90 
61941 528 522 124 266 2762 97 183 832 140 1310 5059 882 13 1142 988 13 4082 718 
61812 
62258 4774 
67679 3700 79 164 742 79 164 
62183 3177 615 
65098 615 
62261 773 1550 2367 3237 513 735 985 701 513 1003 2143 1711 327 1409 327 
67061 807 1818 1524 985 5947 400 1336 400 
62271 9345 985 
61978 4575 135 3595 196 2738 196 
79252 
62460 326 645 10613 303 2143 
62280 1409 424 512 225 379 236 379 5757 985 1437 708 123 197 2076 454 302 667 126 1610 126 467 12 
71222 985 
66853 
62089 250 1298 147 30 107 305 23 74 874 615 2616 350 122 429 15 757 105 4 322 21 272 632 84 52 68 80 70 631 84 52 68 80 308 106 4 322 21 354 53 56 8 1566 350 122 3037 174 2326 
64817 
62287 19225 
62384 
62288 1209 3441 3686 2934 
62226 
67490 35 40 
61953 3309 615 898 590 1815 743 2933 1191 4535 84 133 1519 84 133 
80715 49 25 71 295 590 51 
62289 259 471 126 605 50 185 178 88 143 227 355 33 582 33 1777 2021 271 5098 3020 586 1150 586 830 
61825 
62292 
62293 4355 1608 110 231 1500 2933 2322 110 231 
61867 834 1238 1144 615 1142 1780 47 5862 199 124 153 711 47 909 235 47 1043 665 26 1045 665 26 961 85 304 
64516 1924 12353 1736 
62221 4 824 92 1162 39 1911 341 687 1609 512 1765 985 2051 836 947 360 4717 
62311 1651 25 664 2594 4023 985 5654 1736 1157 123 523 15 152 42 57 6 
62305 1816 
62200 232 401 24 105 6 1137 2014 198 24 1044 188 783 2530 986 3040 98 83 359 1534 123 140 161 189 749 1736 1015 728 
62318 2091 605 615 1392 1206 990 1530 493 985 1456 1642 2141 
64859 615 2461 
62319 4581 3837 2934 3285 1062 1736 1441 
68524 7096 
62322 58 29 651 2028 615 
67371 
62326 1182 1366 615 3735 4914 2143 1785 1736 
62334 1164 
62346 
63198 
62350 4466 1194 6863 
62357 711 13 13 1782 99 516 99 4344 681 2252 682 888 604 1539 1986 296 1440 296 589 644 
61870 42 30 37 7 8 176 182 3 32 38 16 24 27 2 19 18 180 3 4 61 82 71 39 7 50 25 18 274 100 110 256 31 99 14 21 18 10 5 21 638 80 1499 62 989 16 29 38 7 80 6 41 72 89 30 18 27 36 41 27 8 59 42 11 8 29 7 29 146 57 40 57 254 43 378 122 33 24 114 41 717 140 186 2607 141 186 478 388 22 8 233 14 813 57 40 57 254 43 378 224 22 8 233 14 305 11 215 306 76 51 126 103 68 84 15 14 2 43 19 44 23 215 34 24 156 89 17 18 42 16 11 58 39 7 9 41 648 68 84 15 14 2 43 19 44 23 215 34 24 156 89 17 18 42 16 11 58 39 7 9 41 72 40 6 13 4 5 5 16 8 51 24 12 25 25 25 19 11 5 9 15 13 5 8 18 11 15 5 18 5 28 36 14 30 9 8 15 36 29 2 24 20 5 23 10 29 23 27 18 14 5 8 9 13 45 12 29 15 15 15 15 17 53 10 16 8 10 15 49 51 45 33 29 17 
62366 12514 
62371 227 602 499 3017 956 707 2126 2934 790 1246 897 2862 1595 
62374 732 23 1734 615 2949 733 743 432 312 382 986 821 433 312 469 198 1275 868 491 1639 18 743 975 18 941 609 
64843 615 
62379 7546 2933 2119 3044 455 1281 455 524 460 
67946 
66078 1294 285 2301 50 2883 50 
62386 15104 
62638 
62392 106 456 15107 1736 2243 
62393 6473 7096 
67446 
62397 
78714 1736 
69601 
62401 
62408 8568 189 83 714 188 83 1907 2143 2175 405 361 970 405 245 112 575 
81483 6 148 
74273 2143 
62412 2921 615 2333 7096 3862 171 1674 
78946 
62414 1626 13 5215 2283 985 5302 1736 1494 147 
71114 986 
62419 747 581 2615 2403 274 5485 1337 274 532 2382 139 
78707 1736 
70208 305 2629 305 
66513 
62430 
62431 626 67 24 102 537 320 3407 19 64 2083 4435 761 1382 1786 63 1673 63 
62512 1186 
81478 
76846 
69706 
62436 3864 
62438 72 190 61 136 2 18 697 36 201 581 107 56 79 7 379 190 73 352 190 73 217 177 19 220 106 70 19 81 116 33 176 12 548 176 8 857 95 11 99 27 82 97 6 89 73 135 125 100 2 364 3 845 319 667 318 781 3 1029 250 238 72 60 255 29 136 786 95 11 99 27 82 253 238 72 60 213 11 179 19 246 5 256 80 793 144 6 161 106 56 19 69 7 33 52 290 793 144 6 161 702 144 304 262 
62447 949 
62453 3650 212 674 389 833 7096 
81937 
62514 1519 
69452 1869 84 901 84 2397 
62865 12 5 24 518 100 15 554 65 69 19 49 21 23 12 45 6 97 61 49 1927 335 54 574 153 45 105 73 92 11 73 18 35 67 13 17 46 48 42 20 14 9 11 5 36 95 30 14 10 61 137 30 54 111 91 913 3 42 28 48 374 34 102 85 154 30 28 57 101 16 30 40 83 601 30 28 57 101 16 30 39 83 693 3 42 28 48 375 34 102 85 563 197 180 700 12 17 46 48 42 20 14 9 11 5 36 95 30 14 10 61 137 30 54 111 91 173 197 180 1421 702 296 738 702 781 580 
62456 2436 615 
62457 1908 6278 2934 684 291 241 1611 291 767 
62459 5558 516 1099 128 798 2934 2137 1909 101 
62471 
62472 1167 3187 196 756 9378 453 1169 1736 
62218 
62475 506 23 26 4751 
62480 
74645 2143 327 1215 1048 34 654 
69846 2933 
62484 4398 524 3850 268 717 268 1887 2143 524 2260 1429 64 439 172 
62486 1631 27 978 615 427 201 621 1041 245 2831 986 3279 1834 4007 182 
76198 
62488 319 2345 615 1291 4349 985 9416 
62489 931 706 219 47 438 315 300 315 344 24 207 127 11 17 121 51 51 183 234 116 94 849 87 140 205 312 770 170 159 306 177 361 67 89 830 67 89 788 159 307 177 569 24 383 47 813 87 140 205 312 539 47 353 5 687 11 59 270 221 9 47 48 191 218 612 2 388 221 9 47 48 191 218 351 33 138 348 59 383 
62491 12447 
66232 1306 2024 12225 
62493 1938 4982 8056 3659 
81725 
62501 1058 1794 615 
63716 133 319 350 1726 1032 2305 18 628 7 90 278 2559 7 90 278 465 2894 1461 1736 973 868 
62503 57 6645 5895 3784 1736 
62504 
62505 936 1013 2198 2856 8721 1736 
62595 
62508 432 148 2277 615 2826 1506 20 843 194 791 194 892 20 1402 438 796 909 477 325 315 1736 1507 119 
62511 967 3067 186 208 27 181 178 1661 52 1087 1300 985 648 1141 84 1799 52 208 84 2568 319 
62520 6973 1825 985 6364 1736 1502 
62522 714 3667 4422 985 2330 2143 1564 1736 
65272 615 
62527 
62530 
67431 
62533 1451 2179 10855 56 133 4204 
62536 16149 378 1358 
62541 2099 3881 1053 1103 2934 2006 2671 709 1027 
76880 
62481 
62542 
70853 
62184 514 4779 14 86 34 164 12995 
62553 
62615 1610 2694 1082 1222 398 2057 985 1459 104 2039 104 1440 1736 1335 627 
62555 534 5555 54 107 580 2 1787 57 928 57 2210 19 1295 54 107 668 19 1965 89 130 679 7 831 89 130 387 216 
62695 3985 1401 349 7096 
62559 230 375 67 12 6 7 1248 426 85 12 518 85 12 3152 274 1932 986 2311 84 40 78 482 909 274 276 84 40 78 277 48 127 8 145 16 154 3 24 9 67 39 32 7 90 24 17 77 200 771 765 200 771 204 817 
62563 
69955 2933 874 
62565 
62568 
68723 1884 2934 2278 
62570 803 1408 68 270 345 270 2890 7096 1660 4030 406 
79324 
62806 1493 50 3877 7096 
62577 
62594 1740 118 105 29 714 615 227 20 260 186 97 31 46 87 23 20 299 43 5 245 91 39 29 55 85 89 42 38 295 189 300 157 860 7 7 3 104 345 53 11 13 12 13 4 14 23 629 986 830 346 53 11 13 12 13 4 14 23 433 174 289 52 42 146 52 554 18 287 189 300 157 346 52 42 146 52 271 140 70 167 59 1 10 205 88 48 5 1070 101 5 199 182 24 1225 101 5 454 147 211 147 110 147 57 
64886 615 4525 2933 6167 
64982 8 6 15 9 577 8 6 15 9 8476 404 1739 404 1992 159 1577 159 749 
62578 4397 4522 48 937 48 1511 4694 1736 930 25 189 
62582 8 229 472 442 234 233 2041 706 199 141 1630 246 6850 1646 221 99 166 116 1355 99 166 116 
62588 3760 1489 1156 507 5295 1294 3370 
62599 
64887 8 22 585 8 22 8823 2143 4738 
61973 404 365 731 472 1294 615 1712 787 1909 621 986 1327 2253 2642 340 1396 340 1592 204 
62600 3701 92 244 11494 1736 
62604 
62611 86 228 1061 17 530 726 615 686 272 79 23 1692 49 1518 1044 96 889 96 809 1195 888 512 49 694 556 648 1241 181 277 1278 1412 
62612 1269 6556 2934 363 532 2143 
77865 1736 
62613 3695 2989 5571 5895 
62616 6003 7096 
63281 
62617 4 4 2526 615 457 4 606 1086 2514 439 986 1509 551 26 7703 
62626 2147 361 52 563 52 2264 809 212 944 2933 1066 1941 212 856 135 1954 
62632 15391 1736 1543 
62634 
78522 1736 
62635 
67478 46 15 39 52 29 35 45 25 110 38 17 14 85 787 1182 899 171 54 217 42 502 171 54 216 42 565 2981 2181 889 39 154 6 104 104 31 18 391 
62951 134 20 11 135 11560 87 9 24 23 21 36 9 36 1 29 3058 1736 
62636 
62640 
62641 
62644 286 58 299 1501 94 455 60 100 455 60 1705 79 50 659 8 583 714 943 2934 268 731 535 6 374 8 583 637 712 1387 1736 555 856 9 
===Document Endings===
[www.washingtonpost.com/world/national-security/senate-set-to-question-trumps-pentagon-pick-veteran-marine-gen-james-mattis/2017/01/11/b3c6946a-d816-11e6-9a36-1d296534b31e_story.html?tid=trump-brief&amp;utm_term=.48e6edc3e62d, 62645, 868]
[www.washingtonpost.com/world/national-security/first-sign-of-enhanced-us-russia-relations-under-trump-an-invite-to-syria-talks/2017/01/13/81d443d6-d9b9-11e6-9f9f-5cdb4b7f8dd7_story.html?utm_term=.63bb579398d7, 63294, 649]
[www.washingtonpost.com/world/national-security/nearly-the-entire-national-security-establishment-has-rejected-trumpexcept-for-this-man/2016/08/15/d5072d96-5e4b-11e6-8e45-477372e89d78_story.html?utm_term=.f4d9eda5f0d0, 64789, 1495]
[www.washingtonpost.com/world/national-security/russian-ambassador-sergey-kislyak-is-moscows-low-key-man-in-washington/2014/03/22/023bf46a-b122-11e3-a49e-76adc9210f19_story.html?utm_term=.7277525fc773, 65398, 609]
[www.washingtonpost.com/world/national-security/russian-ambassador-sergey-kislyak-is-moscows-low-key-man-in-washington/2014/03/22/023bf46a-b122-11e3-a49e-76adc9210f19_story.html?utm_term=.3c61fa948d78, 66013, 615]
[www.washingtonpost.com/world/national-security/as-a-general-mattis-urged-action-against-iran-as-a-defense-secretary-he-may-be-a-voice-of-caution/2017/01/08/5a196ade-d391-11e6-a783-cd3fa950f2fd_story.html?utm_term=.2adab72bb345, 67409, 1396]
[www.washingtonpost.com/politics/fbi-once-planned-to-pay-former-british-spy-who-authored-controversial-trump-dossier/2017/02/28/896ab470-facc-11e6-9845-576c69081518_story.html?utm_term=.6b1897553d12, 68130, 721]
[www.washingtonpost.com/world/national-security/obama-orders-review-of-russian-hacking-during-presidential-campaign/2016/12/09/31d6b300-be2a-11e6-94ac-3d324840106c_story.html?utm_term=.fda81a951bba, 69097, 967]
[www.washingtonpost.com/world/national-security/at-the-justice-department-sessions-could-play-a-key-role-on-immigration/2017/01/07/84a94a54-c7c9-11e6-85b5-76616a33048d_story.html?utm_term=.b329d6736549, 69811, 714]
[www.washingtonpost.com/world/national-security/russian-government-hackers-penetrated-dnc-stole-opposition-research-on-trump/2016/06/14/cf006cb4-316e-11e6-8ff7-7b6c1998b7a0_story.html?utm_term=.615767b5bcca, 70754, 943]
[www.washingtonpost.com/world/national-security/intelligence-community-investigating-covert-russian-influence-operations-in-the-united-states/2016/09/04/aec27fa0-7156-11e6-8533-6b0b0ded0253_story.html?utm_term=.0a8e4ed4abcd, 71757, 1003]
[www.washingtonpost.com/world/national-security/intelligence-community-investigating-covert-russian-influence-operations-in-the-united-states/2016/09/04/aec27fa0-7156-11e6-8533-6b0b0ded0253_story.html?utm_term=.efa1a337a83a, 72742, 985]
[www.washingtonpost.com/world/national-security/russian-government-hackers-penetrated-dnc-stole-opposition-research-on-trump/2016/06/14/cf006cb4-316e-11e6-8ff7-7b6c1998b7a0_story.html?tid=a_inl&amp;utm_term=.886403d614f0, 73688, 946]
[www.washingtonpost.com/world/national-security/cyber-researchers-confirm-russian-government-hack-of-democratic-national-committee/2016/06/20/e7375bc0-3719-11e6-9ccd-d6005beac8b3_story.html?utm_term=.8a8afdb3f74e, 74054, 366]
[www.washingtonpost.com/world/national-security/moscows-man-in-washington-is-at-the-center-of-the-political-moment/2017/03/02/7e624234-ff6b-11e6-99b4-9e613afeb09f_story.html?utm_term=.4ffcb3f9e15d, 74687, 633]
[www.washingtonpost.com/world/middle_east/turkeys-erdogan-pivots-to-putin-as-tensions-rise-with-the-west/2016/08/08/43c19884-5d93-11e6-84c1-6d27287896b5_story.html?tid=a_inl&amp;utm_term=.b23c79a43865, 75228, 541]
[www.washingtonpost.com/world/national-security/obama-orders-review-of-russian-hacking-during-presidential-campaign/2016/12/09/31d6b300-be2a-11e6-94ac-3d324840106c_story.html?utm_term=.5a2729164b63, 76193, 965]
[www.washingtonpost.com/world/national-security/moscows-man-in-washington-is-at-the-center-of-the-political-moment/2017/03/02/7e624234-ff6b-11e6-99b4-9e613afeb09f_story.html?utm_term=.04d4d3eb3fa1, 76830, 637]
[www.washingtonpost.com/news/the-fix/wp/2017/03/02/transcript-of-jeff-sessionss-recusal-press-conference-annotated/?hpid=hp_hp-top-table-main_gopreax-840a%3Ahomepage%2Fstory&amp;utm_term=.b50f72958937, 77740, 910]
[www.washingtonpost.com/business/economy/trump-advisers-public-comments-ties-to-moscow-stir-unease-in-both-parties/2016/08/05/2e8722fa-5815-11e6-9aee-8075993d73a2_story.html?utm_term=.769a92a7992a, 78929, 1189]
[www.washingtonpost.com/world/national-security/fbi-wants-access-to-internet-browser-history-without-a-warrant-in-terrorism-and-spy-cases/2016/06/06/2d257328-2c0d-11e6-9de3-6e6e7a14000c_story.html, 79474, 545]
[www.washingtonpost.com/business/economy/trump-advisers-public-comments-ties-to-moscow-stir-unease-in-both-parties/2016/08/05/2e8722fa-5815-11e6-9aee-8075993d73a2_story.html?utm_term=.04f3793793a6, 80665, 1191]
[www.washingtonpost.com/politics/inside-trumps-financial-ties-to-russia-and-his-unusual-flattery-of-vladimir-putin/2016/06/17/dbdcaac8-31a6-11e6-8ff7-7b6c1998b7a0_story.html?utm_term=.2375c03dff9a, 82085, 1420]
