===STATS===
unique words: 3320
number words: 20446
number docs: 26
===========
101567 
100337 
100363 
100338 
100696 
99470 
99781 
99443 
99461 
99472 
99756 
99653 
99473 
99514 37 91 44 60 40 22 37 28 74 6 59 145 15 56 28 
99851 
100186 
99462 
99460 
99735 
99983 
99475 
100219 
99506 181 156 335 21 15 15 76 
99798 
99492 315 
99476 
99437 
99988 
99669 82 22 
99811 23 19 14 11 36 102 22 65 18 25 5 32 
99516 
99452 
100191 
99465 
99525 362 
100333 
99538 770 
99963 
99937 
99736 52 
99553 
100107 
99549 110 269 14 9 24 9 223 73 38 
99680 
100094 
99758 549 
100160 
99981 
99729 
99457 
99694 23 47 38 208 
99697 27 24 51 
99753 
99858 10 
99436 
99964 
99741 
99743 
99526 34 21 9 298 15 9 18 218 164 
99712 
99450 
99760 
99796 
99800 
99813 
100334 
99938 377 
99939 
99960 
99481 
99980 
100002 
100003 
100008 319 
100011 
100025 
100026 46 
99731 
100041 
100043 68 43 
100044 111 67 24 
100081 
100095 
100173 
100174 
100180 
100193 
100215 
100236 7 
100319 
100322 
100326 
98940 
99019 
98939 
98954 
99258 
98979 
98946 
99238 47 
98957 
98959 
98961 
98962 
98944 
98958 
98942 
98999 
98971 
98991 
98960 
98987 
99082 
98988 
98989 
99040 
98934 
99088 
99089 165 
99039 6 
99112 
99248 
99122 
98966 
99175 
99198 
99201 
99296 
99309 
99431 
99442 
98331 
98344 
98067 
98073 
98629 5 
98070 
98071 
98826 
98069 
98302 
98672 
98109 2 24 57 18 29 14 180 6 9 26 14 11 12 179 18 31 176 
98137 
98646 
98074 
98076 
98428 
98110 113 
98514 
98496 
98385 136 
98175 
98131 
98121 396 201 
98058 
98114 46 18 38 15 142 222 60 146 84 
98355 
98055 
98363 
98088 
98065 
98853 
98168 
98182 
98928 
98852 
98308 
98444 
98343 
98581 23 
98056 
98235 
98675 
98075 
98268 
98751 7 
98360 
98932 
98091 
98057 
98077 
98310 46 
98322 
98860 
98406 
99976 
98143 780 
98342 
98339 107 
98364 
98367 
98579 
98391 
98694 
98399 
98174 748 4 
98159 
98443 
98476 
98163 194 402 
98938 
98486 
98546 258 
98209 161 66 
98459 13 43 
98594 60 
98624 
98639 
98663 
98688 
98064 
98712 
98742 
98748 
98750 
98787 
98819 
98856 56 
97669 
97652 
97694 
98844 
97980 
97658 
97679 
97687 
97673 
97805 
97862 
97655 
97657 
97691 
97692 
97923 
97693 
97697 
97696 
97670 
98028 
97671 
97874 
97872 
97789 
97925 
97807 1599 
97672 
97831 
98000 
97948 
98035 
98051 1211 
98532 
97276 
97001 
97306 
97420 
97094 2118 
96999 
97005 
97047 
97021 
97134 1279 
97380 2602 
97022 
97006 
97000 
97046 
97040 
97038 
97002 
97128 
98354 
97045 
97057 2242 
97149 
97026 
97457 
97335 
97048 
97101 
97007 
97020 
97327 
97118 
97153 22 
97159 
97566 
97141 
97193 
97004 
97227 
97184 
97104 
97167 288 
97322 1172 
97192 1563 
97296 
97290 11 
97238 
97125 1086 
97414 
97520 
97249 
97475 
97297 2674 82 271 
97307 
97390 
97552 32 
97418 8 
98001 
97553 
97500 
97564 
97610 
96005 5533 
96021 5533 
96025 5533 
96007 5533 
96594 35 22 5476 35 22 
96004 5533 
96244 5533 
96020 5533 
96013 5533 
96043 5533 
96074 272 5261 272 
96028 5533 
96763 5533 
96035 5533 
96011 5533 
96044 5533 
96037 5533 
96080 5533 
96026 5533 
96023 5533 
96649 5533 
96671 5533 
96734 5533 
96006 5533 
96617 77 5456 77 
96240 5533 
96034 
96084 5533 
96094 5533 
96062 2846 1294 1393 
96744 5533 
96018 5533 
96136 981 4552 
96546 2190 3343 
98808 
97433 28 60 64 
96040 5533 
96208 2625 2908 
96217 1132 4401 
96056 539 5 4989 539 5 
96299 5533 
96728 100 5433 100 
95997 5533 
96659 5533 
96683 5533 
98230 
96374 521 5012 521 
96764 5533 
96602 5533 
96457 5533 
96480 5533 
96665 5533 
96151 5533 
97677 
95999 5533 
96586 5533 
96667 5533 
96091 5533 
96612 5533 
96627 65 5468 65 
96647 5533 
96652 5533 
96662 25 5508 25 
96593 5533 
96676 5533 
96577 5533 
99227 290 
96695 5533 
96698 5533 
96710 5533 
96723 5533 
96730 5533 
96733 16 17 5500 16 17 
96745 13 20 5500 13 20 
96820 5533 
96822 5533 
96842 2940 2593 
96863 5533 
96864 5533 
96986 3345 2188 
94511 
94867 
94823 
94931 
94555 1630 437 467 179 4450 437 
98337 
94512 
94856 
94664 
94542 
94788 
94796 
94509 
94679 
94477 1525 5533 
94497 
94528 4456 
94575 
94519 
94780 2649 
97043 
94853 
94525 
94772 
94498 
94583 
97866 
94651 
94901 17 
94846 2630 
99435 
94652 
94567 
94521 
94480 
94668 5243 
97864 
94678 
96398 5533 
94548 
94571 
94892 16 20 
94734 
94900 17 
94750 
94751 
94773 98 43 
94792 4695 35 72 57 16 58 24 199 
94819 
94843 
94848 
94850 
94880 
94887 
94890 17 20 
94896 
94911 
93969 
93958 
94356 
93955 
94397 4628 
93953 
94472 2289 472 5061 
93949 
94432 34 
94416 4778 
94290 
94026 43 
93995 
93973 
94355 497 1738 80 10 29 5414 80 10 29 
93982 
98927 
94423 
94253 
93980 
93994 
93997 
100220 
94249 
93954 
94399 
100253 
93956 
98393 287 
94095 
94024 
93977 
98147 
94034 
93964 528 
94124 
94032 
93984 
99733 
94114 
93999 
94108 
94140 396 3164 
94030 4140 926 
94422 
94387 
94125 
94094 
94074 
94097 
94110 31 30 18 348 126 11 
94428 18 
94096 
94151 
94179 
94180 
94306 2281 5533 
94474 
94232 
94338 
94259 
94271 638 2377 2102 
94321 
94360 
94366 3629 
94368 
94383 
94385 
94450 
93676 
93684 
93665 
93846 
93907 4206 114 57 110 46 172 279 
93900 
93690 
93835 3628 
93678 
93885 
93704 
93658 
93879 14 5187 
93803 226 
93687 
93669 
93932 743 2162 5533 
98970 
93674 5294 491 
93664 
93839 
93693 
93873 
93815 
93819 262 
93657 
97019 
93827 
93830 75 14 
93930 
93850 
93974 
93741 628 340 4646 
93872 
93918 
93931 
93939 
93944 
93001 
93281 
98212 
93010 5062 897 
93004 
93235 301 
93354 4488 
93016 4014 652 
93002 
93025 5064 
93013 
93521 
93638 9 
93069 
99448 
93502 
93052 85 114 111 
93644 
93572 
93204 
96610 5533 
93501 
93131 
93027 5966 
93278 4520 252 
93357 710 3778 
98188 
93180 1169 3419 1610 
93200 
93186 548 968 4437 
93425 
93094 
92991 
93360 4491 
93174 4589 926 563 112 
98066 
93459 
93029 959 
93079 179 
93000 967 
93003 
97659 
93420 4559 
98027 601 
93510 626 463 
93210 
93975 
93220 
93031 959 
93240 
93339 3084 5533 
98562 
93318 4602 
93277 4520 
93444 
93290 
93381 4498 
93295 563 3956 
93321 4608 
93942 
93340 925 2159 5533 
93355 711 3777 
94442 351 4509 186 35 72 57 16 82 199 
93361 4491 
93559 
93021 
96124 5533 
93393 
93396 123 2704 1671 3862 
93411 4498 
94589 
93364 4430 60 
93538 
93423 
93506 626 463 
94418 4778 
93433 4157 
93445 
93513 
93561 
94185 
93525 
93526 
93530 
93570 
93601 4353 
93645 5559 
93651 
92412 760 898 
92303 1382 3350 1048 
92882 105 5277 
92341 
92392 
92943 5674 9 40 
92399 14 151 230 528 4604 
92553 
92358 422 83 
92302 4732 1048 
92293 
96053 636 4897 636 
92364 186 5738 
92288 
92277 5782 
92732 6355 
92422 4012 2067 3466 
92307 
92290 
98323 
92285 
92276 
92453 
92309 
92335 
92909 8 126 
92646 
92873 13 
92816 5655 
92353 86 200 19 263 989 4357 
92539 54 
97042 
92317 
100218 
92347 54 81 78 13 24 13 124 85 76 
92352 
92683 7514 
92361 
92922 
92394 
98052 
92490 403 3164 615 21 4897 615 21 
98054 
92368 
92294 
92408 
92444 460 
92660 11 25 
92379 
93996 
92310 
92535 5731 121 91 20 
92817 5300 73 36 36 614 
92520 26 396 20 5314 28 46 
92383 
97385 
92463 265 10 5711 203 53 
92954 
92592 
92706 
92789 
92809 
92403 
93398 3941 557 
92590 
92928 
92295 
92411 22 10 9 21 49 10 26 18 20 19 71 51 22 1 83 14 8 81 9 20 591 2512 2603 16 95 49 21 388 2361 
92650 5674 558 844 
92420 
92421 219 5518 
92321 
92764 38 5608 
92424 
92428 
92306 
92676 
92492 
92437 1638 
92446 
92488 
97931 
92454 4214 2149 5 23 3356 
92289 
92461 329 
92652 
92360 
98981 
92308 5784 
92698 726 4822 
92769 376 1057 206 144 18 72 6 207 3166 977 23 261 13 
97381 14 
92506 5896 
92369 7049 
92493 
92498 
92287 
92860 
92410 
99770 
92923 
92336 
92511 739 
92427 18 123 
92517 
92524 
99732 
92491 1369 
99977 
92563 
94085 
92523 
92839 
94785 
92328 1967 
92489 258 
94508 
92542 53 8 8 12 12 21 101 5658 94 19 6 38 113 17 22 17 38 27 22 81 
92418 
99451 
92552 5738 
92613 
92559 7215 
92561 7019 
92569 
92570 38 
92322 32 8 8 6 1 32 110 9 6 40 11 64 4 14 7 61 28 15 33 9 14 8 7 20 27 41 21 30 5113 15 18 51 22 33 15 10 4 6 28 46 20 10 7 49 6 13 8 15 20 187 25 127 3 18 18 6 
92605 
92580 165 622 
92582 
92587 
94710 4648 
92600 6050 
92871 
92621 
92631 922 
92323 4779 
92648 3792 1838 21 581 7 3086 
92828 
92664 
92668 
97295 
92678 21 154 23 
92685 
92345 57 81 30 28 53 28 12 9 50 23 4 195 20 33 15 5113 37 68 71 43 6 93 94 19 75 21 15 63 22 40 42 8 37 23 21 
92841 42 
92391 181 
92897 
92695 
92701 5844 
100109 
92705 5413 71 209 25 
92654 
92709 
92714 
97315 
92390 5926 
92721 
92578 6720 
92320 
92297 
92755 
92614 5963 
93812 
92754 
92788 5509 110 17 58 
92779 
92874 
92830 
92455 
92329 436 145 
92877 
92878 
92901 
92690 
92911 
92933 
92939 
92972 
91386 
92003 
91739 
91394 
93717 
91991 
92154 
92248 
91402 
91952 29 918 5668 
91960 
91657 
91660 
91869 
91546 
91410 
92508 
91423 
91656 
91922 5222 
91460 5682 302 
91397 
91442 
91441 
91416 
91919 27 6601 1568 22 
91897 8216 
91604 
91658 
91439 
91418 4624 5533 
91396 
91421 
92030 
91449 4751 5533 
91407 
91471 8151 
91488 
94297 3652 
91867 342 1135 260 3040 1313 1828 2392 
99270 
91427 
91803 
91792 
91530 8707 
91813 116 
91702 271 804 154 4468 1301 
92027 
91411 
91408 
91393 
91445 
91568 
91659 
94093 
91426 
91461 
91908 4261 5533 
91420 
91695 1712 4498 
91759 
91705 49 
92035 
94268 
92416 5214 
91997 
98338 
91719 
92054 1537 590 37 2331 2146 3387 
91742 
91740 8225 
93824 253 354 5485 
91758 
91785 
99009 
91797 5708 
91909 4994 5533 
92059 1564 4021 348 
91907 
92114 
91871 
91826 6112 
91751 
91878 7350 
91898 94 45 
94849 
91920 5316 
93611 4037 329 
91937 
92051 4340 5533 
99402 
91655 
91401 
91982 1932 3363 590 
98611 
91987 
92075 
92015 6756 
99086 858 
92021 
91403 
92212 
92073 9 4254 3732 155 1646 
92057 
92074 6075 
92088 
92119 
94502 
92153 6304 
93689 
92187 5613 
92206 10 48 
92544 
92241 
92249 
92252 
97152 
92255 
92263 
92271 
90807 3150 4976 
90813 3139 
90808 
90846 
90812 
90156 
90153 
90158 
90157 
90189 
90154 
89910 34 1949 41 9353 34 
89178 11377 
89330 11377 
89337 11377 
89661 11377 
89108 83 202 17 300 174 59 143 15 1364 64 74 61 44 33 22 15 196 10 52 16 43 12 8378 83 202 17 300 174 59 143 15 
89528 11377 
89959 11377 
89000 520 7798 3059 520 
88967 11377 
97367 
88978 11377 
88964 11377 
98102 
89070 4 11373 4 
100177 
88986 
88989 11377 
88965 11377 
88991 11377 
89793 4136 7241 
88970 11377 
93599 4353 
89141 11377 
89001 4642 6735 
88973 11377 
89236 338 11039 338 
90143 11377 
89636 506 1698 3045 6128 506 
88981 11377 
89798 234 91 9143 1909 234 91 
89179 11377 
88959 
89033 11377 
89616 11377 
88987 11377 
89814 30 11347 30 
89443 2237 8216 924 
89353 14 11363 14 
89249 11377 
89091 5673 5704 
89336 11377 
88969 2423 8954 
98985 
97651 
96051 550 4983 550 
89465 11377 
89475 11377 
89936 3545 7832 
88977 11377 
89319 
89960 11377 
89056 74 59 347 95 77 189 50 1592 237 127 35 76 156 8263 74 59 347 95 77 189 50 
88971 11377 
89104 524 10853 524 
90096 11377 
88994 11377 
97597 
89115 3 5154 122 6098 3 
89211 7501 3876 1657 
92001 
90022 2209 6384 669 429 1686 
89650 335 1870 9172 335 
93985 
89135 11377 
89442 2237 9140 
90145 11377 
90146 11377 
88990 2427 8950 
89057 10921 456 
89154 11377 
89155 11377 
88961 
90080 1529 121 9727 
93855 
89457 2291 8 369 8709 
89182 11377 
89368 11377 
89201 413 293 1635 326 22 8688 413 293 
89840 11377 
92279 
89504 11377 
90114 11377 
90051 3061 666 954 3012 3684 
89221 4247 856 6274 
89428 2650 8727 
97668 
89090 9982 118 31 1246 
89617 11377 
89703 6788 2273 2316 944 
89272 11377 
90087 11377 
89235 2880 8497 
90048 11377 
89293 57 497 10246 577 57 497 
89296 11377 
89366 20 2208 7977 269 65 325 513 20 
96926 5533 
89416 307 337 18 1394 135 24 18 50 46 271 4598 4179 307 337 18 692 
89306 39 7346 3992 39 1502 
89625 11377 
89737 11377 
89313 11377 
89365 140 58 354 2858 61 427 781 9 6 60 80 3053 1950 1540 140 58 354 
89603 417 1502 182 7 18 399 8852 417 
92205 624 5484 
89192 11377 
89821 11377 
89352 5077 6300 
89354 9 11368 9 
89630 2505 549 7 5493 2823 
89526 3830 4488 3059 
89375 2208 249 68 8852 
88992 11377 
89164 11 5376 88 5902 11 
93845 585 
89404 2134 96 9147 
89649 2205 9172 
89676 5045 1954 4378 1155 
89501 11377 
97223 
89473 11377 
89478 11377 
89487 7653 1027 217 172 2308 
88966 11377 
89493 11377 
89586 11377 
98397 
92175 
89517 81 55 2813 8428 81 55 
89575 3788 3732 3857 
89521 11377 
94637 
92186 
89522 11377 
91424 
89525 11377 
89545 11377 
89014 
89572 347 2006 43 6427 2554 347 
94517 
89746 200 11177 200 
89904 171 11206 171 
89580 11377 
89585 11377 
89592 11377 
89527 11377 
89597 4850 17 221 116 6173 
98935 
89610 11377 
89646 10 2195 9172 10 
100096 
98108 
89431 2650 4258 4469 1064 
92953 
89506 5278 4802 291 1006 
89163 2381 3006 5990 
89071 508 419 4263 321 2401 3271 194 508 419 1141 
92527 
89648 2205 9172 
97678 
89651 7909 3468 
89654 11377 
89658 11377 
94250 
89660 450 10927 450 
89674 11377 
89675 11377 
89682 11377 
89690 1803 1908 4498 3168 
89713 2348 4498 4531 1002 
89754 12 11365 12 
89756 11377 
92450 148 223 163 5235 335 33 229 39 44 
89762 10 9250 2117 10 
89792 3561 4488 3328 
89794 11377 
89815 198 2142 9037 198 
89822 11377 
89833 22 3621 5547 2187 22 
89843 11377 
89864 11377 
96526 45 5488 45 
90097 11377 
98945 
89894 18 1607 4536 4025 1191 18 299 
100235 
89908 1983 9394 
89909 1535 448 6328 3066 
89915 2013 8281 1083 
90007 11377 
90122 11377 
89938 11377 
89968 11377 
89984 16 11361 16 
90019 6732 4645 888 
96024 5533 
90071 5981 537 7 11 11 138 4692 137 537 7 11 11 138 
90125 11377 
90144 4788 6589 
88327 1848 
88324 1848 
88321 1848 
98224 
88467 1848 4300 
88320 1848 
98778 
97014 
88322 1848 
88328 1848 
88406 503 42 1303 503 42 
100140 
88387 1848 
88347 1848 
88724 1848 6346 5533 
88349 1848 
88350 1848 
88311 
88332 1848 
99906 
88333 1848 
88354 26 19 82 53 20 23 17 6 27 43 44 108 24 51 1305 26 19 82 53 20 23 17 6 27 43 44 108 24 51 
88336 1848 
88389 1848 
88785 1848 3980 
88391 1848 
88772 1848 
88736 7 1841 7 
88732 1848 
88355 26 19 82 53 20 23 17 6 27 43 44 108 24 51 1305 26 19 82 53 20 23 17 6 27 43 44 108 24 51 
88404 492 14 37 1305 492 14 37 
88403 1848 1410 
88768 1848 
88386 224 130 104 12 1378 224 130 104 12 
88344 1848 
88348 1848 
88864 1848 
88417 1848 
88390 1848 3324 9 
97015 
92824 
88550 1848 
88661 1848 
88326 1848 
88430 1848 3102 
88431 1848 
88755 1848 
88913 1848 
88436 1848 
88735 1848 
88310 
98706 
88527 1848 
93304 
89466 11377 
88432 1848 2187 276 5501 
88901 1848 
88538 1848 
88666 123 31 1694 123 31 2683 807 3681 
88485 1848 8025 
88489 1848 3060 946 3552 
88353 1848 
92280 
88490 1848 
88720 36 59 69 1684 36 59 69 6690 
91861 
88529 1848 9817 
88547 1848 
88521 1848 
88325 1848 
88853 1848 
88561 1848 
88606 807 1041 1156 5320 3067 793 1673 
88604 13 1835 13 
88647 1848 
88648 1848 
88665 1848 2837 807 665 2171 845 4688 
88673 1848 
88675 1848 
88925 1848 
88707 1848 1833 926 4602 
88725 1848 
88726 4 23 63 55 1703 4 23 63 55 
88729 1848 
88734 1848 
94576 
88800 1848 3205 5762 
88737 1848 
88749 1147 701 10676 
92356 16 3 335 140 12 8 32 5812 104 5 23 
88763 1848 
88828 1848 3141 6389 
88773 1848 
88874 1848 9185 
88774 1848 7861 
88787 1848 
88805 1848 2227 106 5483 235 
88827 1848 8741 
88854 1848 
88866 1848 
88867 86 1762 86 
88894 1848 6805 
88900 1848 
87282 
86214 1062 7688 
86331 1062 7688 
86425 1062 5825 19 7 1837 2658 
86486 40 19 1003 40 19 7629 40 19 
86204 1062 7688 3114 
86200 1062 7688 1069 5533 
86189 1062 7688 
86542 1062 7688 
87196 1062 4247 136 1619 1686 2204 14 237 159 3 34 133 16 358 
87128 1062 7688 
86385 164 898 164 4849 2 33 50 81 326 2183 164 3916 
87126 1062 7688 
97051 
86485 1062 7688 
98728 
86250 1062 7688 
87205 1062 7688 
86199 1062 5736 1952 
86227 1062 7688 3113 
86785 1062 1608 2014 86 92 96 129 258 26 3379 1634 109 3554 
88863 1848 
86389 1062 6778 910 
99908 
86245 1062 7688 
87238 1062 7688 
86376 561 205 296 561 205 3825 2047 1050 561 205 4075 
89055 11377 
86934 1062 7688 
86963 1062 7688 
86221 1062 7235 453 
86276 636 426 636 5089 1549 103 311 636 1679 251 128 1598 
93675 
87173 1062 3205 4483 
86503 8 1054 8 7680 8 1303 676 4857 
86234 1062 6069 1619 2474 
86820 1062 1858 5830 5547 
86226 1062 7688 
86201 1062 7688 
86935 1062 7688 
86295 1062 7327 361 
86215 1062 7688 
86318 33 37 992 33 37 1611 52 3947 35 124 375 1474 33 37 2484 136 90 98 1103 1389 52 
86466 48 1014 48 7640 48 
86767 1062 6211 1477 
87230 1062 6638 1050 1009 5533 
86302 1062 5607 2081 
86609 1062 7226 462 
86303 1062 7688 
86492 1062 1575 6113 5264 
86391 1062 5712 1976 2616 269 
87174 1062 7688 
86319 1062 1725 81 5882 5414 81 
87243 1062 1677 165 5846 5366 165 
86321 680 382 680 7008 680 
86470 1062 7688 
89203 54 644 1878 26 8775 54 644 
86692 1062 7688 
86640 1062 7688 
94666 
86270 1062 7688 
98453 
86211 1062 7688 
86986 1062 7688 
86328 192 870 192 4750 126 208 2412 192 3185 232 28 203 
93947 528 
87131 1062 7688 
86431 1062 7688 3875 500 722 
86685 1062 7688 
88309 
86341 86 976 86 5253 2349 86 1939 1011 551 
86343 1062 7688 5097 
86720 32 1030 32 1476 170 31 8 40 529 1370 208 16 21 42 66 115 35 82 24 38 5 15 7 2646 712 32 5165 170 31 8 40 529 
87172 1062 7688 
86398 1062 5722 121 446 525 874 922 1700 50 1360 2423 
86210 1062 7688 2065 
86344 453 30 579 453 30 7205 453 30 
86369 1062 7688 4552 
86373 1062 7688 
97337 2649 
86377 745 317 745 6943 745 
87129 1062 7688 
86185 1062 7688 
86614 1062 7688 4419 
92348 11 
86619 1062 7688 1057 3161 311 203 1858 
86407 1062 7688 2189 639 
86424 1062 7688 
86432 1062 5422 1248 1018 
87115 1062 7688 
86630 1062 7688 
97448 
87127 1062 7688 
86464 1062 1876 2134 3678 5565 
86551 1062 2200 3692 626 463 707 2312 321 1298 1958 
94970 
87179 1062 7688 4201 95 
86465 1062 7688 
89210 2350 9027 
86212 1062 7688 
86795 104 958 104 1901 11 5672 104 2877 1051 308 1354 11 
86468 129 30 28 13 9 26 44 10 26 55 38 8 646 129 30 28 13 9 26 44 10 26 55 38 8 5847 956 10 459 129 30 28 13 9 26 44 10 26 55 38 8 1451 7 103 5 31 32 
93026 5966 
92712 
86241 1062 2669 5019 1495 4863 670 
86443 1062 5621 1557 510 
86481 1062 1871 2191 1110 2516 5560 
86306 1062 7688 
86519 1062 2007 3454 658 1569 5696 
86532 1062 7688 
87236 1062 1852 5836 5541 
86559 1062 1616 6072 3264 2041 
86566 1062 7688 2656 
86575 1062 7688 4844 
86439 623 439 623 5001 2064 623 
86577 1062 7688 
86860 1062 7688 
86659 13 7 19 16 35 12 960 13 7 19 16 35 12 4220 3366 13 7 19 16 35 12 
86311 1062 7688 
86777 1062 1653 2624 2328 24 1059 1258 3275 809 1449 
86610 1062 7688 
86203 1062 7688 
86613 1062 5780 1908 2423 
86706 130 21 911 130 21 7537 130 21 
86625 1062 7688 
86628 1062 7688 
86658 1062 7688 
86686 1062 7688 
86633 1062 7688 726 310 148 520 4555 310 148 
86570 14 1048 14 7674 14 
86635 1062 1602 6086 4944 347 
86641 1062 7688 
86220 
86642 1062 864 921 394 255 278 1018 86 124 260 3488 987 4487 394 255 397 
92395 
86678 1062 1498 6190 5187 
86716 34 1028 34 7654 34 
86718 27 1035 27 7661 27 
86721 1062 596 1848 5244 
86729 1062 7688 
99449 
86739 21 1041 21 7667 21 
86782 1062 5653 544 1491 2606 2 
86977 1062 7688 
86814 1062 7688 
89731 11377 
87137 1062 3666 2980 1042 1639 82 
89546 11377 
87159 51 1011 51 227 1198 650 3439 956 12 1155 51 1526 3588 
87182 1062 7688 
86861 1062 4801 2887 1116 5533 
86862 1062 7688 
98784 
86866 1062 5057 1314 1317 3315 
86893 1062 7688 
86915 1062 7688 1106 384 5149 
86924 105 195 762 105 195 407 312 427 680 429 1057 221 278 1840 696 37 135 60 809 105 195 508 953 109 2838 427 680 526 
99229 
86576 312 750 312 6436 940 312 2983 106 
86953 1062 7688 
87045 1062 1289 2136 272 3991 1995 2983 
92571 
86975 3 1059 3 7685 3 
86987 1062 7688 2414 
90159 
87116 1062 7688 
97674 
87008 1062 614 1848 5226 3564 
87016 1062 7688 
87022 1062 4822 281 2585 3595 
87031 1062 1332 2666 2696 994 3312 1709 
96383 241 5292 241 
87079 1062 7688 1705 
97603 
87240 1062 7688 
87087 1062 7688 
87164 1062 7688 
87111 1062 5016 563 473 1636 1913 1606 177 722 
87114 1062 7688 
87119 1062 324 1848 5516 
87123 1062 7688 
87124 1062 7688 2984 
87133 1062 7688 
98651 268 
87166 1062 7688 
98772 
87177 1062 7688 
87202 26 1036 26 7662 26 
87223 1062 7688 
87231 1062 7688 
87232 1062 7688 1005 3345 2188 
87234 1062 7688 
87235 1062 1852 5836 5541 
87239 1062 7688 
96722 5533 
87244 1062 1842 5846 5531 
85614 
85625 5201 
85892 5201 8336 
86027 5201 
86013 5201 8175 561 
98657 
86330 649 413 649 3953 346 2740 649 
85821 5201 2377 359 962 3177 860 300 90 
86043 5201 
86140 5201 
85635 5201 2831 
96584 5533 
85928 5201 
85622 5201 3153 4976 
93217 
85646 5201 2177 974 4982 
86161 5201 
88346 1848 
85636 5201 
85974 5201 2068 
85640 5201 
85647 5201 
89181 11377 
85946 5201 
85729 5201 
85904 182 5019 182 2876 52 
94455 
86202 1062 7688 
85620 2696 1848 657 2174 667 300 528 3173 1287 
86119 3875 1326 10051 
85616 5195 
85666 197 1033 244 818 244 2665 197 2148 850 1584 244 
92286 
85791 5201 
85650 5201 
85628 5201 2839 303 
98671 
89403 2134 9243 
85621 2696 1848 657 2174 667 300 528 3173 1287 
93028 
85857 5201 
86064 5201 
85776 5201 
96719 5533 
85637 5201 
85856 5201 
85686 5201 
85645 
97358 
85710 5201 
85872 3376 1825 2466 5670 1416 
85881 5201 
85652 578 1062 1051 650 1198 662 2170 1507 450 5390 
98753 
85715 5201 2651 
85743 5201 
85719 5201 2638 5 
85720 5201 2653 
85632 575 1062 1050 1848 666 2174 1493 457 
85736 3524 1677 9700 
85721 5201 2653 
86115 5201 
85802 5201 
85741 5201 
85744 5201 
85746 5201 
85745 3142 962 886 211 552 2822 4692 1119 1095 
85675 141 5060 141 2695 
97260 
85768 5201 927 323 10 
85784 5201 7289 
85797 5201 
85801 5201 
86079 3757 1444 5679 4254 1279 
98953 
92382 787 651 83 179 169 4955 
85853 2710 858 16 974 643 413 199 404 1986 4271 494 1977 16 
86018 5201 2050 5590 
85839 5201 
85795 5201 
85851 5201 
85738 5201 1706 4135 2322 3211 
85855 5201 
92793 
86092 380 1062 3759 3929 
85869 5201 
85968 428 1062 3711 2002 437 772 2 764 2616 1601 14 
85910 5201 3061 617 
85883 5201 
91521 2375 
85885 76 5125 76 1884 196 199 802 3512 1594 71 
85891 5201 
86068 5201 
86356 1062 7688 4703 
85895 627 1062 3512 1586 2590 2252 51 
85903 5201 
85909 5201 2477 630 101 13 3701 
99787 174 
98490 
85917 5201 2495 3991 34 348 650 1415 
86155 5201 7976 
85926 4064 1137 2912 7328 
85927 1130 1062 3009 4679 645 5533 
91578 
85942 488 1062 1673 792 1186 4037 2656 2706 792 
94484 
86173 5201 
86612 1062 7688 
85958 5201 3175 
85965 5201 5629 5533 
85967 428 718 8 336 718 8 2985 2005 434 133 639 329 437 718 8 1890 1593 8 
85970 5201 8232 778 
85971 5201 8197 
85972 19 1165 1062 278 1198 650 829 19 580 1472 503 36 493 28 46 389 1167 772 551 254 3588 1140 
85973 19 409 4 1058 4 3707 19 2045 252 258 479 50 11 20 9 18 16 800 4 
93602 4353 
85978 4014 1187 5571 4619 914 
96045 5533 
85981 5201 
85990 413 1062 3726 3962 
86174 5201 
89882 2020 9357 
86123 3357 1844 3297 15 9 280 5932 
86044 5201 
99775 
86054 20 818 1062 754 294 80 140 374 10 12 233 278 427 699 20 180 7 43 328 80 1505 39 157 486 12 722 808 1027 561 72 674 2403 80 140 374 10 12 233 278 696 
94407 4874 
86055 5201 5646 5533 
96405 5533 
86059 3563 1638 5088 2443 2208 882 
86069 5201 
86072 5201 3090 
86075 5201 
96991 5533 
86077 1032 1062 3107 4581 3012 
86116 954 1062 3185 4503 
86082 5201 8224 283 
86128 19 5182 19 
97107 
86130 5201 484 
94690 
86136 2695 1848 658 993 639 492 8 795 4782 38 
86160 998 1062 278 1198 650 1015 678 1515 231 956 1167 1577 3588 
86166 5201 
86175 5201 
86178 5201 2442 7 28 227 
89921 11377 
86181 5201 7291 
96355 5533 
91654 
86182 5201 
84599 
84602 14839 
84648 3903 1848 4059 2482 158 12 5 5 2424 305 343 4 2277 
85297 
85019 8807 33 220 3960 
92278 
84689 245 1732 1062 5140 1216 1332 
84715 1846 1062 1586 593 3904 198 127 1280 2161 320 175 86 1259 1274 593 
84622 1017 5201 
84632 3713 1848 1226 8052 
85229 582 475 1062 3664 2061 690 254 1019 1402 1292 1597 2644 
92725 79 
84651 67 8 82 7 76 18 193 18 54 31 44 11 66 102 91 11330 7 5526 7 
84668 4411 3166 126 233 372 6448 776 256 
84796 6754 2036 2529 168 1224 4141 168 
84633 
85422 
84794 5003 3333 4678 20 435 1442 505 50 914 
84610 3713 1848 1224 8052 
85465 1561 1062 5632 2056 
85456 12668 
93861 
84619 
84922 
98964 
84635 
84791 4357 7085 26 272 3994 1241 26 272 
85930 5201 7235 
84601 
85474 14676 
84750 2026 1062 4642 228 2818 929 2222 1012 2299 
84596 
84617 7675 
84600 
88975 2430 3102 5845 
84645 340 14237 
84628 
85512 8339 
84780 
85057 7559 1962 4236 756 
84634 
84620 
84636 4359 10484 893 
84782 398 123 1308 1062 869 208 1640 208 3029 627 635 472 705 615 26 4892 615 26 
96268 5533 
85141 8353 88 358 3647 42 
85148 
92337 
84819 
85107 9762 
84646 
84736 
85045 9155 2264 2027 3506 
84657 879 943 1062 2130 2713 1065 622 1158 2948 375 2496 
84611 
84792 4684 11377 
84613 
85407 11924 
85183 
84669 
84664 294 903 12 931 1062 1992 170 1034 12 808 71 11 203 33 561 66 259 181 2287 1148 557 1122 724 2130 170 830 
85177 206 11836 1382 903 325 
84609 
86965 1062 783 1848 5057 
84911 
85123 
84691 434 262 564 2657 1848 696 2556 91 71 19 147 4893 1336 
85264 
89624 381 59 10937 381 59 
84812 1806 1062 4328 669 1617 557 517 2103 52 82 905 
84938 15061 
84744 6740 
98835 
89790 10497 880 
85737 5201 
84904 
99385 
84734 
98752 
85400 
84666 56 168 10 803 680 833 229 833 2626 2556 1673 833 4112 
84827 655 
85235 1783 1062 394 1848 5446 677 5533 
85277 12555 
84790 91 5056 11377 
85452 6999 
85272 391 750 1062 3389 1756 573 1046 924 2615 1557 36 11 
98777 
84623 
84855 13328 407 
85122 652 131 5070 131 3110 3712 
98468 
85414 6564 18 240 196 175 126 64 5973 6 10 41 818 
99121 
84709 538 6506 4832 65 81 50 131 83 2979 82 2062 65 81 50 131 83 
84770 727 100 91 101 133 19 787 472 590 472 838 282 127 488 892 101 133 19 308 78 62 472 2040 1376 472 403 28 154 204 223 1721 905 251 32 28 333 245 282 127 488 512 28 154 204 223 
89488 11377 
84598 14835 
87004 35 1027 35 591 1848 2773 2441 35 2126 
84673 4501 5128 6249 
84612 
92298 
84597 
85328 
84678 292 14639 
85008 12131 29 
89015 11377 
84797 
88968 11377 
84798 
84684 624 1451 1062 7688 704 5533 
89448 11377 
84803 11245 372 2642 486 2033 372 
84706 9851 3679 14 213 248 69 
84801 397 198 869 1062 1043 215 558 1075 215 3298 967 317 1068 282 298 1044 1428 800 585 1096 282 298 
92531 
85146 14596 
84807 14293 1039 120 
84813 
85182 3822 91 11286 91 
85840 5201 5892 5533 
84816 2157 1062 7688 1786 
84733 13714 
84828 655 16 
98301 110 1384 
89680 11377 
84799 1088 72 5129 72 1887 175 241 4293 1634 31 
84850 
84945 11334 5533 
84943 352 95 976 48 1014 48 6164 1476 48 1381 520 377 1690 484 504 1958 
99747 
93484 
84837 3957 1848 
84854 461 56 1091 1062 6943 745 2534 1493 24 23 131 
97041 
84830 
84732 13568 
98078 
84862 
85623 5201 
84952 
99085 
84872 3677 1848 
84892 1586 1062 4270 148 3270 1404 2 163 770 5 4593 2 163 
92537 262 190 5197 22 48 214 
88407 500 33 9 1306 500 33 9 
84899 11667 5533 
84903 
85176 
84920 
85112 1631 1062 1140 357 1491 1401 3299 816 4370 1163 
84912 366 6864 4051 60 260 2557 2656 60 260 
85886 5201 
85212 9212 30 4666 797 
94126 
84915 
86400 4 1058 4 5771 252 1661 4 4212 
84929 
84680 233 58 115 116 121 115 642 2972 37 610 374 1208 412 75 14 54 2090 868 1324 164 609 2199 75 61 19 10 356 818 37 610 374 201 164 609 
84975 7872 112 
92168 2693 
85532 
100108 
84672 779 22 1134 1062 1754 2043 611 113 3167 4600 140 703 
84951 182 8187 16 6 913 2 3578 87 363 77 1042 603 
85653 5201 2838 301 
84965 1846 57 1005 57 1532 2871 33 182 370 2643 57 2714 2507 
85401 
84977 
84979 778 244 2448 1393 455 661 244 2913 1977 5127 406 
84676 13346 
84931 
85458 1530 1062 7688 
84981 1882 1062 7688 4105 327 
84994 587 3098 1848 5656 5533 
85003 13464 
85077 
85758 340 3637 1224 340 637 711 4152 1443 2870 1220 
85018 8807 253 
85194 12853 
85021 
85091 
92429 236 240 19 
85024 2106 1062 7688 2226 115 384 
85421 11176 11 98 109 2905 2410 11 98 109 
85109 8147 3990 292 1001 
85025 4505 4907 6470 
85154 210 11597 3045 2488 
89277 11377 
85062 1538 1062 1197 1848 4059 584 1721 120 52 7 63 137 
85028 
85083 209 7753 
84614 14841 
84923 6872 1423 6961 
85108 15163 
88526 1848 
85110 11196 249 373 4911 249 373 
85115 
85113 11 76 1517 27 34 1001 27 34 1106 357 19 21 1451 1401 28 3244 27 34 782 541 3829 19 21 1123 541 
85114 46 6815 
84746 
85132 24 
85446 
85206 
85599 409 5201 1292 353 2023 27 1183 5533 
85937 5201 3452 
84766 734 1403 1062 1297 6391 4986 
84738 51 22 21 169 54 452 352 3481 701 1019 8625 566 466 701 
85423 
85232 1615 1062 7688 
85238 13090 
97145 
85239 20 1804 3 12 19 46 982 3 12 19 46 3840 2590 1178 3 12 19 46 555 3510 2023 
85241 11206 5533 
85245 
92423 
85477 3902 706 15 1487 15 105 82 8205 762 706 15 
85246 11203 5533 
98982 
96867 5533 
94882 
85268 
85875 3372 1829 9548 
85405 11176 3712 1821 
88960 
85271 3565 241 1607 1110 157 151 579 3898 583 3292 1658 
85487 11285 303 1186 4044 
96952 2816 2717 
85284 753 310 1062 3829 2403 1456 2008 
85289 667 5201 7667 
85320 
98334 
85367 13694 
86238 1062 7688 
85406 11260 76 5457 76 
85441 
85442 11186 93 3578 1862 93 
93337 
85443 
85449 
89615 11377 
85459 3187 475 375 998 2972 7032 375 
85461 
85509 
85511 
92178 
85548 
85557 7410 4879 
85583 3869 6689 4688 845 
97288 
85587 10486 272 5261 272 
92397 275 231 
85591 7555 2936 5533 
85606 4352 6173 186 3811 1207 329 186 
99639 
83907 10576 3170 
84937 8270 
84052 
84518 1162 157 27 36 36 502 1062 3381 157 27 36 36 1902 85 11 61 50 188 291 324 50 98 4 65 107 22 65 220 508 3819 17 161 31 57 19 46 54 
83909 2281 1062 7688 
85179 11 7 26 6495 
84152 
83934 
84167 8151 26 196 93 9 77 195 20 39 5122 176 43 6 317 76 49 35 15 37 23 21 
84218 
86170 1072 1062 3067 4621 
84296 
96125 30 137 5366 30 137 
84423 4390 1848 
83929 
83920 1711 2687 1848 666 3672 2509 
84068 620 15021 
83910 10575 
98974 
83973 2722 1062 1416 4236 2036 1451 981 30 2643 1879 
83905 2287 1062 7688 
83904 2287 1062 7688 
88519 1848 6572 1373 1222 139 141 349 50 93 2166 
86662 1062 7688 1805 
83923 9085 
83947 682 1025 568 1062 3571 2839 297 529 452 1069 1649 1293 2591 
84043 39 163 485 12913 348 
84009 462 3 1853 744 3 315 744 3 5296 186 1459 744 3 1613 88 52 12 18 
96591 2527 3006 
83941 2288 1062 7232 456 2710 
84365 
83992 18 1265 1797 1062 5060 2628 1756 
84064 
83932 1706 2696 1848 657 
99237 
87161 1062 7688 549 5533 
84313 8920 136 119 6421 
83918 2287 1062 7688 2710 
84051 399 781 582 475 1062 1119 234 1614 234 463 2061 690 254 598 421 1401 57 218 155 66 797 1597 2643 57 218 155 66 
98283 
84083 2909 63 999 63 5429 2196 63 1793 
96735 5533 
83948 1707 569 1062 3570 2839 1279 
87089 1062 7688 
84073 148 20 986 343 244 475 1062 1047 72 69 52 60 93 138 21 564 779 72 69 52 60 93 138 21 264 2061 690 254 598 421 1024 30 80 92 38 55 78 142 206 12 38 40 45 61 753 1597 1514 752 30 80 92 38 55 78 142 206 12 38 40 45 61 
84003 5147 7085 26 272 2125 1869 1241 26 272 
83990 163 437 3768 199 1077 572 199 1433 2914 131 2634 3494 
84319 
83954 398 1653 5201 1642 3316 892 255 1121 3265 
93691 
84004 
83978 1036 545 12 1262 1062 5493 2195 571 708 1023 3802 708 
84179 
97635 347 
83955 12 2 56 19 21 14 15 14 12 94 22 4 14 26 19 29 20 15 16 7 8 26 26 195 14 15 13 37 21 38 9 12 36 12 3 12 17 16 48 22 14 20 23 15 2 13 25 90 19 22 16 23 7 7 34 13 30 24 17 11 19 15 11 28 51 19 5 14 11 243 156 12 289 114 24 131 21 9 319 28 38 35 30 19 17 12 6 33 39 14 173 114 24 131 21 9 319 28 38 35 30 19 17 12 6 33 39 14 162 16 63 75 9 48 46 10 42 94 12 76 12 1345 16 63 75 9 48 46 10 42 94 12 76 12 280 156 12 1872 130 48 48 35 21 46 40 61 19 18 19 73 15 90 18 31 71 63 12 5 103 115 20 120 18 40 37 169 59 14 90 318 114 24 131 21 9 319 28 38 35 30 19 17 12 6 33 39 14 162 55 10 5 26 61 4 12 17 38 21 37 8 12 1 60 19 11 13 13 36 18 241 26 10 16 19 17 52 191 190 24 43 30 48 17 36 14 26 60 15 89 60 37 26 24 2 16 61 37 12 67 949 41 3 19 48 25 43 11 31 12 42 4 29 48 7 707 75 120 13 1323 55 10 5 26 61 4 12 17 38 21 37 8 12 1 60 19 11 13 13 36 18 241 26 10 16 19 17 52 
84514 1162 758 14 1048 14 1639 1728 1540 67 30 1 39 172 155 59 95 686 324 631 508 14 1036 26 272 1573 175 46 15 12 229 27 152 242 1523 1241 26 272 
83957 62 74 4 166 141 25 49 4 577 767 85 8 4 190 13 17 90 28 11 10 173 124 7 20 689 28 11 10 173 124 7 20 689 98 7 71 1672 98 7 71 646 85 8 4 190 13 17 1717 227 483 113 127 209 360 11 121 12 66 38 46 109 28 11 10 173 124 7 20 921 880 213 230 126 252 1166 171 2495 
84020 
84380 9025 4498 
83926 
84089 
87229 1062 6638 1050 
87233 1062 7688 
84496 1854 1062 5647 2041 2615 309 1027 
83911 684 6219 3136 528 1525 2933 2600 
83979 496 684 327 808 1062 2733 16 1534 88 455 385 322 407 226 391 885 246 1027 1279 465 7 306 68 19 45 243 176 7 83 412 350 52 236 65 95 1487 16 122 
83983 372 599 3411 1319 43 260 226 1265 385 537 4475 2670 1516 43 260 1044 
84166 
84288 383 296 343 30 123 9 1312 1062 3728 2328 698 934 1838 1737 446 161 163 34 30 204 5 32 127 19 
84163 
84579 277 3950 1848 8605 
83951 48 22 14 57 40 15 42 21 29 35 10 62 39 40 11 30 29 67 517 744 171 120 160 632 41 27 74 51 237 632 41 27 74 51 343 1848 672 171 120 1743 698 427 38 384 112 307 632 41 27 74 51 1454 31 18 17 33 7 32 19 50 115 92 321 
92316 6043 
83989 419 72 626 469 819 14 587 137 324 14 587 137 283 1848 2753 14 76 63 651 125 1137 14 587 137 908 970 1635 2928 
83996 206 79 203 3976 1848 4301 107 3110 
83952 13102 
84510 15 1169 15 83 54 266 197 1062 2678 846 15 83 54 266 359 542 2221 335 289 1533 768 40 13 205 1688 2120 699 
94840 
83997 252 612 270 713 181 2770 1848 402 181 1035 215 465 7 1368 3853 7 365 30 294 560 872 
83943 
84208 4226 1848 6872 197 465 
84049 399 879 203 1428 40 1022 40 412 250 36 18 1544 250 36 18 5084 40 893 164 36 25 97 2150 3061 164 36 25 97 
92346 538 
84168 
84014 26 101 20 165 89 660 14 701 125 35 497 534 30 16 482 534 30 16 463 18 28 20 46 45 69 367 1255 18 28 20 46 45 69 365 125 35 804 1244 40 32 35 43 65 5 159 19 15 95 107 27 45 116 50 13 91 1041 534 30 16 427 672 10 6 184 85 35 30 66 50 44 52 7 300 35 57 75 38 68 13 997 26 12 277 48 1131 1215 672 10 6 
93387 4497 
84110 1448 3116 1293 165 390 1964 1910 5132 489 1327 165 
98986 
87237 1062 4201 852 2635 1853 
84016 323 2114 1062 5956 1732 999 270 729 4534 270 
86867 1062 6931 757 1253 5533 
84224 2867 14 1048 14 616 1848 5210 14 2128 
85236 4 1779 1062 394 252 80 1516 252 80 5114 677 475 6 7 5045 475 6 7 
84298 8041 297 
84295 15457 
84717 
84522 1167 44 32 235 2450 1848 592 44 32 235 2696 524 12 3561 
84058 
98647 
84054 14966 
84031 165 308 1161 102 78 17 86 71 4847 102 78 17 86 71 1899 92 831 13 656 170 4478 
94143 
92781 
84057 
84441 4908 2098 8181 1098 
83921 10580 
84039 
83970 330 42 1807 499 1062 1383 2257 141 421 2031 1455 1031 358 2024 37 31 1073 518 1492 358 
84527 9546 3378 897 41 404 
83942 1709 2691 1848 662 3674 2513 
84109 1441 4416 2401 118 4939 2544 1375 
83945 2280 1062 7688 
98592 22 19 27 10 
84410 75 1790 1062 1122 1848 2755 1548 415 1402 1292 1597 485 2159 
84053 204 9977 
85732 5201 
83908 
85960 5201 
84143 522 710 230 1594 1062 658 1848 666 1076 2116 1324 367 1692 3841 
83944 
84443 9186 
84036 607 78 176 1470 1062 1668 3502 2518 988 1161 1378 888 942 1164 
84286 13211 
83906 6910 3670 2512 
97654 
83966 1707 5201 3254 323 14 2681 428 1717 
84122 
97103 
84006 1130 308 562 2740 1183 665 613 799 723 477 73 167 3618 171 271 357 556 130 54 1483 1220 
91808 5291 
84072 2052 5201 
84075 
84076 136 904 
84250 7460 
98803 
84055 164 
85685 54 5147 54 2220 6140 
84100 766 19 2 150 11325 45 3866 1622 45 
98142 
84099 766 4888 6608 3911 858 764 
84226 2706 1062 7688 
84095 7848 
86593 1062 1097 1848 4743 1072 2316 3217 
84102 15 1587 576 606 37 419 606 37 439 418 216 314 196 205 175 324 418 215 675 201 76 1210 92 1186 66 619 606 37 429 14 168 1207 233 1442 157 1112 314 196 205 175 310 14 168 
85460 
84516 1162 758 1062 3381 2158 686 324 1139 3819 
97861 
83912 6248 655 
84000 8 555 6 2507 1062 774 1848 3379 1687 3319 
83919 2287 1062 7688 2710 
83927 1706 2696 1848 657 2838 306 527 
83946 
98241 
84033 10837 3388 293 209 141 
83924 683 1022 569 1062 3570 2840 298 528 452 1069 1650 1288 2595 
84133 5367 4971 3919 1293 1194 
84032 14225 293 
86183 5201 8426 
83931 
97017 
84137 7406 
84273 603 1534 1062 7688 
84545 1157 5201 5562 348 2104 3081 348 
84111 2346 216 846 216 1660 2136 3299 377 216 4468 196 685 
98361 
84150 
83933 
84207 9077 244 
84318 
96588 5533 
96679 5533 
93015 4014 652 
84366 10 
84154 7559 1097 6431 
83928 1706 2696 646 1202 657 2176 7342 
86722 1062 7688 
84162 5287 4664 755 5958 
99434 
84165 
84177 
84178 
84557 1691 1062 2261 155 1749 2781 307 435 1953 1414 2583 155 1381 
84183 83 125 79 451 1358 365 278 122 297 365 278 122 317 93 873 882 93 1233 1469 1963 365 278 122 1929 1597 1446 
84185 14588 10 
83968 12 65 21 14 48 54 34 48 124 33 26 21 88 18 13 1119 41 39 10 187 12 25 40 81 128 110 27 128 37 3 337 38 35 49 17 14 267 110 27 128 37 3 337 38 35 49 17 14 237 31 46 17 75 27 71 22 35 94 12 45 1373 31 46 17 75 27 71 22 35 94 12 45 221 41 39 10 187 12 25 40 81 1707 136 42 70 97 153 41 126 19 72 86 331 23 158 50 248 318 110 27 128 37 3 337 38 35 49 17 14 1491 406 62 46 73 113 44 1089 236 
84186 81 125 14 2237 17 53 992 17 53 985 1848 4155 630 17 53 2163 8 
84188 4844 530 28 447 1467 132 121 49 52 176 806 142 558 518 233 340 1778 3838 162 530 28 447 528 
84193 1701 13 3326 562 1300 13 2345 14 31 351 173 191 79 109 264 112 2535 52 386 51 198 2611 562 
84424 1398 451 1062 3688 2034 1966 2693 
84315 
84222 
84126 
84230 757 286 1647 140 23 9 14 876 140 23 9 14 616 1848 2684 321 2033 140 23 9 14 252 1052 208 6 5 88 66 22 8 32 38 4 281 66 3657 
84282 8343 588 2985 2536 2997 
84232 603 1230 42 2542 1848 769 42 1072 3790 5533 
84243 
84246 477 53 117 691 6044 4712 364 1487 52 262 835 332 2201 364 
84417 
84323 472 968 300 186 135 307 132 488 135 307 132 531 461 289 965 133 461 239 300 1411 501 1010 54 23 141 595 135 307 132 624 23 738 174 647 1593 11 1160 965 222 23 738 
84262 785 11185 5533 
89874 11377 
84272 4767 9391 1986 
84331 
84291 
84382 2535 1062 7688 
84107 12 760 1683 217 845 217 5654 791 287 65 5 669 217 2439 1028 275 651 266 
84324 
92272 
84460 2330 1062 3791 3897 
86085 3747 1454 9923 
84354 
84145 
84361 
84368 1470 184 5017 184 890 356 1798 5294 
84369 28 
85321 8074 4498 
84372 
84389 4855 4199 6842 336 
84374 
84377 1919 1062 7688 
84419 
84381 8526 
84387 5098 7880 50 158 803 747 1739 
83994 9499 1115 3020 
84413 2244 350 34 678 350 34 580 1848 4876 350 34 3283 
84418 2004 130 932 130 1666 3339 888 86 16 500 24 51 99 13 92 208 316 260 130 1841 471 1 34 286 29 11 1258 31 39 1354 
84451 
84433 278 1120 3886 1315 5218 311 4533 689 311 
84452 
84461 2191 383 679 383 758 103 1745 103 4596 383 
84473 10208 5289 87 264 
98832 
89270 11377 
84487 
89486 2838 5842 217 172 2308 
84502 12195 2216 3317 
89996 11377 
84184 
84517 1162 758 1062 3381 2158 686 324 1139 3819 
84521 1140 73 144 4984 73 144 2059 10 104 187 765 
84529 1468 155 108 342 720 342 843 1848 843 155 1087 480 391 922 777 342 1721 171 1524 
84533 653 527 5201 1179 610 130 429 256 
89741 2897 223 5296 2961 
84030 2875 1062 5812 1876 597 1635 74 3824 
84537 8661 1374 77 3381 169 597 
99405 
84396 
84337 
92259 
84439 4988 2649 10 31 9 7865 813 
84551 896 8892 
85590 10491 5533 
84555 
84567 1160 5201 
84568 7 1153 21 10 12 5158 21 10 12 
84570 14531 299 
89544 7992 3385 
84134 
84576 
84577 453 694 5201 3843 2367 
84580 13905 
84581 1207 133 424 331 177 554 331 177 522 5 50 1793 5 50 649 133 3973 331 177 1477 152 
84588 1229 563 1062 976 60 1788 60 692 2036 107 574 273 695 427 2276 306 1428 
92663 5922 
84589 1230 563 1062 975 61 11 1776 61 11 681 2036 681 273 695 427 1947 328 307 1428 
84592 4626 11377 
83189 
96946 5533 
93179 551 967 3070 1367 
83569 1158 9419 36 10 27 
83190 1413 1585 1062 6698 528 462 1063 3439 2094 
99664 
83572 6027 5237 6140 
83211 2998 1062 7688 2065 652 
88356 26 19 82 53 20 23 17 6 27 43 44 108 24 51 1305 26 19 82 53 20 23 17 6 27 43 44 108 24 51 
83229 9793 1507 1507 5533 
83565 1584 11027 2984 2549 
83741 14550 
83202 
83204 
83194 
83260 165 194 1520 12 193 1386 1062 1138 12 1031 805 12 768 330 257 3335 825 2857 2188 488 
83246 13172 107 1266 1225 2935 107 
83234 6425 3850 626 463 2691 3747 
83489 167 15 13 839 455 1029 40 29 548 1062 3522 40 29 1097 205 321 650 884 109 831 4035 
93972 
83205 
97914 
83309 8895 2718 
83602 2430 5201 
84459 1361 5201 2736 962 4427 
83382 2740 5201 5227 5533 
83206 
88566 57 1791 57 
86498 40 1022 40 1478 195 602 2332 2263 778 40 1967 153 3047 195 602 
84013 13821 2371 
83200 716 2280 1062 4132 3556 2065 
83488 
83332 179 215 1650 4440 11377 
87184 1062 7688 3587 53 243 21 23 14 7 50 88 39 32 14 209 
86071 400 1062 1236 1848 655 3949 3266 
83558 163 865 119 306 1039 2537 1848 816 206 430 261 359 3860 190 623 91 1132 3497 190 
85708 5201 
83807 156 735 972 110 387 4704 110 387 1736 1787 1613 1608 920 601 224 2180 
98087 
83212 
99348 
83269 1500 
83457 6136 11377 
88914 1848 
83658 319 1361 1837 1062 5089 2599 3242 847 135 
83213 
83742 15603 
99438 
83323 443 523 183 218 26 570 802 16 491 140 120 802 140 120 695 4 1844 4 825 16 2070 1970 140 120 1712 2688 
83214 
99684 
83291 
83534 188 8467 
83647 
92487 
83207 
83410 12924 58 2885 2590 58 
83589 211 1142 571 15 23 236 512 1062 3627 1834 263 234 6 58 1162 21 483 1094 127 1611 40 6 3 1377 2369 127 
83796 2645 1062 5625 2063 
91545 28 
83196 
83752 1365 3838 1848 
99456 
83222 
83203 1412 6785 1599 967 528 1521 3439 2094 
98559 
83645 
90155 
83360 
83536 25 1149 163 124 1254 103 474 193 292 103 474 193 736 1848 2280 2054 103 474 193 1511 327 1409 652 364 
83225 
83279 958 346 1899 448 27 587 448 27 853 1848 4512 448 27 760 5533 
83537 12725 1121 614 1939 1859 
83226 
83242 7 36 20 11 23 15 24 11 19 71 14 14 16 68 19 78 14 54 63 20 37 11 5029 1848 
83235 35 54 64 
86858 297 765 297 278 935 263 650 1428 309 1702 956 870 297 433 47 843 254 1109 22 19 27 10 2138 263 801 47 
83227 
94524 
83192 
83233 
83609 
83228 
91452 
83643 9119 36 
83419 772 12221 5533 
83874 
83444 983 38 42 878 384 55 259 4887 55 259 677 596 539 671 955 1418 235 1359 1033 381 2525 235 
83195 11286 1517 5533 
83241 34 
92387 
83193 
83237 241 1095 1177 842 1062 1400 1897 1213 3178 1526 3171 182 24 186 1970 
83243 7 67 23 39 11 19 71 28 16 87 78 14 54 63 20 37 2300 2740 1848 613 1710 6268 
85603 354 3050 23 45 21 136 63 63 12 6 22 8 18 23 9 27 27 9 24 14 16 22 12 58 55 40 36 23 8 40 10 36 7 3 12 128 21 35 11 1028 278 27 19 34 32 27 9 17 36 54 15 49 33 46 25 55 12 79 51 16 20 9 23 14 79 10 4120 4037 23 45 21 136 63 63 12 6 22 8 18 23 9 27 27 9 24 14 16 22 12 58 55 40 36 23 8 40 10 36 7 3 12 128 21 35 11 373 
84321 
83857 340 999 790 3485 1716 8012 476 18 1155 
83247 40 20 15 160 112 48 5286 1848 8961 
83199 716 2280 1062 4132 3556 2065 
83637 409 44 137 599 34 422 158 736 2389 57 160 1631 57 160 747 972 392 118 79 40 620 554 3335 464 843 104 768 95 
93285 
83278 33 238 112 50 263 140 169 22 129 6 234 38 284 316 240 282 862 136 2 104 96 142 582 136 2 104 96 142 273 53 141 340 174 862 21 257 53 141 482 459 72 131 12 1405 270 18 8 1214 822 136 2 104 96 142 218 479 563 692 22 8 1246 343 61 69 36 141 29 182 147 260 174 862 21 198 479 
83529 1345 59 8889 
83655 15 399 130 52 87 150 1526 385 689 16 8 8 341 689 16 8 8 3033 1968 7 192 4 14 8 342 3 473 49 28 4 842 689 16 8 8 1459 9 433 4 100 5 3 15 8 1475 158 770 
96953 4 5529 4 
83267 1500 915 2876 22 13 76 1737 22 13 76 366 581 639 81 4449 5533 
97919 
83268 1500 1219 5201 2303 
83251 5671 1848 5978 753 733 4047 
83209 
83646 
83724 776 185 387 112 38 274 1408 29 1033 29 597 49 155 320 108 15 24 25 390 41 721 49 155 863 670 1743 399 83 384 868 29 739 314 76 169 125 317 1147 1071 261 180 82 329 108 15 24 25 390 41 859 314 76 169 
93345 
83273 140 62 177 
83813 8008 
83466 1595 9271 5171 518 
83274 140 62 177 
83240 42 17 35 14 46 8 108 156 31 12707 5533 
83277 1565 469 1478 1062 7688 
83215 1406 1592 1062 5021 718 663 306 527 453 1064 1001 652 1292 491 2097 
83223 
94646 
89036 11377 
83284 551 2235 276 1062 3863 2960 865 
83254 192 5480 1848 
83286 20 49 139 98 296 
83191 
83290 14 1970 754 13 25 12 12 21 9 39 6 5064 13 25 12 12 21 9 39 6 1236 5037 348 497 212 70 144 
93646 
84630 
85036 
83208 5764 4034 1493 1513 4337 1196 
83468 148 674 2080 528 534 528 1828 1973 869 2269 3 18 4 196 528 557 740 2975 1245 573 740 
83362 2204 354 5201 5044 531 5002 531 
83216 
83293 543 748 209 47 44 2075 1062 865 1848 2746 2229 380 783 755 320 1288 341 287 290 99 1370 783 
84640 3736 1415 433 6192 3650 75 24 1003 781 
83785 
83295 306 1856 
83406 
83296 304 
83300 8 769 2839 174 888 174 361 35 108 237 1468 35 108 237 1644 92 605 544 10 187 1843 174 279 1429 45 677 811 569 2002 
83455 6 394 103 437 136 125 420 176 91 65 68 59 312 174 448 48 11 101 7 9 16 19 35 816 48 11 101 7 9 16 19 35 868 83 26 57 14 24 87 86 81 8 9 94 302 88 23 74 201 22 114 455 83 26 57 14 24 87 264 174 418 385 1141 270 11 148 203 514 907 48 11 101 7 9 16 19 35 595 69 38 266 346 101 292 857 1672 123 40 30 68 30 108 38 28 5 77 151 81 8 9 94 302 88 23 74 201 22 114 178 69 38 266 346 101 
83788 3416 1062 1687 30 4830 1141 2504 2872 30 
83310 1116 4032 1848 3751 
83514 342 1684 904 1062 2450 1492 2460 1286 929 76 2960 2174 323 76 
83732 295 279 1196 3610 5135 64 6178 
84868 42 309 443 45 159 69 4 3435 62 1427 45 159 69 4 442 152 49 48 49 19 416 111 1502 6823 62 
83401 1800 1526 1062 7688 
83326 302 1131 63 342 143 24 18 82 37 22 32 3 231 243 1147 1062 240 1848 661 243 1143 3553 296 323 316 136 1925 651 305 1877 323 316 136 
83767 1833 6369 2717 1410 5533 
92273 
83261 292 17 6 136 16 3 43 638 179 1700 135 205 23 552 147 135 205 23 552 91 766 825 21 37 17 182 1613 127 1968 892 2 232 135 205 23 552 291 254 571 2001 1429 825 21 37 17 378 254 
83336 49 31 1724 195 11435 686 4847 
83439 16644 
94281 
93555 
83359 9432 46 1270 2697 510 1198 1255 2570 
83364 57 134 50 110 97 678 104 100 43 36 37 21 161 92 209 96 117 76 246 168 62 232 299 12 20 539 52 8 132 299 12 20 539 52 8 143 243 361 12 86 656 16 200 35 83 9 147 243 513 168 62 558 68 32 6 246 938 323 153 73 117 92 207 482 15 8 9 106 61 14 37 58 178 299 12 20 539 52 8 209 69 10 6 195 64 25 329 183 2569 777 12 86 656 16 200 35 83 9 209 69 10 6 195 64 25 329 
83381 436 15030 
84631 
83625 539 2189 838 224 838 1197 5653 838 4886 
83395 1330 180 1546 1062 1877 11 2139 3132 153 376 1564 90 30 2719 1163 11 1520 90 30 
83368 349 312 2213 289 773 289 1087 651 1197 1616 123 841 666 954 264 289 903 1556 2968 1009 
83369 349 344 2221 74 280 44 664 74 280 44 1118 1848 852 261 1248 689 822 184 268 74 280 44 790 991 73 442 69 586 202 22 718 430 2000 
92478 
88426 1848 
83573 6027 5237 6140 
94503 
89755 11377 
83373 494 1089 4691 10 155 260 1780 374 7 540 4833 1092 2326 10 155 260 
92912 49 5 5353 
83374 2505 444 1062 3695 1901 2092 1530 5533 
83505 5260 1848 2816 932 2202 2184 584 463 2302 
83375 960 6 708 831 105 364 254 152 656 254 152 616 1848 800 105 581 301 676 1569 786 254 152 632 937 171 79 921 537 2888 
83376 2979 699 363 699 5506 1156 327 699 1134 387 1215 3931 
83641 2368 539 1062 3600 1573 370 1105 1040 2322 342 378 
83377 5955 11377 
85171 1097 1062 1032 1848 3503 987 318 2692 1427 
83397 579 1031 3368 1377 263 80 128 1493 4437 144 3768 1064 263 80 214 144 
83399 
83253 834 366 4379 28 1820 28 3836 103 
86454 1062 7311 377 
83417 6353 1 11376 1 
83418 3081 1062 4363 3325 
83257 260 5407 1848 881 8159 
83727 430 4590 1848 2112 5448 
93473 
83433 19 
83224 1413 4360 4033 959 2050 3439 896 1198 
83700 2418 28 331 1062 3780 28 155 3193 532 1030 3523 2010 
83448 
83230 
83456 
84170 
83691 623 1620 858 1062 986 642 520 686 447 2515 664 601 627 3565 187 272 52 1241 520 
83465 1216 4223 1848 
83470 112 456 307 194 2362 1062 1488 2076 1943 273 615 14 1279 456 4721 812 
83809 156 735 972 110 5091 110 2123 3400 2528 601 2404 
83474 1175 12448 51 2687 
83608 1045 12194 5533 
85785 554 1062 3585 4103 
83620 9077 7507 
93170 1082 5105 41 30 
83263 1697 395 1451 208 854 208 491 57 1 126 464 14 1186 57 1 126 913 108 224 1641 2071 208 446 1929 306 131 64 568 1384 14 1137 
83472 412 701 4206 52 1796 52 2449 579 319 123 27 40 98 3616 83 
85427 9461 1956 5533 
83843 281 
83473 14 903 2656 1062 7688 
83458 379 675 536 703 233 309 1062 2733 864 233 453 88 40 384 474 2419 3992 495 288 52 1595 
83485 
100047 
83463 2519 5201 1509 160 1202 
83861 5308 76 308 374 207 1362 637 26 8387 76 308 374 207 
83490 389 2702 1062 7688 
83492 383 16 12310 27 13 228 67 5198 27 13 228 67 
85127 
83495 386 8 106 160 74 39 9 83 123 503 2073 23 1039 23 764 33 9 1806 33 9 3079 1932 23 1546 154 19 11 21 49 
83496 169 217 2820 490 572 490 315 137 546 1165 137 3250 6 26 38 4 14 143 53 1364 490 270 4417 1116 
83503 2322 3879 1322 2073 670 88 868 1767 1521 1042 1063 963 944 
83824 8207 
96994 5533 
83504 566 130 1815 5201 997 5117 
83512 2536 5201 962 5115 1459 5 
83779 4918 1848 9569 
83520 
83596 111 1711 874 1062 7274 266 148 2028 86 371 732 
83527 33 872 319 78 126 197 193 165 320 427 101 209 71 44 37 7 15 10 20 2 72 340 134 101 209 71 44 37 7 15 10 20 2 72 340 259 2 89 346 273 14 39 16 15 4 19 18 39 158 168 10 93 96 73 161 215 2 89 346 240 406 76 44 6 25 94 42 66 55 60 35 48 34 170 917 666 784 170 278 101 209 71 44 37 7 15 10 20 2 72 340 123 191 23 16 19 247 6 53 27 101 14 90 37 90 118 92 26 5 59 469 232 1179 19 315 23 2 112 107 25 66 202 9 8 8 238 12 295 14 39 16 15 4 19 18 39 158 168 10 93 96 73 161 75 191 23 16 19 247 6 53 27 101 14 90 37 90 
83530 16295 
97027 
83535 546 1667 5201 8698 
90124 11377 
83713 8718 5894 211 294 
93666 
83542 3353 1062 701 633 278 198 78 661 1677 3462 3398 884 143 598 278 198 78 
83736 4875 1848 
83545 5489 4343 7034 
83940 2288 1062 7232 456 2710 
83551 1765 4715 3760 956 4960 1701 
83564 
96029 5533 
83733 576 92 2706 1062 617 1848 2547 7 2669 1912 1006 593 11 
83571 211 649 271 58 303 460 971 656 406 656 274 1848 4392 109 58 351 656 629 648 302 259 1412 2912 
85517 
83654 
94436 3671 115 
88803 1848 6278 2840 2693 
83585 
83588 
83590 1215 537 1197 214 848 214 1541 22 2208 654 3049 214 5230 22 
83844 281 5494 47 2532 6344 746 1708 47 
83615 1683 740 5201 1023 6034 773 
98086 
83672 
83633 9182 4544 
92040 
84724 53 40 77 691 599 667 1062 3472 875 113 124 762 839 1503 740 1830 3703 
83634 510 641 1108 5201 4975 366 2995 2172 366 
83648 
83753 12 5189 1848 
83833 2147 5201 569 372 5727 194 
83657 
83780 15425 
92670 
83660 
83669 10185 
88723 1848 
83792 
83675 10261 5565 28 791 
83886 2020 5201 
83892 8152 1095 110 2987 220 715 4598 220 
94584 3520 736 60 
83678 2193 5201 
89325 11377 
83701 574 268 542 614 653 1062 3486 4202 2231 2412 
83704 
83708 15541 
83864 9732 5683 
89204 11377 
83710 3121 1062 7688 
83714 
83747 797 4791 2831 435 1167 5960 984 
85619 2696 1848 657 1463 711 667 300 528 3173 400 887 
84195 9092 12 4519 
83748 73 2879 1062 811 1848 5029 3149 122 
87103 1062 5129 2559 1960 8 
85718 5201 2638 
83526 40 140 399 75 21 126 1481 1101 103 83 876 103 83 486 136 159 449 494 610 136 159 223 586 1503 353 49 120 987 49 1003 103 83 329 106 1056 175 207 18 3028 494 449 106 
83755 29 2252 615 1062 1244 199 43 119 232 349 906 432 304 3860 3430 696 1006 43 119 232 349 
92284 5779 
83760 242 9 12 523 25 694 20 479 623 29 164 14 95 12 33 160 555 29 164 14 95 12 33 160 459 248 1600 248 454 2086 103 41 46 460 303 113 43 81 21 112 18 14 133 374 224 29 164 14 95 12 33 160 1408 145 67 80 44 233 324 66 9 1028 82 243 24 
83777 2571 1062 2102 591 3809 718 468 3954 347 1490 591 
83781 
83789 14 3424 1062 1665 11 52 4797 1163 5354 11 52 
83791 
83802 5351 539 10838 539 
83804 1104 9967 
83806 156 735 972 110 5091 110 1290 833 3400 2528 601 218 2186 
89993 6712 1500 1456 1709 868 
85318 23 10 
83872 6139 11377 
83898 
87015 1062 6491 1197 762 5533 
83818 1186 
83834 
83838 675 561 488 130 60 568 1062 1703 1808 60 1184 14 283 2636 1077 12 2877 1090 336 1218 12 
83842 
83846 1197 4232 601 1658 15 9103 601 
83850 12 8 4792 508 76 172 136 171 26 30 147 36 22 28 16 15 17 32 41 375 964 23 136 18 50 36 10 17 112 134 8 116 26 4022 204 3252 909 76 172 136 171 26 30 147 36 22 28 16 15 17 32 41 203 204 
83852 8544 
83853 2716 1062 7688 
83854 
83860 5308 384 103 67 324 13 17 15 37 1340 161 69 16 30 130 258 2747 1301 4365 384 103 67 324 13 17 15 37 208 
83885 
83883 632 21 1122 19 254 38 423 43 1019 43 3362 19 254 38 1866 686 324 122 116 39 10 86 20 238 465 43 3819 
83893 4607 1848 3446 74 137 201 3827 
83896 6225 4721 6656 
94138 
85166 38 1873 19 1043 19 7669 19 1682 28 20 
83897 4546 1848 
83900 8368 
82149 469 277 224 713 1087 1898 1062 1205 481 48 59 1787 930 442 4 2732 1876 965 210 285 519 496 252 291 481 48 59 
82162 671 83 71 101 2965 44 38 170 186 876 186 1633 495 1573 44 38 3719 186 3547 1775 495 
84928 
82829 80 200 8381 
98396 
82294 
82483 698 6180 203 211 60 83 2030 318 994 3401 25 1852 665 1535 203 211 60 83 899 25 
82410 
82510 4360 1062 5710 1978 1279 5533 
82118 1103 717 689 1017 575 1062 1059 645 1203 657 570 890 715 663 833 453 1064 1004 649 399 893 491 893 1204 
82115 1103 717 689 1017 575 1062 1059 645 1203 657 570 887 718 663 306 527 453 1064 1001 652 396 896 491 893 1204 
84042 109 
82432 
82460 
98941 
82093 14910 
83177 6 
82300 10625 4225 
97432 
89939 11377 
82085 4102 1062 7688 1063 3439 2094 
82159 55 398 14 48 37 55 23 3 17 83 30 9 53 37 1135 47 853 31 1530 1062 1902 1870 491 769 134 455 244 871 952 1978 52 77 572 489 684 365 106 186 1082 
97550 
91927 
82094 
84729 10 36 68 27 71 32 497 21 35 6585 2171 3226 1569 
82175 
82564 
82319 6866 11377 
98716 
82086 
84198 5561 11377 
82651 1136 3416 1062 1687 4860 6 1135 5376 
82272 3624 5201 1592 63 6295 
99480 
85627 5201 
82184 962 99 27 30 51 130 121 35 29 159 24 1337 543 1224 17 8 1037 17 8 343 333 133 7 63 1312 333 133 7 63 163 4773 17 8 1769 14 
86169 1072 1062 3067 4621 
82113 
88388 1848 8440 
84806 
82098 9300 1600 967 528 1521 3439 2094 
82100 16863 
82097 2509 11404 3436 2097 
82254 231 44 1970 2041 3 1059 3 834 609 639 600 1672 790 515 452 1574 3 1121 708 372 243 469 2034 185 639 883 
83993 286 12902 
82994 
83036 
82308 
82174 2704 931 5201 2751 254 
82090 16853 
97016 
84652 12194 5533 
82704 970 1741 3437 169 1679 3140 40 2918 1706 1894 1933 
82357 2672 1559 1062 1501 4013 2174 5190 
82652 
82882 2568 6429 2446 3479 
82101 11869 
82129 
82216 
96990 5533 
85263 
82247 460 238 384 1199 1385 5201 6755 1698 
89800 11377 
83318 2162 1441 1062 5153 711 1824 
82142 192 191 3571 5201 1487 5434 100 
82120 13918 3439 2094 
82506 520 9110 1788 2313 1996 1912 1625 
82571 292 1872 3677 1848 
82233 44 597 91 641 15 634 677 50 885 807 1062 3332 4356 1052 3608 1925 
100061 
91428 
85589 
82879 9617 5882 242 
93373 18 12 10 4476 12 10 
88988 11377 
82321 
82148 41 55 58 281 445 30 96 694 20 1486 1107 27 706 329 27 706 1389 102 42 21 152 1868 20 308 922 752 1379 27 706 1314 42 2293 10 1419 102 42 21 152 
99715 
82819 
82927 
82141 1649 288 858 8612 
82729 1524 2872 1062 191 212 1636 212 5437 1912 1277 
84017 
82110 
82095 1102 716 691 1013 576 1062 1058 649 1199 657 569 894 711 667 300 528 456 1065 1000 652 400 887 497 895 1202 
82464 12319 2313 1396 
82260 9 37 10 177 373 68 100 35 15 455 256 1316 126 1071 132 19 47 1 49 176 10 275 153 11 17 172 132 19 47 1 49 176 10 275 153 11 17 107 106 471 99 258 914 106 471 1401 923 11 1705 44 182 132 19 47 1 49 176 10 275 153 11 17 360 136 949 3027 258 1163 136 
83586 402 19 1254 1792 15 1047 15 1503 6170 15 1086 2133 1973 1427 
83060 
83003 3098 407 262 800 262 1206 29 493 49 35 24 97 13 52 23 7 11 1431 523 91 112 112 3118 262 4895 29 493 49 35 24 97 13 52 23 7 11 
82111 
88335 1848 
88410 1848 
82168 676 395 42 17 35 14 20 57 13 6 66 29 98 14 13 33 276 3 11 316 41 14 399 93 53 46 58 63 122 110 59 6 37 142 11 57 439 43 39 16 90 13 84 27 10 100 9 82 85 55 4 57 22 5 7 16 19 24 19 67 357 13 84 27 10 100 9 82 85 55 4 57 22 5 7 16 19 24 19 67 362 5 141 122 18 278 91 4 18 167 7 6 86 27 45 119 303 85 42 43 132 109 5 141 122 18 278 472 43 39 16 92 49 17 83 22 10 169 197 1132 666 774 61 71 50 246 13 84 27 10 100 9 82 85 55 4 57 22 5 7 16 19 24 19 67 405 52 36 108 28 7 26 60 14 131 10 496 14 112 13 72 692 1525 40 33 80 156 120 112 27 59 278 4 18 167 7 6 86 27 45 119 303 85 42 43 132 148 52 36 108 28 7 26 60 14 131 10 
98838 
82778 10173 5344 
82158 118 686 8881 1491 5481 912 
85849 734 1062 3405 1315 212 2756 1805 
82103 14915 
86235 1062 7688 
83137 
82123 6873 11377 
82414 2168 402 320 658 2476 1609 239 877 3081 34 58 291 271 8 1856 472 1591 26 499 15 2059 871 
84608 
82365 2594 1846 8 1054 8 7680 8 
97111 
84754 1483 578 484 578 7110 578 
82716 542 4 256 22 197 32 80 20 5051 395 648 63 26 716 1107 102 4204 92 17 329 18 36 84 126 2278 12 482 1037 648 63 26 285 92 17 329 18 36 84 126 
84316 849 14343 
82606 405 11237 
89834 22 11355 22 
90044 11377 
83051 2817 632 1062 1877 582 1048 607 269 3305 3369 664 1533 582 
94479 
82160 453 180 65 67 1453 
82888 11422 
89911 1983 9394 
82131 1101 718 689 1018 575 1062 1058 647 1201 658 572 883 721 663 304 531 450 1065 1003 649 395 901 488 893 1204 
82218 56 267 19 44 31 136 79 6169 798 10579 798 
100281 
87102 1062 7688 
82132 29 4 14 15 48 43 48 30 44 15 18 18 34 20 12 38 179 17 16 58 69 4 16 26 39 109 25 42 13 114 77 57 110 19 5 5 33 22 103 19 60 2 170 14 316 16 39 348 43 99 104 60 304 88 53 100 496 43 6 33 106 24 41 32 27 87 66 42 6 85 84 32 4 11 46 118 234 44 79 24 41 32 27 87 66 42 6 85 84 32 4 11 46 118 234 44 84 152 116 24 269 115 108 5 55 55 40 21 18 65 103 17 9 21 5 23 90 12 37 77 170 241 152 116 24 269 475 43 6 33 122 21 10 126 10 147 116 47 80 19 115 50 920 498 166 6 774 61 66 49 6 48 33 33 132 24 41 32 27 87 66 42 6 85 84 32 4 11 46 118 234 44 139 28 10 38 108 34 101 38 88 511 112 27 64 124 37 539 1524 26 15 38 52 19 10 52 110 21 7 16 14 7 42 8 3 32 29 24 17 16 6 32 14 25 32 28 35 59 19 11 10 98 108 5 55 55 40 21 18 65 103 17 9 21 5 23 90 12 37 77 170 292 28 10 38 108 34 101 38 88 
82298 16 765 93 7 
82234 44 688 641 649 727 11494 5533 
82364 
83127 1329 9970 4895 
84650 12198 65 2178 20 3270 65 
82134 786 26 
82114 
82701 14868 
82239 400 455 360 740 469 1251 102 396 1062 1733 650 1258 102 567 117 17 26 12 27 1209 69 25 12 745 164 31 224 700 1779 41 118 677 40 42 941 570 318 896 650 1240 41 
83383 
82136 3894 557 1062 1819 343 1420 1211 2895 3144 2364 343 
82655 716 444 878 298 1066 3976 1225 196 555 7628 1773 
84719 119 2036 1062 7688 544 2030 1504 163 1836 
82171 940 27 20 3723 1062 7688 
82137 994 9070 5072 1019 
92447 
82181 107 1665 1261 1201 126 3 682 251 126 3 682 3633 829 32 32 703 99 1119 129 59 242 126 3 682 600 479 110 289 855 1533 247 44 42 26 40 1868 
82223 28 391 401 385 116 2156 1264 1062 1062 1813 1270 632 35 34 13 247 1278 1304 2603 2148 
83078 1329 72 41 730 410 155 62 546 1062 991 1848 537 155 62 2006 63 291 410 158 197 7 963 1616 2605 2928 
82566 
82956 10448 4498 503 259 238 
82275 
82125 16865 
82153 74 122 580 28 12 23 8 17063 
99407 
82144 972 843 2789 1062 5346 2342 2625 128 469 13 96 
82362 510 1782 879 3043 1848 
86513 1062 7688 4822 
82147 41 55 58 281 475 96 2200 1107 27 706 329 27 706 6955 27 706 1314 42 2293 10 
82127 
99973 82 
82230 83 332 65 14 335 30 11 1753 7319 6077 
82152 3332 14578 
98148 232 206 21 103 
88461 1848 
82395 402 1428 2694 1062 5828 1860 1497 
85026 
82748 1375 4558 1848 3876 4928 
82263 206 156 301 489 100 78 51 38 96 48 222 26 233 5 133 781 183 17 6 137 715 29 132 484 27 41 45 304 29 132 484 27 41 45 279 9 73 76 109 4 5 40 151 31 927 423 9 73 76 109 4 5 40 151 31 1746 400 196 673 1290 29 132 484 27 41 45 346 34 37 16 46 31 164 27 23 122 78 24 14 15 13 12 20 19 48 87 3 8 6 178 302 54 209 558 440 458 141 59 603 1198 486 34 37 16 46 31 164 27 23 122 78 24 14 15 13 12 20 19 48 87 3 8 6 
82151 917 
82241 43 235 98 213 82 39 112 47 228 18 1389 679 130 218 701 1062 3438 512 127 395 925 2291 1585 731 4802 
85399 7691 
82155 804 
83998 225 29 80 157 8883 40 3066 1432 4101 
82717 11438 
85626 5201 
86168 5201 
82311 10999 983 
82089 
82211 326 95 6072 1848 3826 3100 
98238 982 
82999 
82164 2180 989 358 489 619 40 1022 40 659 1848 484 489 1834 1086 1248 40 
85805 5201 3006 553 
83073 3598 1062 2085 2404 3199 1485 2108 2181 1244 
82545 132 
82187 965 
82166 
82914 185 4072 1062 169 1848 5671 
82096 1102 716 691 1013 576 1062 1058 649 1199 657 569 894 711 667 300 528 456 1065 1000 652 400 887 497 895 1202 
82575 475 6074 2692 4695 3701 289 1543 
82982 2275 13 3143 1848 2272 441 5460 
82143 2810 222 18 18 13 279 44 25 684 105 336 27 39 18 63 117 208 149 105 336 27 39 18 63 117 208 876 7 5 71 93 109 17 11 18 271 252 94 11 1366 195 40 56 39 293 16 2935 105 336 27 39 18 63 117 208 209 185 15 22 489 121 243 2207 410 120 82 47 10 65 82 38 220 7 5 71 93 109 17 11 18 271 252 94 11 218 185 15 22 489 121 
82186 965 1311 2120 287 775 287 836 553 120 423 752 1062 1729 1926 287 1493 792 500 140 4 453 222 37 74 1363 120 423 
98146 697 
82291 1168 5433 1848 7607 
82145 32 940 186 432 674 83 2266 71 991 71 762 1848 2029 693 644 197 28 1416 71 3682 
82169 3023 228 701 758 1062 3381 4307 1541 1461 1325 
97549 
82367 1944 9605 3531 
83035 2143 6539 
84618 3713 1848 
82502 298 1306 954 1274 1062 1519 1848 2603 56 726 936 2074 16 299 68 60 147 45 166 1354 
82514 
82310 69 701 10 
94556 
82102 
82138 814 17094 
82787 
82486 11 3632 5201 484 410 6359 62 454 1109 
82183 958 2669 1144 1062 448 232 122 1494 232 122 345 2751 254 598 1090 1794 
82679 
82756 
82579 7169 11377 
96914 33 5500 33 
82126 11866 
82146 675 261 729 150 215 520 972 110 15 106 416 210 383 186 283 210 383 186 289 169 64 1615 169 64 343 110 15 106 784 1218 55 765 232 449 56 123 21 14 248 210 383 186 666 620 879 1021 601 2412 
82182 261 388 8 135 2 164 3 257 349 5 264 16 62 8 143 156 74 87 506 264 170 97 121 176 20 1216 75 987 75 368 230 134 91 4 95 68 33 57 178 319 639 230 206 176 20 334 1130 966 15 1233 1087 75 117 21 304 5 64 11 911 390 225 3 451 1085 71 180 503 80 91 4 95 68 33 57 178 319 384 21 304 5 64 11 
82563 1484 24 13 75 61 22 29 
98100 
82133 780 185 10426 
93385 4497 
82190 364 35 989 1673 290 3630 26 194 157 90 331 1832 4966 2845 250 686 26 194 157 90 331 954 
97405 1404 1389 
82195 12 125 259 
94495 1521 5533 
88589 1848 
82441 
88980 11377 
82283 
82208 184 950 831 103 83 465 17 262 64 406 360 218 101 7 237 197 98 5 175 343 7 237 197 98 5 175 387 195 445 224 135 62 202 585 195 671 218 79 45 101 91 294 200 236 1136 115 630 121 602 7 237 197 98 5 175 354 51 505 59 737 144 132 73 959 391 439 872 224 135 62 202 548 51 505 59 
93816 
82444 396 135 2096 434 218 1412 1062 443 230 1618 230 206 2641 2320 192 394 5139 394 
82439 17226 13 
82196 107 22 30 452 207 118 2903 121 2856 97 2127 121 9032 97 
89251 512 135 10730 512 135 
82893 4 211 656 8562 7070 
82197 936 2877 5201 4843 592 9 321 4611 592 9 321 
82199 
92363 
82130 1101 718 689 1018 575 1062 1058 647 1201 658 572 882 1 721 663 304 531 450 1065 1003 649 395 901 488 893 1204 
82117 1103 717 689 1017 575 1062 1059 645 1203 657 570 890 715 663 833 453 1064 1004 649 399 893 491 893 1204 
86342 1062 7688 
82176 85 2482 
82157 64 61 260 63 31 7 129 79 92 18 49 1742 237 395 639 1115 24 1038 24 3000 778 251 217 663 2755 24 266 283 3101 734 1415 283 
82107 1103 1406 1592 1062 1704 2430 887 718 1949 1064 1001 652 1292 491 893 1204 
82202 43 35 732 309 260 102 999 82 303 362 95 757 342 84 165 54 239 178 342 84 165 54 239 354 107 218 42 474 660 347 107 218 42 932 238 475 95 39 183 310 877 230 61 795 342 84 165 54 239 296 78 41 312 263 50 514 8 248 315 871 261 612 225 790 660 285 78 41 312 263 50 
82204 207 704 46 637 5529 2226 9151 
82842 2931 5201 3163 5778 
83363 6746 11377 
82119 
82206 125 
97695 
92350 36 533 
82565 27 3871 1062 1808 5880 5497 
96059 5533 
82307 1490 2645 1062 5625 1553 510 
94527 
82232 814 3057 5201 3043 
85716 5201 2651 1 15 
82205 
82289 14449 5533 
82658 769 940 4151 1285 34 529 2070 4220 879 19 5 1951 1670 34 975 
82224 80 542 147 61 182 241 650 384 19 11 24 477 1111 299 37 64 311 19 303 328 37 64 311 19 303 617 1848 641 1974 150 468 1256 37 64 311 19 303 1125 271 136 20 124 7 1383 229 591 202 
82930 
93560 
83093 
82106 
92191 
82752 33 
82773 1330 395 40 23 4525 31 114 214 68 57 188 66 3351 152 148 77 4201 2710 31 114 214 68 57 188 66 
82609 393 6035 29 3 4 29 457 49 35 24 97 13 52 10 13 7 11 1954 91 224 8275 29 3 4 29 457 49 35 24 97 13 52 10 13 7 11 
82264 399 2261 213 240 4337 28 3011 3454 1837 3047 28 621 
88341 
82139 17 125 132 349 180 11 7 1101 172 425 511 84 278 6 729 1062 1043 215 1633 215 2038 38 262 107 1208 539 390 1203 20 17 48 62 487 855 307 1412 2325 20 17 48 62 487 
92301 1385 3347 1048 
82437 37 838 3 1058 90 381 609 25 3571 580 1943 385 2842 1603 1302 1538 257 427 391 109 580 929 
82336 838 438 82 68 367 964 123 1632 92 970 92 464 105 319 337 55 56 24 45 87 82 36 274 428 105 319 772 7 7 160 37 10 2639 1228 92 552 84 9 290 227 5 30 488 193 368 1246 415 293 348 366 55 56 24 45 87 82 36 274 512 84 9 290 227 5 30 
92161 451 4984 
82654 17086 
86046 5201 
82228 1294 2425 2766 1848 587 6431 
82266 2059 2668 17 1045 17 1597 2355 3719 17 1481 3805 
89477 7105 4272 1261 
82220 42 414 667 2136 70 589 105 865 37 160 865 37 240 115 13 9 1220 491 115 13 9 907 1895 1759 865 37 296 3805 273 912 543 
82312 2022 6 
82685 
83252 105 30 62 70 6 42 13 171 43 5162 1848 
82173 308 49 3 929 228 618 406 163 12 394 325 242 626 25 3 6 8 11 6 1 1 23 520 458 25 3 6 8 11 6 1 1 23 520 1243 416 238 1012 528 14 932 205 1857 639 25 3 6 8 11 6 1 1 23 520 456 33 311 130 644 166 396 699 504 534 192 179 175 513 416 238 403 33 311 130 
82229 3336 3070 997 851 1352 14 4313 4847 686 
93981 
83020 
83105 
82250 
82235 
82193 703 718 4931 1848 1921 111 2494 2498 8 27 94 34 727 39 
82135 
85317 7371 168 5264 
82572 2191 1127 2640 972 563 313 713 6328 61 1713 239 684 763 563 
82236 17 348 
88517 1848 
82091 11860 
89474 11377 
82396 
82237 15621 1935 
93679 
83165 15210 
96956 2721 2812 
90817 3665 
82238 364 13 10630 258 97 24 613 107 18 3506 8 77 40 
83038 1809 2123 1062 7688 3358 
82520 193 1097 150 215 520 972 110 537 210 383 186 283 210 383 186 289 169 64 1615 169 64 343 110 905 71 1147 479 75 266 232 449 56 123 21 262 210 383 186 666 620 255 1645 601 2412 
82246 2262 26 753 427 90 37 19 84 73 412 718 344 718 328 480 1368 530 90 37 19 84 73 447 1426 43 18 56 213 198 109 109 61 207 42 31 16 17 203 765 718 1239 37 143 5 42 177 207 276 13 336 879 46 1097 
82178 1166 1655 436 249 4230 971 5965 127 1603 2711 1092 127 
82891 1200 696 95 399 996 144 492 143 283 144 492 143 4861 85 567 980 103 313 144 492 143 897 637 251 130 479 667 450 2919 
82385 
97623 
96653 5533 
94376 
94187 
82549 3 3777 201 861 201 1247 620 430 52 746 2739 1653 201 805 1034 91 2209 1417 430 52 300 
82200 464 152 95 121 500 206 420 111 95 139 563 213 23 22 46 8 182 8 596 148 28 292 130 166 92 16 165 173 28 292 130 166 92 16 165 97 359 122 98 162 87 76 124 9 64 254 28 147 42 10 266 359 122 98 578 168 32 31 23 7 63 153 90 151 102 234 874 159 907 53 343 5 126 176 28 292 130 166 92 16 165 135 4 5 50 12 58 86 81 17 75 161 117 334 27 102 39 7 198 59 294 617 327 150 165 219 289 10 238 45 28 46 130 48 131 46 177 87 76 124 9 64 254 28 147 42 10 300 4 5 50 12 58 86 81 17 75 161 117 
82255 37 187 212 597 77 57 47 247 1200 887 26 793 208 106 748 208 106 3006 26 1113 1489 1061 34 645 208 106 568 1241 145 99 249 491 451 221 2636 
82210 127 152 47 51 53 6 181 34 46 269 174 54 98 85 26 150 67 15 285 39 224 45 104 420 132 123 481 63 57 159 85 37 9 273 38 172 108 39 2 68 10 31 92 28 474 38 172 108 39 2 68 10 31 92 28 448 93 319 135 202 180 33 54 39 43 10 115 148 37 16 22 402 93 319 160 63 57 159 85 37 9 190 12 7 7 100 53 7 37 10 6 122 116 4 70 579 28 150 248 65 23 19 286 34 10 244 151 1 7 114 102 260 10 59 180 33 51 71 98 37 221 38 172 108 39 2 68 10 31 92 28 524 32 52 98 201 232 30 10 72 154 3 148 8 93 22 48 267 110 114 472 134 99 246 32 80 98 43 51 22 54 33 86 198 13 97 298 238 8 19 145 202 180 33 54 39 43 10 115 148 37 16 22 474 32 52 98 201 232 30 10 72 
82322 
96909 5533 
92327 498 6715 223 250 297 
82265 
82256 659 34 8534 6054 
82267 921 132 147 54 229 153 1170 130 539 28 314 88 138 936 126 936 334 70 29 23 24 10 31 106 379 219 167 69 383 338 70 29 23 24 10 31 106 160 28 314 88 396 506 1652 518 489 126 936 170 210 621 876 2463 355 219 167 69 383 170 210 621 
98937 
82191 399 3097 253 13 475 1062 1682 26 351 90 1249 253 13 464 184 1242 172 502 383 221 135 721 2574 12 1246 1539 26 351 90 
82268 1024 80 226 218 50 2165 295 1062 1704 337 173 132 1498 847 84 2676 237 1261 371 5 265 3491 337 173 132 759 371 5 265 
82240 119 285 428 1257 937 229 1355 1062 7688 1723 842 129 275 47 309 169 
89523 11377 
85118 
82555 9924 4421 2183 3350 
82323 482 14001 5533 
85843 5201 7137 
82271 3571 3437 1764 7137 2476 
82584 13748 5533 
83062 176 42 17 139 213 46 2969 1062 799 785 24 14 1025 4505 27 509 1807 2610 246 610 24 14 
82128 14916 
82279 419 10681 4478 
82923 482 93 946 42 63 1156 542 644 52 237 129 644 52 237 496 285 4 15 765 779 320 1080 3011 644 52 237 2224 1743 503 4 15 765 
82290 11830 
82427 9657 
82472 
96605 5533 
82293 6978 747 1778 6376 1524 507 445 747 
82198 
99513 
83486 
82628 1577 
82295 
82467 1904 1481 1234 32 1030 32 402 25 1131 268 63 14 347 25 598 558 31 167 158 214 226 506 889 226 1808 32 1043 20 417 751 95 88 586 385 161 1701 268 63 14 984 20 
82877 11174 5342 
82657 15465 80 316 56 117 28 
92927 
82215 373 1616 1721 217 2285 1848 851 217 1937 21 2997 249 1204 58 1427 2595 249 
82122 
85280 
83085 1132 13204 
82297 
96393 5533 
85624 5201 
82225 71 31 16 8 29 167 103 151 23 25 15 23 111 175 155 18 50 42 15 47 75 57 61 66 12 58 272 17 18 36 319 57 114 205 19 2 26 448 71 60 102 7 263 11 25 31 70 9 13 451 20 17 3 12 19 9 18 12 41 43 196 20 652 20 17 3 12 19 9 18 12 41 43 196 20 606 46 20 48 43 80 31 24 12 16 22 113 12 11 45 166 12 22 5 83 7 6 17 5 6 30 9 14 26 6 21 4 27 120 123 83 17 31 29 56 15 20 54 9 12 290 46 20 48 43 80 31 24 12 16 22 323 11 25 31 70 9 13 290 20 50 15 35 40 6 39 29 31 76 21 18 40 63 40 11 11 40 9 11 273 106 174 50 82 50 74 27 1 33 87 46 105 26 16 38 21 42 44 13 7 44 32 21 53 212 226 45 22 69 216 14 59 13 140 72 101 98 353 20 17 3 12 19 9 18 12 41 43 196 20 487 68 79 43 13 24 14 45 109 57 9 16 17 29 43 13 17 8 17 16 33 37 93 26 17 8 89 47 139 39 21 12 23 44 9 15 28 23 41 19 35 29 64 220 21 74 176 251 24 44 13 43 13 24 74 8 82 21 43 18 125 84 59 8 142 17 31 9 19 11 271 82 3 22 18 89 17 17 46 20 96 42 44 96 60 15 143 12 11 45 166 12 22 5 83 7 6 17 5 6 30 9 14 26 6 21 4 27 120 123 83 17 31 29 56 15 20 54 9 12 167 68 79 43 13 24 14 45 109 57 9 16 17 29 43 13 17 8 17 16 33 37 93 26 17 8 
82092 
82309 9 6866 11377 
82324 482 1577 2825 1062 853 460 149 148 1918 4160 3746 796 460 149 148 
82140 14 116 16 61 28 34 90 78 221 58 50 42 6 4 20 380 196 9 5 9 181 70 50 1156 95 18 141 306 166 40 176 324 299 176 376 38 173 299 176 376 38 190 46 255 169 775 192 196 215 46 255 169 202 40 176 281 716 231 44 67 46 82 7 402 222 563 28 240 164 114 416 33 217 299 176 376 38 236 110 222 12 274 10 290 97 213 694 56 34 86 33 23 7 35 80 24 25 98 560 10 78 140 26 353 505 793 192 196 257 110 222 12 274 10 
83163 2318 
93941 
82326 178 304 221 97 118 465 315 655 1002 36 607 666 396 666 866 133 1715 116 36 774 812 536 533 153 199 125 119 371 534 666 377 543 250 82 301 984 123 611 153 33 47 366 818 1222 543 250 82 
88888 1848 
82447 3145 
82377 
88638 1848 
82257 
82556 11257 
82104 
82329 14981 
82172 227 63 165 183 1421 167 1472 408 243 819 243 839 1848 801 859 327 290 351 167 93 1251 619 243 2218 233 767 77 753 
82340 736 316 739 966 4 120 137 805 726 1062 502 1848 1063 324 87 1376 2488 902 320 1080 62 1112 486 5 249 422 1797 320 
82341 9 690 1538 476 641 16 14 74 2652 681 7 8 13 17 3 15 468 202 434 597 16 14 74 673 113 25 35 1379 192 87 517 109 404 13 46 178 55 1295 1812 63 1046 530 280 7 375 275 7 8 13 17 3 15 468 202 412 
86605 1062 5414 2274 
82551 
82342 19 20 43 24 22 28 48 70 51 42 113 3 
82902 
84566 1160 5201 2581 626 463 
82598 1869 2129 1062 1144 1848 4696 
92254 502 1087 430 5103 334 
82121 
82791 3346 5201 8276 
82344 4412 1062 1191 6497 4582 44 254 
82388 180 340 1357 377 727 4094 492 165 1900 361 1461 67 2367 1323 1891 1350 492 165 312 
99464 
82990 697 1923 2853 1630 218 1441 1594 1580 1288 32 41 34 33 328 1143 216 1129 785 1515 277 32 41 34 33 328 
82346 814 2221 11556 5533 
84138 33 16 12921 
82597 1651 2827 1062 7688 3512 
82348 233 347 966 194 2658 402 660 402 4556 197 779 635 208 911 402 1364 2297 200 241 135 
89142 11377 
82352 1321 1058 53 474 155 2984 147 1701 147 3187 2489 328 351 1457 979 2418 328 351 
84135 293 603 27 92 616 351 8 207 1062 3573 351 8 623 1148 21 313 186 153 334 23 50 16 220 166 144 46 313 2653 1408 
84261 785 540 10486 159 113 5261 159 113 
82150 9760 882 4455 
82358 430 152 61 4 97 358 41 899 153 345 596 300 122 96 49 348 413 180 469 413 180 706 265 30 3 137 38 46 353 140 87 174 575 377 122 96 49 649 89 19 14 20 186 619 122 249 60 176 50 74 534 267 769 413 180 616 21 8 420 1600 3 221 84 144 14 13 11 190 94 160 677 140 17 26 117 84 30 3 137 38 46 353 140 87 174 481 21 8 420 
82360 696 30 719 2493 1062 6785 496 407 1460 5533 
82417 295 2218 82 52 24 1528 408 654 408 747 4 1192 652 4 2251 29 1372 1029 408 329 11 660 442 254 1023 27 11 118 185 1239 1333 230 11 660 
83858 
83075 316 635 1074 257 805 2290 610 235 1003 1063 3035 263 1873 6 233 27 782 420 528 1075 249 422 163 235 1393 6 233 27 
82366 
82859 6648 7866 3511 
82369 6671 9977 1400 
82370 
82372 214 7 56 469 713 281 148 33 565 105 1354 101 40 132 219 570 101 40 132 219 1212 123 154 414 217 2073 407 337 2023 236 101 40 132 219 1077 189 2 447 1546 304 1336 123 154 414 217 801 189 2 
82665 21 203 441 351 5 2243 5201 2575 924 2608 936 581 493 672 
82124 
82226 10857 
82373 45 181 1065 
83217 
82740 
82813 10470 244 
82433 
82376 
93032 
82898 5 
82423 
82692 
100042 
82378 41 356 1744 680 460 3935 1266 8024 2087 
82540 68 26 1371 2998 1062 625 81 1767 81 2204 147 235 505 2043 744 1061 2629 1843 
82382 11345 376 
82383 2564 651 10490 5533 
82384 137 349 63 1370 646 279 1057 502 55 315 190 502 55 315 278 1198 35 615 1136 75 217 239 1060 712 956 295 502 55 315 205 38 287 632 14 401 245 1597 16 282 1448 35 538 38 287 
93012 
82305 10 2034 423 310 209 289 386 37 728 274 206 582 274 206 502 860 53 453 482 544 37 635 1478 16 406 503 465 177 597 274 206 202 757 138 1616 667 20 14 1637 53 453 178 757 
82248 460 28 319 501 1147 676 1658 184 878 184 781 492 224 46 144 148 1585 518 3566 184 274 242 64 251 76 300 1632 104 654 531 342 492 224 46 144 148 283 242 64 251 76 
82252 287 57 37 11211 4201 
82088 
83048 493 5775 711 10666 711 
89099 154 10421 802 154 
82573 530 77 1112 240 115 210 479 376 136 1079 1062 1211 155 14 186 224 46 29 1059 136 498 69 158 446 1010 311 601 23 120 43 1349 1904 438 1796 283 479 155 14 186 224 46 29 
84287 
82356 1051 2751 326 39 1023 39 3774 3875 39 
82209 459 232 1605 633 1184 1062 1634 3808 2246 5323 
92618 
88510 1848 
82390 2754 
83149 9286 
82393 112 1079 5913 3785 253 2544 27 2374 264 979 1151 738 27 
98330 
82394 10238 4311 1802 3731 
82397 
82398 534 539 112 753 1210 409 710 103 342 58 29 530 103 342 58 29 234 390 54 122 394 435 453 390 54 371 496 63 391 23 409 131 444 443 79 176 41 23 205 110 162 361 95 607 103 342 58 29 151 126 128 28 23 206 229 1199 1461 790 148 394 435 366 126 128 28 23 206 229 
82374 114 10006 4205 5533 
85649 5201 
82217 56 286 211 87 1697 195 4055 940 908 3469 296 4183 595 1926 
82683 
82368 
82780 
94473 3659 
82451 
82648 14321 15 258 5260 15 
99106 
94330 3704 
82259 40 1683 1207 3175 31 1682 135 31 1619 184 4560 237 72 2635 1904 685 237 72 
99757 5 
85588 
82400 2867 722 925 1062 3214 1353 977 231 473 1440 2669 1204 
82112 6867 2430 8947 
82219 1500 1059 1584 363 39 660 363 39 800 640 708 500 961 186 525 1178 19 1215 554 363 39 672 367 15 636 65 1384 406 562 1022 708 368 367 15 
82569 
82585 136 326 2021 1034 606 1062 1645 306 337 1245 167 136 24 18 48 40 24 69 44 258 26 2191 93 1017 875 532 1470 2457 306 337 431 532 
82730 
90809 
83024 
84814 20 18 267 389 6 15 973 3 319 740 3 319 1373 5993 3 319 3536 1526 
82403 
97788 
83991 
82408 12030 
83429 
82435 40 558 215 202 279 16 315 434 66 285 365 244 286 35 174 44 615 86 976 86 877 100 81 236 37 339 185 29 58 783 100 81 279 35 174 44 295 81 267 780 560 1053 222 343 563 86 2086 175 60 249 3 180 657 173 1100 264 36 37 339 185 29 58 
82641 745 120 97 48 16 1589 3505 1848 
82438 726 892 1973 103 3280 1818 103 153 2939 31 402 2423 3508 
82653 1133 1570 1851 1062 1682 44 2508 2308 10 1136 545 1643 311 1068 28 44 142 1590 44 663 
84209 4220 6 1842 6 3009 13 4506 
82163 761 12 55 3720 75 55 932 75 55 1566 2011 2310 956 715 75 55 1067 27 290 3871 1345 27 290 
82412 45 213 11 810 372 829 466 230 410 84 70 2657 699 39 1110 542 84 70 934 89 389 862 282 91 71 19 147 858 1627 289 1695 1760 419 39 1331 289 
83808 156 23 443 269 291 12 13 18 17 49 572 110 46 229 241 196 127 529 38 31 141 196 127 529 38 31 174 30 17 374 1427 30 17 374 149 110 46 229 1848 242 305 120 23 138 211 305 104 21 70 403 196 127 529 38 31 537 33 638 1857 116 485 2404 33 
82415 2244 216 8 633 7050 321 3866 5533 
82963 8 1466 349 1539 827 235 827 1060 605 4463 277 456 827 2673 14 2062 605 
82420 7253 11377 
82116 1103 717 689 1017 575 1062 1059 645 1203 657 570 887 718 663 306 527 453 1064 1001 652 396 896 491 893 1204 
82421 10347 6324 
93005 
82425 
82386 2742 3277 1848 
82426 411 216 1634 434 3407 1205 643 1720 425 35 1250 368 4253 2683 
82428 2677 
93184 7 4581 
82429 837 59 172 130 4 61 630 339 97 4 59 177 308 24 18 82 4 33 22 32 234 243 51 585 581 481 581 414 1147 701 417 243 51 1468 174 57 588 585 1262 581 253 296 55 146 9 99 7 136 122 123 45 208 48 1110 920 71 101 133 1368 536 296 55 146 9 99 7 136 
82746 
82431 833 362 36 484 92 146 92 281 63 148 175 18 144 24 18 119 22 32 233 314 608 177 2 92 101 51 46 69 524 177 2 92 101 51 46 69 171 1534 314 660 314 1283 2103 771 177 2 92 101 51 46 69 138 378 309 1501 1252 236 69 113 274 35 1089 277 378 309 
83873 26 6113 23 11354 23 
82434 10268 5314 1399 
82416 78 106 167 255 959 339 85 630 259 80 580 151 404 542 168 352 542 168 222 100 349 101 188 300 810 100 349 355 151 1124 27 98 132 80 79 118 233 110 51 232 20 93 198 188 157 487 526 542 168 227 289 54 411 127 54 782 312 80 283 60 51 108 88 155 289 427 25 453 186 188 300 811 289 54 411 
83004 73 250 18 154 130 56 129 738 219 261 125 732 54 2919 27 895 269 657 27 353 54 3420 24 3454 1859 1260 269 
82338 1552 1036 169 123 58 417 1350 1062 1254 1535 609 73 110 26 21 2658 1402 1066 30 1050 1660 305 202 630 1656 30 
82185 168 696 74 136 1757 226 177 364 250 48 76 4827 250 48 76 508 920 314 554 269 681 56 1404 390 64 156 58 161 2284 2420 390 64 156 58 161 
84559 4073 1848 5862 5533 
83042 
82436 40 229 140 469 137 99 180 385 320 278 521 602 22 2654 145 672 389 642 145 532 22 508 4 418 77 1049 3136 191 746 1968 346 190 624 390 389 689 191 
82442 
91870 
89926 11377 
82345 198 94 112 103 178 77 164 30 51 286 2092 1406 1062 186 305 28 60 1455 305 28 60 306 933 2791 189 10 1032 613 5533 
82480 
99856 
85130 
82445 
97565 2611 
82621 860 198 3221 1062 1118 860 4265 1445 631 2882 1294 860 497 
83432 
83445 5763 6842 3513 1022 998 
83168 3 
82446 
84116 
83052 
98466 
82449 
82468 
82862 4301 1062 7688 
86371 1062 7688 
84833 
83045 396 199 3311 38 1024 38 7650 38 2464 
82450 1293 587 1476 5201 1195 520 79 149 271 524 268 302 601 2440 942 797 215 36 80 495 
98352 
82453 1562 803 1852 1062 7688 
84294 
82495 11964 5542 
82487 4 4006 1062 2227 5461 5916 
84988 
82180 12 95 2926 451 274 459 1062 3406 274 1674 396 5 847 239 5 558 284 2607 1314 773 
83922 
84174 
82389 2420 8526 1018 1842 3524 2009 
82660 
83157 3531 1062 7688 
82732 123 476 20 180 48 1434 52 383 1167 1062 2347 18 2068 1040 668 523 1024 841 267 303 3050 60 7 52 85 45 1326 18 320 267 303 
82532 9233 
82659 9383 6800 902 228 82 271 
82456 338 9621 66 31 77 6041 159 765 
82459 
82523 542 6685 11377 
82574 6676 886 10491 886 
82461 11748 
82471 2581 313 72 1219 181 247 634 181 247 1211 175 236 63 15 54 2318 10 1775 209 1194 181 247 539 521 1050 2148 642 175 236 63 15 54 629 521 
82463 
99013 
82638 1421 294 58 82 16 416 6810 1810 3808 446 144 800 
91425 
89524 11377 
82465 632 2285 925 86 27 949 86 27 1284 1848 1594 592 367 273 1617 86 27 2139 450 371 
83142 
82466 1571 333 2715 32 1030 32 1405 152 287 1618 539 67 159 554 841 226 1808 32 623 418 359 80 751 95 88 141 3 6 7 75 353 4 543 151 328 1069 152 287 623 418 
82473 
89202 11377 
85022 
82405 
82478 3446 3937 11 1253 2107 255 3868 61 113 1740 18 823 2 1126 11 
82623 
82482 7558 4136 4053 1179 842 1167 
82249 10106 848 
84550 
82944 64 104 2280 520 52 5149 52 1922 149 132 370 968 3645 554 
91526 
82484 66 4007 268 358 436 268 358 3951 3111 268 358 1497 2063 26 361 53 
82496 441 9724 5618 163 
82500 624 2374 
82508 72 
82501 
82764 9340 1439 
82503 13 157 
82222 36 356 303 154 194 70 287 8 703 428 935 550 921 141 921 1005 1663 604 2845 650 921 2460 352 1882 
82087 
82203 1918 5397 6893 4484 1049 
84961 1846 14 1048 14 7674 14 
82595 1085 81 251 485 50 1154 207 782 379 683 379 2771 207 2365 38 127 63 13 118 29 352 115 64 274 773 379 1234 145 67 124 51 261 82 229 1041 78 205 
84753 
82507 188 
82518 85 165 1980 1291 5201 975 6033 1257 654 
86186 1062 7688 
82402 298 99 
96390 249 2636 2648 249 
82620 15240 1397 
82391 2754 99 7113 413 74 20 5272 252 237 
82843 43 
82167 1089 178 334 371 700 166 4 32 121 197 903 73 819 170 73 819 157 98 23 227 164 38 223 30 1045 98 23 227 164 38 1199 23 130 1453 204 907 49 74 5 197 73 819 206 333 57 164 402 15 143 67 91 52 47 1635 1176 231 30 1090 333 57 164 
82511 15726 
82513 1046 656 1018 793 19 65 3216 1901 19 65 4750 380 377 1434 41 125 46 1069 502 15 254 399 891 380 377 
83019 
84906 
82517 15730 1870 
82607 77 331 6001 3735 497 870 6275 
82875 255 13710 2360 3173 
98965 
82522 10209 
83134 215 54 8 213 792 6 32 27 196 695 73 97 62 3 520 12 132 97 509 119 56 281 97 509 119 56 687 822 308 718 679 12 639 139 932 43 239 423 74 54 560 207 371 97 509 119 56 513 3 92 414 2 99 589 2094 71 538 78 705 308 540 3 92 414 2 99 
82526 2000 175 350 1265 396 476 190 396 476 252 333 41 1474 333 41 2624 203 102 143 138 1132 396 476 1209 2794 343 
82527 
86223 1062 7688 
82534 
82535 
82538 475 3 404 581 21 118 20 254 1972 4 56 1002 4 56 1636 4433 590 371 598 4 56 1007 27 228 40 727 773 767 30 1726 1215 27 228 40 
82544 134 1181 906 1782 106 203 753 106 203 1374 531 4809 665 106 203 5063 531 
82330 1862 8018 1244 77 4254 
82548 10968 
85172 13 23 7 
82553 259 471 30 1151 1099 120 465 285 214 848 214 986 104 306 62 384 555 27 410 104 237 465 220 500 2126 988 214 751 12 183 85 1115 1957 469 513 62 384 555 27 171 12 183 85 
82557 2151 285 1456 1062 1165 69 72 1287 420 69 72 897 496 3141 1381 483 2062 906 1450 632 
85195 
82558 
82561 2378 1659 1062 4949 1039 1700 2865 
82567 
82320 189 1633 430 509 271 227 318 2591 640 1208 762 709 631 539 3543 381 592 123 1158 87 428 302 591 323 1548 381 
82105 9294 
82753 314 227 148 155 1423 223 301 33 158 119 3078 615 90 75 108 960 156 119 562 183 265 635 3434 287 137 2621 447 14 163 187 153 120 661 90 75 108 470 287 137 
83147 9 
82570 685 64 22 39 67 66 186 6 20 9 12 26 21 32 5102 7 1841 7 
82404 26 47 9758 23 6952 
82576 168 1032 3149 105 957 105 602 312 5 123 299 680 429 1127 149 280 629 1211 603 93 37 135 60 809 105 703 953 109 66 839 57 1876 5 123 299 680 526 
82354 161 115 898 930 888 688 377 157 71 44 54 37 225 474 157 71 44 54 37 225 640 58 458 88 19 18 2 405 230 570 58 628 329 577 1131 98 22 58 175 73 166 5 156 66 59 12 398 131 470 157 71 44 54 37 225 1342 92 26 5 278 132 23 159 44 40 84 337 967 755 561 88 19 18 2 405 230 
97656 
82578 121 1651 151 13003 
83007 
82455 554 1342 91 1562 141 99 1062 1105 1848 946 141 2028 4 12 191 227 427 105 14 640 2862 32 
82452 3727 5201 1514 195 166 6524 
83201 716 2280 1062 4132 3556 2065 
83150 9188 13 328 1 1677 4365 
82594 9229 25 
82619 
82622 67 481 12 2137 1493 31 195 836 31 195 925 47 206 280 112 91 15 52 288 3026 115 229 2076 31 195 701 2030 1883 47 206 280 112 91 15 52 288 529 
82624 9326 4419 2838 2695 
82401 
82629 1577 
82339 1842 354 561 124 470 1500 27 1035 27 342 1848 422 796 1514 52 938 174 1575 27 893 13 1067 1404 256 2793 13 
82335 196 513 530 196 214 1169 10 198 893 4 80 21 16 105 204 88 22 7 45 27 89 38 316 4 80 21 16 105 204 88 22 7 45 27 89 38 304 647 97 26 150 95 53 251 22 199 71 80 83 74 1300 75 10 71 301 128 9 13 343 10 153 112 32 95 1823 315 4 80 21 16 105 204 88 22 7 45 27 89 38 524 139 71 137 333 251 75 210 1192 10 171 14 779 734 97 26 150 95 53 251 22 199 71 80 83 290 139 71 137 333 
86333 1062 1026 1848 4814 2741 1487 
82528 298 
82918 805 8511 100 
82631 1647 503 21 595 696 5201 
84375 1769 5201 
82201 2573 711 4116 25 1926 275 1061 1392 2183 257 2383 388 145 1342 25 993 257 
82727 
82647 168 615 6574 5 2823 436 3985 1972 2156 5 
82328 11155 4301 
94662 
82656 943 1156 857 223 3476 796 929 410 4653 224 33 831 1968 340 429 764 796 148 224 33 
84558 
82611 152 6857 32 2279 9066 32 
84469 1685 5201 
82661 1162 3153 1062 370 6 1842 6 1827 3637 985 1441 1582 42 2 2466 
83546 1822 1099 1062 7688 
82662 2493 887 5201 
98973 
82317 4573 12 1050 12 1219 4609 956 892 12 1432 1031 46 18 38 15 142 222 60 146 84 1674 
82733 651 438 43 4657 559 510 30 118 154 95 139 243 1458 299 2711 1546 834 2610 630 510 30 118 154 95 139 413 
82666 319 116 10009 666 954 2455 557 1411 495 43 
82714 415 9190 1598 
94921 
82669 
82671 
82755 
82672 1730 2739 1062 5062 2626 3238 1007 
82675 16222 
82680 
82743 207 1078 3197 1062 7688 1323 831 292 187 877 
82682 
88312 
82687 
82688 9 
82690 
85181 
82693 9825 7511 
83337 75 28 6095 1965 485 5530 911 2486 
82694 
82454 332 
83125 9466 
82170 4710 1062 7688 
82696 
93529 
82738 660 
82702 
82703 36 
84063 1335 13 3491 1848 5477 226 2612 113 11 24 2547 226 
82387 19 
82706 1250 1134 3667 1848 1058 2370 2742 519 533 4481 
82715 16 904 415 399 334 447 182 199 201 475 584 478 584 463 72 75 159 29 777 237 499 72 75 159 29 434 2061 37 653 13 241 598 115 306 584 446 104 96 55 73 5 95 251 75 143 767 12 1371 214 1557 237 478 104 96 55 73 5 95 251 75 143 
82795 95 2719 6594 34 19 457 3607 844 193 799 547 3150 
82718 746 
82231 4259 1062 6618 1070 
82719 4304 42 1020 42 584 119 1729 119 5095 42 
83361 5801 5387 5990 
82720 
82722 382 6296 2441 8426 510 
84804 170 118 303 9 13 22 23 9 21 46 55 10456 55 9 64 17 72 12 33 53 14 166 29 25 50 52 17 12 8 31 18 5 16 9 16 47 18 10 17 12 13 2114 16 48 30 2425 55 9 64 17 72 12 33 53 14 166 29 25 50 52 17 12 8 31 18 5 16 9 16 47 18 10 17 12 13 
83925 1705 5201 2840 
82723 
85416 3130 1848 6383 5533 
82725 2575 
82726 1115 1176 962 5201 1322 424 4225 993 1340 28 492 
82881 489 56 90 31 71 122 373 480 114 288 109 38 3267 330 192 195 338 8 7 778 330 192 843 267 106 4 49 15 86 24 6 72 14 2492 1432 74 187 62 16 126 23 255 2583 32 99 76 569 212 338 8 7 866 74 187 62 16 126 23 255 
82728 22 238 140 13483 5533 
86646 1062 2003 5685 5692 
82734 2242 4629 2421 825 4338 1248 2545 
98956 
82804 631 663 766 175 59 1474 1062 7023 665 1038 170 7 379 2203 1155 1619 170 7 379 
82735 1112 515 556 126 255 23 15 230 3691 672 1593 28 248 445 2535 1521 590 606 1408 1731 672 526 590 
99739 
82737 1134 6110 29 2142 9206 29 
82742 5781 635 1213 1183 8981 
82745 
82747 6670 307 337 18 1394 135 24 18 50 46 271 719 12 3543 329 264 1777 513 1620 307 337 18 368 329 264 
82751 313 
82754 
82757 1698 2554 1062 614 452 1396 4013 1213 4755 
82759 2268 8431 1318 3054 
82760 1982 
86550 1062 5551 2137 2663 
82765 19 76 110 306 619 375 637 1166 918 1062 456 1848 917 1130 44 20 118 160 144 40 2811 874 2874 173 19 2467 
85648 5201 
84358 
82769 10507 
82776 
82777 9829 181 5467 
88428 582 112 1154 3015 11 4508 315 607 1655 112 
82779 10544 4601 
82109 
82781 1304 149 24 876 698 1134 1062 780 1848 377 1209 1391 2083 416 1509 4 344 1709 73 518 1376 
99240 
82782 993 311 149 24 642 234 698 256 17 861 106 956 106 674 773 1075 377 256 17 858 78 412 39 91 159 97 421 172 65 164 1854 106 310 1509 4 344 113 242 322 170 862 73 217 301 4 665 707 
82783 1514 2522 1062 7688 4139 202 
82790 
82796 2901 5201 2705 563 3790 601 
82212 3672 156 5045 156 1101 239 760 201 3820 226 48 166 731 482 
82802 
82803 
82811 9906 913 3503 320 959 113 391 392 
99474 
82938 
82814 
82490 9735 7 5134 25 
82817 1827 31 11 42 95 2 44 26 40 5 29 3 108 127 83 23 19 18 36 83 6 103 787 302 20 17 94 77 552 302 20 17 94 77 668 15 1833 15 2847 492 1308 302 20 17 94 77 763 1529 1141 18 52 390 89 51 53 125 30 63 190 15 82 1705 
87025 1062 7688 
82818 
82820 221 1026 5066 7 21 35 468 202 249 1559 113 25 35 531 206 2232 3933 1446 315 7 21 35 468 202 249 
83169 1498 192 98 1846 84 10 968 84 10 1828 202 14 1878 318 31 8 8 549 11 6 454 797 226 20 1244 84 10 1474 2 3 125 911 361 14 21 3 3 4 42 813 880 861 202 14 
98707 30 
89223 45 461 1777 109 2848 6137 45 461 
82371 4085 148 914 148 4665 2498 377 148 
82823 
83901 8368 
82828 2441 822 18 5183 18 8091 
82834 16210 142 
92094 
82835 
82836 787 1631 71 193 4619 1867 184 62 4127 166 27 4944 396 166 27 
86087 5201 1037 201 382 5670 
83136 6120 11377 
82838 1311 1352 60 13 22 78 80 1198 42 220 800 42 220 629 320 229 1299 122 80 553 559 482 840 134 358 1821 42 220 163 19 12 58 178 1355 137 309 92 215 1623 477 229 829 19 12 58 178 
83930 
82841 
82847 
82867 112 7075 7083 4294 
82848 
94427 
88698 136 1712 136 2439 
83393 351 1429 403 679 105 363 227 10 25 116 216 105 363 227 10 25 116 6842 105 363 227 10 25 116 1351 804 
82919 1271 157 10122 
82853 5909 1848 1919 2318 2565 802 429 246 
82854 4341 1062 540 1848 5300 
94367 
91495 
83659 17 537 31 
82865 6 7021 2767 45 5791 173 206 16 786 1593 
82868 
82869 
82873 15495 84 469 
82761 787 
82876 
82878 14344 
82880 
82883 
82884 899 521 5453 2254 1924 2207 462 1522 1456 250 51 1251 541 462 
82885 
82894 
97428 
93899 
93247 949 
82899 5 
82910 268 5869 594 5077 2360 3346 594 
82935 46 8 1239 229 2253 130 78 13 75 34 18 23 691 130 78 13 75 34 18 23 539 18 1350 6 11 3 22 438 18 931 166 1983 161 87 210 659 17 698 130 78 13 75 34 18 23 663 149 14 27 233 57 403 154 30 33 37 164 1322 2310 6 11 3 22 558 149 14 27 233 57 
82939 9723 
83092 
82610 14709 
82941 490 1075 1368 880 1062 3259 4429 
82955 
82964 
85373 
83061 3602 1062 799 785 1063 5041 1807 2610 856 
82967 6 15492 128 1456 
82968 709 2695 45 522 29 466 45 522 29 1210 206 5676 45 522 29 4899 206 
89131 7 21 4573 967 121 4316 1372 7 21 
82972 
83187 715 2269 1074 1062 1844 1221 902 671 1988 1062 1001 3339 1193 1001 
82977 
82980 13745 5533 
82983 
83939 
82099 
82995 2175 1097 1062 1043 1848 4797 2692 2245 
82996 
97865 
96575 235 5298 235 
82997 77 
84148 512 267 37 1614 232 830 232 1626 343 3658 1829 232 5315 343 
83006 692 2433 3764 1437 2105 3847 1238 1097 173 1480 
83017 89 
96988 5533 
93688 
83018 
83023 
88574 1103 745 10632 
83025 6262 9375 2002 
83027 1372 14399 
83031 5600 1318 530 1192 1785 2700 138 1408 1324 2300 363 138 
85615 5195 
83037 
83039 
83066 1880 8496 5838 67 910 
83070 10289 1061 
90098 11377 
83081 960 170 74 1242 1209 246 46 770 246 46 493 480 235 280 853 1532 9 484 9 163 112 34 44 49 24 943 1025 627 246 46 1023 35 363 211 709 109 465 171 14 333 1229 235 280 1379 35 
91422 
83083 690 9981 1149 
83087 
83091 6831 3219 132 332 568 362 2826 420 66 111 1230 2111 
83096 2806 5201 1534 139 20 668 596 148 461 2273 2 1580 41 175 1418 2317 2 
82108 9298 2267 306 527 
83113 2013 267 
83144 340 59 337 2008 100 3329 1772 100 1960 75 248 120 154 477 2164 1573 1392 1342 1226 
83114 3122 1062 7688 1384 5533 
83121 2641 183 5018 183 1268 45 129 
83122 
83135 3166 1062 1449 14 52 377 1405 14 52 4325 1470 3477 263 371 1422 
91965 7259 
83139 1171 15268 704 
88514 1848 
86942 1062 744 1848 5096 1662 
84740 131 11694 5533 
83145 1395 4339 494 10 87 97 1160 854 10 1553 1496 1589 1010 2028 1483 10 87 97 818 
83148 1376 10317 
93202 
83155 
82213 6981 495 7370 3512 495 
83159 3643 1062 1457 3834 961 82 100 1254 2452 1239 71 97 1287 
85394 149 2818 904 272 168 229 275 1350 131 4 83 162 2817 5 1791 3068 23 78 297 84 20 34 486 272 168 229 774 
83167 
92041 
83166 
84917 
83184 
99256 
83185 
83186 
===Document Endings===
[www.washingtonpost.com/politics/trump-confidants-could-face-tangle-of-potential-conflicts-as-presidential-advisers/2017/01/08/2daaf264-d428-11e6-945a-76f69a399dd5_story.html?utm_term=.287f56cda9e9, 83189, 1104]
[www.washingtonpost.com/world/national-security/clinton-campaign-dnc-paid-for-research-that-led-to-russia-dossier/2017/10/24/226fabf0-b8e4-11e7-a908-a3470754bbb9_story.html?utm_term=.31470e4871cf, 83904, 715]
[www.washingtonpost.com/world/national-security/special-counsel-mueller-files-new-charges-in-manafort-gates-case/2018/02/22/7db99c9c-1716-11e8-8b08-027a6ccb38eb_story.html?utm_term=.b154b38c8538, 84595, 691]
[www.washingtonpost.com/politics/manafort-offered-to-give-russian-billionaire-private-briefings-on-2016-campaign/2017/09/20/399bba1a-9d48-11e7-8ea1-ed975285475e_story.html?utm_term=.7f06ff540e34, 85614, 1019]
[www.washingtonpost.com/local/public-safety/judge-lashes-out-at-unacceptable-delays-in-setting-trial-of-manafort-and-gates-in-mueller-probe/2018/02/14/81cbc7c0-1102-11e8-8ea1-c1d91fcec3fe_story.html?utm_term=.2aed690682c4, 86185, 571]
[www.washingtonpost.com/world/national-security/manafort-and-former-business-partner-asked-to-surrender-in-connection-with-special-counsel-probe/2017/10/30/6fe051f0-bd67-11e7-959c-fe2b598d8c00_story.html?utm_term=.1f50da294e25, 87247, 1062]
[www.washingtonpost.com/world/national-security/manafort-and-former-business-partner-asked-to-surrender-in-connection-with-special-counsel-probe/2017/10/30/6fe051f0-bd67-11e7-959c-fe2b598d8c00_story.html?utm_term=.cdb58f2be7b3, 88309, 1062]
[www.washingtonpost.com/local/public-safety/mueller-probe-london-based-son-of-russian-businessman-to-plead-guilty-to-false-statements/2018/02/20/142f4d2e-164b-11e8-b681-2d4d462a1921_story.html?utm_term=.49f0353ae4c1, 88959, 650]
[www.washingtonpost.com/powerpost/top-gop-lawmaker-calls-on-sessions-to-recuse-himself-from-russia-investigation/2017/03/02/148c07ac-ff46-11e6-8ebe-6e0dbe4f2bca_story.html?utm_term=.9e492c9db7e9, 90153, 1194]
[www.washingtonpost.com/local/public-safety/mueller-probe-london-based-son-of-russian-businessman-to-plead-guilty-to-false-statements/2018/02/20/142f4d2e-164b-11e8-b681-2d4d462a1921_story.html?utm_term=.9fded62b31e0, 90807, 654]
[www.washingtonpost.com/local/public-safety/judge-lashes-out-at-unacceptable-delays-in-setting-trial-of-manafort-and-gates-in-mueller-probe/2018/02/14/81cbc7c0-1102-11e8-8ea1-c1d91fcec3fe_story.html?utm_term=.ec223d888d5e, 91386, 579]
[www.washingtonpost.com/world/national-security/sessions-spoke-twice-with-russian-ambassador-during-trumps-presidential-campaign-justice-officials-say/2017/03/01/77205eda-feac-11e6-99b4-9e613afeb09f_story.html?utm_term=.82f3f982624e, 92276, 890]
[www.washingtonpost.com/local/trafficandcommuting/dockless-bike-share-companies-race-to-washington/2017/09/19/a7e2c346-9a33-11e7-b569-3360011663b4_story.html?tid=a_inl&amp;utm_term=.3bbc73f27612, 92991, 715]
[www.washingtonpost.com/local/public-safety/former-trump-campaign-chair-aide-due-back-in-court-thursday-on-russia-probe-charges/2017/11/02/dc7d4d48-bf6c-11e7-8444-a0d4f04b89eb_story.html?utm_term=.410e24b521cb, 93657, 666]
[www.washingtonpost.com/local/public-safety/prosecutors-seek-may-14-trial-date-for-manafort-and-gates/2018/01/12/edc4655e-f7d0-11e7-b34a-b85626af34ef_story.html?utm_term=.0e988c5c0735&amp;tid=a_mcntx, 93947, 290]
[www.washingtonpost.com/local/public-safety/ex-trump-campaign-chair-manafort-likely-to-face-trial-no-sooner-than-september-judge-suggests/2018/01/16/27855e8c-fad4-11e7-ad8c-ecbb62019393_story.html, 94475, 528]
[www.washingtonpost.com/local/public-safety/ex-trump-campaign-chairman-manafort-challenges-his-indictment-in-russia-probe-by-filing-lawsuit-against-mueller/2018/01/03/708016f8-f0c1-11e7-97bf-bba379b809ab_story.html?utm_term=.7ae09166fc3c, 94935, 460]
[www.washingtonpost.com/world/national-security/manafort-and-former-business-partner-asked-to-surrender-in-connection-with-special-counsel-probe/2017/10/30/6fe051f0-bd67-11e7-959c-fe2b598d8c00_story.html?utm_term=.6b8f4a489434, 95997, 1062]
[www.washingtonpost.com/politics/at-height-of-russia-tensions-trump-campaign-chairman-manafort-met-with-business-associate-from-ukraine/2017/06/18/6ab8485c-4c5d-11e7-a186-60c031eab644_story.html?utm_term=.0dcd638636d3, 96998, 1001]
[www.washingtonpost.com/world/national-security/muellers-moves-send-message-to-other-potential-targets-beware-im-coming/2017/10/30/f4fa5d7a-bd8c-11e7-8444-a0d4f04b89eb_story.html?tid=a_inl&amp;utm_term=.6293a004b525, 97651, 653]
[www.washingtonpost.com/local/public-safety/special-counsel-manaforts-stated-wealth-fluctuated-wildly-he-keeps-3-passports/2017/10/31/760021c6-be8b-11e7-8444-a0d4f04b89eb_story.html?utm_term=.98689909bb2b, 98054, 403]
[www.washingtonpost.com/local/trafficandcommuting/prince-georges-county-is-considering-connecting-with-capital-bikeshare/2015/11/28/f177f546-9213-11e5-8aa0-5d0946560a97_story.html?tid=a_inl&amp;utm_term=.8982cb063053, 98933, 879]
[www.washingtonpost.com/local/public-safety/judge-declines-to-punish-manafort-over-ukrainian-op-ed-but-warns-similar-acts-could-violate-gag-order/2017/12/11/977f546c-de97-11e7-89e8-edec16379010_story.html?utm_term=.86b122c5cb31, 99433, 500]
[www.washingtonpost.com/politics/russian-social-media-executive-sought-to-help-trump-campaign-in-2016-emails-show/2017/12/07/31ec8d90-db9a-11e7-b859-fb0995360725_story.html?utm_term=.a5c56d9eb8d1, 100337, 904]
[www.washingtonpost.com/powerpost/top-gop-lawmaker-calls-on-sessions-to-recuse-himself-from-russia-investigation/2017/03/02/148c07ac-ff46-11e6-8ebe-6e0dbe4f2bca_story.html?utm_term=.0581e58b6369, 101530, 1193]
[www.washingtonpost.com/politics/at-height-of-russia-tensions-trump-campaign-chairman-manafort-met-with-business-associate-from-ukraine/2017/06/18/6ab8485c-4c5d-11e7-a186-60c031eab644_story.html?utm_term=.fbd098e5a275, 102531, 1001]
