===STATS===
unique words: 1448
number words: 4486
number docs: 5
===========
126564 
127140 
126532 
126534 
127022 
127052 
126981 
126765 
126676 277 
126709 
127074 
126585 
126687 
126546 
126548 
126526 
126813 
126678 
126557 
126802 
126572 70 
126524 
127093 
126556 
127007 
126817 
126917 
126587 
126589 
126691 
126629 
126616 
127133 
126667 
126547 
126679 
126688 
126664 
126699 2 
126704 
126882 
126718 
126719 
126720 
126767 
126753 3 
126694 
126914 18 
126795 
126797 
127050 
126801 
126985 
126811 
126814 
126708 
127095 
127113 
126541 
127115 
127071 
126928 
126940 
126944 
126945 
126662 
126521 
127001 
126685 
126517 
126936 
126980 
126993 
126994 
127031 
126826 
127044 
127086 
127060 
127061 
126819 
127063 
127069 72 18 
126540 
127179 
127100 
127109 
127112 
127158 
126579 
126951 
126947 
127200 
125873 
126282 20 20 
125874 
126256 
125916 
125887 
126440 
125888 
126565 
126128 
126523 
126270 
125894 
125915 
125900 
126209 23 
125912 
125891 
125999 
125940 765 
126489 
125875 
126064 
126181 
125908 
126043 641 
126304 
126443 
126490 
125946 
126212 
126026 
126048 
125948 
126144 
125893 
125950 
125961 308 
126219 677 
125967 
126482 
126203 689 
126374 
125981 
125976 
125919 643 
126350 
126027 378 9 
125993 
125963 198 113 716 15 
126067 
126077 
126025 406 
126035 
126036 
126472 
125930 202 159 
125886 657 
126002 573 166 271 
125876 
126241 
126317 
126142 
126041 
126169 573 
126208 
125980 
126121 
126127 
126318 714 
126130 
126140 
126065 
126343 
126164 
126475 
126185 
126204 
126205 
126510 
126206 
126238 789 
126385 
126249 499 
126252 
126045 
126271 
126280 20 
126285 
126287 873 
125910 657 
126306 
126312 
126315 
126321 
126330 
126413 
126335 
126456 
126337 
126339 686 
126351 
126513 
126352 
125918 
125917 
126354 
126375 
126288 5 32 
126303 173 
125951 136 31 568 85 
126463 
126153 
126423 10 
126444 
126353 
126429 
126432 
126512 
126445 
126454 
125879 
125979 
126452 
126455 
126290 
126011 
126457 
126464 2 13 22 145 
125911 
126504 
126508 
125028 
124965 
124942 
125465 
125762 327 815 
125247 
124928 
124977 227 
124950 
125668 
125262 
125003 496 61 
125582 
125383 
125619 
125825 
125213 
124959 
124935 
124961 
124954 
125680 
124934 
124945 
125814 
124964 945 
124937 
124940 3 
125021 
125231 
125124 
125126 
124970 111 52 7 92 74 38 24 56 887 780 
125195 1880 
125191 
125395 
125613 662 917 14 
125072 45 1949 
125248 30 
125132 
124982 1261 
126211 
125139 637 
124984 1951 
126196 
125786 212 
124986 
125761 
125342 122 5 1733 
125805 
125172 1114 
124939 946 
125382 
125806 
125101 445 146 
125349 
124938 
125303 
125002 557 
126536 
125014 526 
125017 
124947 
125587 180 
124966 
125071 
124995 1843 
125173 45 375 717 
125194 
124955 
125396 34 
125096 
125016 698 916 72 
125775 
125808 
125080 
125646 
125098 
124927 
125320 1131 
125027 927 
126265 
125718 20 19 
125154 477 
125148 
125053 
125669 
125660 
125058 85 481 4 349 349 
125779 403 
125048 
125773 
125821 
125069 
125131 673 
124925 953 
125828 
124963 
125083 75 147 3 278 67 97 10 187 
127010 
125221 524 
125215 
125085 493 200 892 248 
125573 
125788 
125089 
124949 
125142 
125227 
125803 
125557 
125210 84 
125259 
125553 
125102 
125029 
125012 34 31 222 61 40 107 201 
124924 953 
125114 
125323 
125159 
125833 
125635 
125818 30 
125177 4 
125385 
125179 
125600 
125185 335 
124946 
125356 10 
125108 1071 
125747 
125189 3 1257 
125196 
125253 
125290 237 
125422 
125264 
125319 351 
125073 
125798 
125327 1363 
125226 
125237 14 
125796 
125243 
125245 
125103 633 
125616 
125618 
125254 
125260 
125242 1860 
125263 681 
125694 
126960 
125266 
125295 1718 
125296 
125304 
125313 
125478 
125321 
125325 
125386 
125695 
125489 
125328 
125381 
125338 
125322 
125351 
126696 
125955 
125355 
125441 401 667 598 
125903 648 
125462 
125898 
125363 
125861 
125225 1482 
125457 
124941 
125843 
125375 
125785 
125377 
125548 
124960 
125380 
125018 48 1655 
125388 
125727 
125402 
125588 8 2 
124962 
125678 
125420 
125431 1485 
124971 
125719 
124987 247 
125452 1159 
125459 
125460 
125461 
125467 
125488 
125374 
124926 
125512 
125859 
125523 
125538 
125729 
125556 
125097 
125824 
125591 
125601 122 9 
125621 1052 
125636 
125817 
125644 
125851 
125691 
125697 54 
125712 
125717 
125770 487 
125772 
125781 
125787 
125789 
125794 
125795 
125797 
125852 
125862 
125863 
125865 
125868 
124355 
123888 2026 
124312 135 
123851 
124967 
123875 
124771 
124056 17 496 27 52 1440 
124383 
123860 
124868 
123963 
124622 296 1890 54 
124248 
124315 
124841 2 
123921 134 210 133 893 412 288 600 11 
124388 
124351 34 
124472 
123862 
126627 
123874 
123870 
125672 261 916 38 
123972 1666 443 
124123 15 94 66 857 74 27 16 9 12 86 
123920 59 75 210 133 96 983 147 79 288 600 11 
123956 1023 
124183 
124906 
124347 80 18 8 920 148 828 
123883 
124091 
123913 
124226 
123857 2685 
124065 126 582 538 37 161 476 248 849 48 
124155 
123869 
124168 
124529 
124290 921 
123887 2026 
124396 778 996 
124463 
123949 89 2724 296 
125663 1476 11 
124845 
124421 
124145 30 496 106 125 782 248 363 202 73 43 22 116 23 12 
124449 589 
124599 
123891 
123980 
124888 
123896 1541 743 869 
123995 
123866 2023 
124129 
124434 597 204 316 71 54 139 543 
124045 2323 230 
124571 
124057 2093 906 
124258 
124292 925 1567 
124546 
124278 797 194 
124043 482 2 
124063 1910 
123969 
124095 
124194 
123849 
123961 553 482 1735 
124907 
124590 
126793 
123917 41 328 300 
123865 
123930 90 649 2257 
124244 
123878 2688 
124551 706 78 133 82 
124745 12 
124170 
123872 
124958 
123957 
124816 1755 66 17 104 21 9 15 75 30 157 79 
123904 
124454 
123929 
123959 
123871 
124008 
123879 
123846 
123894 22 12 17 8 54 16 28 45 14 34 52 18 36 20 29 23 28 20 9 99 104 21 24 23 48 18 19 18 11 17 41 10 16 4 21 18 8 15 1080 6 277 2 20 17 16 8 15 42 187 216 124 94 
124387 
123970 336 34 71 2169 
124367 845 
123845 2680 
124875 
123951 276 806 403 
123908 
124021 
124040 
124060 1030 246 940 
124288 921 
125902 648 
123952 1465 419 348 
124732 
124239 908 
124314 
123947 
123964 
124431 2571 
123885 
123966 76 
124863 
123967 
124452 
123971 
124850 
124002 
123907 
123859 
124661 
124910 
124108 8 2290 12 
124336 
123984 
123988 342 466 1216 349 48 608 
123992 19 94 26 67 18 87 69 31 77 104 28 89 21 102 43 1147 393 
123993 
124109 
123994 263 2234 
123864 
124006 2447 
124462 
124576 
124066 
124115 63 221 71 192 508 14 9 280 210 
124296 73 682 8 325 183 120 
124395 
123858 
123884 
123981 
124287 
124025 
124022 
124798 
124262 
124014 
124923 
124776 
124031 1679 383 
124272 
124032 
124047 
123902 490 
124418 
124481 
123861 
124475 1962 
124092 368 
124276 
125030 385 41 936 556 
124476 440 925 
124667 
124366 
124762 
125552 
124134 267 
124053 182 1171 
124217 1428 
124070 8 2894 
123886 
124800 
123960 
124079 
124575 
123910 2559 410 
124097 
124294 
124402 2086 
124184 
124770 
124581 
124273 177 572 17 76 49 371 41 130 57 38 29 
124591 39 125 134 4 
124165 1647 
124102 
124212 
123882 
124496 
124898 644 
124117 1071 283 
124428 624 98 
124511 
124451 
124297 
123997 37 51 123 14 41 11 174 52 41 22 5 67 341 44 109 168 96 131 55 51 34 89 56 
124326 
124368 
124142 2029 306 
124143 
124719 2208 
125261 
124149 2470 396 
124161 1201 326 
124233 
124120 7 14 1144 46 535 
124159 1031 175 
124166 
124048 192 
124334 
124805 333 1854 
124174 
123850 
124182 1134 
124187 
124192 1229 89 
123848 
124780 1221 592 
124201 
125964 
124339 
126535 
124140 
124804 
124883 341 130 863 5 672 
124247 
124429 
124256 
126533 
124260 
124423 
124743 1327 
125001 
124280 
124295 
123867 2023 
124301 
124309 411 114 652 1157 97 14 
124310 
124311 
124316 
124377 
124163 1081 
124319 
127156 
124279 922 
124320 21 49 403 
124371 
126084 
124098 
123985 2496 
124335 1233 113 347 
124674 1003 1505 
124346 1026 976 
124353 
124354 
126516 
124356 
124862 
124358 
124124 64 328 489 
124230 
124362 2510 
124374 64 169 210 18 31 20 188 92 573 19 49 550 69 
124471 
124382 315 37 1224 205 
124738 
124384 154 973 
124386 
124443 644 
124406 455 2127 
124205 
124412 95 1874 
124419 846 
124422 1141 907 326 324 
124690 1316 
124424 
124439 
127042 
124173 
124444 
125927 
124458 382 209 64 1796 220 
124459 
125037 
124103 
124328 
124313 
124488 503 
124491 130 21 
124497 123 21 
124502 1171 505 103 20 
124231 1109 
124513 481 
124677 
125292 
124540 
124553 553 394 
124556 
124557 
124559 
124565 234 2350 
124566 552 
124570 
124593 
124410 
124602 
124606 727 877 293 397 
124613 1765 
124614 
124615 124 1640 
124744 262 840 
125240 
124637 
124640 
124653 
124656 
124668 
124670 571 
124678 45 695 7 231 1287 48 126 
126370 
124679 911 1082 
124629 
124682 85 7 1915 9 332 15 90 
124706 
126471 
124686 
124687 99 108 1478 
124689 
124694 
126422 
124703 
126305 
124705 563 784 
124714 1362 1040 
124731 1932 399 
124750 159 
124754 
124758 
124784 
124790 
124801 
124815 
124819 338 592 300 825 
124820 
124826 
124833 
125186 
124839 
124851 
124853 2048 
124855 
125589 
124858 
124869 
123881 
124881 1137 386 13 
124882 
124887 
126648 
124900 1053 22 
124440 
124901 139 1559 
124917 
122723 3795 
122727 3793 
122809 110 429 326 227 192 1276 462 104 
123350 3 16 15 
122729 1124 1077 951 647 
123687 93 303 64 383 181 37 63 60 827 291 6 66 327 72 220 142 348 
122881 1256 140 31 843 14 74 454 295 34 102 796 104 
123103 3131 
122738 
124518 
122731 1124 1077 951 647 
123311 2907 677 243 
122760 3799 
122793 64 18 21 41 93 108 20 230 77 35 38 23 7 13 26 82 44 34 12 8 139 12 99 51 235 57 35 118 180 13 56 275 77 10 17 67 49 80 10 44 28 11 56 66 30 31 22 50 25 22 22 16 10 49 122 69 52 45 23 35 12 18 243 166 17 26 130 44 38 66 11 21 101 93 
124655 894 
122806 29 178 789 815 1437 
122785 71 234 419 
123047 
122744 1124 2028 648 
122797 1863 67 100 589 847 
122721 3801 
122748 
122739 
122866 418 255 219 317 192 2523 74 
122892 1489 479 
123659 
122728 1124 1077 951 647 
122829 149 118 154 15 245 52 361 20 318 84 343 99 108 80 185 211 172 86 211 91 92 110 93 83 38 26 10 47 147 27 143 17 30 12 30 74 21 18 26 179 26 24 
123298 76 
122777 1349 125 1859 623 
122928 
122920 
122735 
122908 
122736 
122746 
123088 
122804 470 539 462 32 69 637 63 327 171 133 
122740 3155 643 
122753 1124 1075 953 648 
122754 2202 950 648 
123863 
123258 733 2022 
122934 
123248 
122772 3334 19 125 
122757 
122759 
123426 221 785 1852 562 157 
122951 
122761 3799 
125799 
122764 1126 1079 952 648 
122915 144 3328 
122756 
122741 3151 
123840 2671 
122784 713 51 15 995 
122743 
122783 170 675 2152 704 
123489 
122903 668 63 266 230 300 843 596 
123667 248 264 701 601 1523 
123748 1374 1749 
125639 
122842 690 214 789 129 
122762 3799 
122767 687 1459 1028 27 746 255 
123575 
122825 1123 
122999 2735 
123075 
122769 425 219 118 437 160 177 456 1310 
122742 
123276 1206 
123986 146 96 74 763 1971 
124135 
122933 78 178 41 244 61 68 336 
122853 3759 
122959 477 857 101 825 235 217 66 222 1030 186 
122775 40 44 30 6 16 2 79 239 21 134 36 62 6 11 46 68 41 16 11 241 93 54 28 91 158 108 61 60 17 30 23 46 67 47 101 99 18 22 343 22 46 199 190 135 42 84 145 114 26 68 117 18 37 27 75 63 30 32 
122826 1629 
124944 
123082 
122722 
122779 366 478 40 341 238 910 443 1135 222 
122900 341 
127046 90 
123293 996 
123395 1461 
125899 
122820 813 
124597 
123450 
122823 689 2005 722 613 
122831 240 
123106 3333 11 
123249 
122747 
122984 
123770 1253 229 1847 
123010 296 10 1779 189 198 185 
122737 
122789 187 76 2688 340 
122798 
122986 
123163 2536 720 
122768 19 18 13 9 37 16 17 21 12 8 28 17 12 28 11 122 17 70 30 56 61 17 16 70 10 42 37 47 31 44 96 18 19 650 158 20 39 1496 191 182 13 11 17 22 5 98 18 20 12 88 30 8 18 6 28 28 52 20 55 21 10 10 31 
123016 3041 
122824 1228 168 17 355 39 45 80 33 777 1044 7 75 3 142 21 
122935 1186 
122802 3229 
122795 355 865 619 113 903 
122960 477 3170 569 
122733 3804 
123676 
126539 
122816 
122941 325 325 190 215 37 51 122 325 372 352 349 318 
122861 1188 605 2316 
123708 20 23 10 14 1223 1814 8 15 
122803 584 12 20 21 24 2568 
123666 695 718 9 
123118 
122807 3057 1215 
123069 3676 
122778 12 303 11 91 487 37 35 229 20 58 21 247 183 37 18 418 8 39 87 68 51 151 34 32 139 165 9 15 33 11 27 505 1 412 61 14 167 112 57 
122808 11 4261 7 31 27 
124331 1976 
122812 117 116 57 238 58 19 70 103 104 30 17 31 21 21 92 230 257 11 79 40 128 44 38 257 1072 60 25 69 31 361 61 54 93 14 10 13 16 15 9 146 38 28 82 
123222 
122814 828 332 
122766 838 2817 14 
122734 
123576 
122817 511 347 
123632 
123164 47 9 200 158 
123614 567 68 892 670 231 63 978 48 
122828 
122932 
123375 2407 
122811 29 220 19 76 17 123 46 63 92 616 372 5 3 160 1411 134 412 178 291 110 
122832 173 105 170 122 
123625 85 43 152 20 402 246 6 404 634 629 480 105 335 
122810 436 1877 1370 583 
122841 479 40 3321 
122955 782 415 457 227 29 20 1471 272 
122845 219 871 1475 623 1138 
122923 
122846 1090 1468 819 
122849 685 118 192 295 80 190 7 94 227 833 301 509 135 267 28 
122844 1090 1475 1430 
122838 1181 9 227 537 
123835 585 464 1608 699 
122750 
122771 28 44 113 107 38 7 8 67 13 117 53 67 39 50 28 15 2 52 20 39 31 33 10 47 8 19 698 15 124 1265 14 7 25 65 33 45 37 33 26 2 16 17 12 74 248 89 56 23 98 6 9 56 2 33 24 43 64 42 41 
123662 888 
123287 2083 241 1014 
122851 21 251 12 5 337 116 24 76 21 198 21 277 155 101 39 15 106 83 33 27 241 111 287 376 42 19 79 222 75 180 311 186 65 21 214 
122758 3805 
122883 2263 289 227 66 1240 
122751 
123256 1552 737 141 551 86 15 148 540 8 
122855 494 159 22 
122950 349 2051 
122781 190 175 284 194 40 298 43 159 25 54 272 37 10 226 209 128 28 176 8 96 82 82 2 239 277 617 
122887 360 38 62 692 
122730 1124 1077 951 647 
123050 680 455 662 152 691 145 
122770 3811 
123019 
127097 
123602 835 
123822 906 
122870 2379 30 33 1337 119 8 100 
122882 2188 377 924 
122945 448 787 592 220 
122780 33 828 1712 139 622 
122876 
122839 185 68 86 161 152 
122877 30 1173 975 2053 
124892 
122878 242 189 408 115 99 79 6 25 40 132 125 209 102 50 47 6 112 171 215 30 304 67 358 167 482 283 180 
122749 3152 648 
122879 363 163 1080 10 1703 
124001 
122884 55 4226 
126095 
122893 624 2810 
122894 335 1228 2551 
122885 2458 99 677 37 173 354 
123827 150 464 169 1754 
122886 
122888 
123432 41 
123107 528 
122786 1751 892 1315 17 
122891 
122854 11 240 4018 29 34 
123035 2608 31 74 109 100 
122898 48 35 296 60 54 40 16 183 65 124 127 4 350 280 28 20 123 14 10 8 14 49 65 219 158 717 89 364 297 150 259 
123130 276 1080 1713 759 
122899 756 
122901 175 1469 
122902 175 
123460 1685 91 347 64 192 450 821 
123729 3177 
123133 3828 
123142 
122910 
123392 1293 235 1712 
122788 8 
122763 1126 1079 952 648 
123058 2283 1760 
123448 
122917 4245 
122925 913 81 444 321 
123296 
122752 1124 1075 953 648 
122936 8 65 20 238 232 151 38 13 31 34 16 4 113 100 28 9 26 25 32 29 28 31 17 190 50 57 11 23 77 40 40 13 87 60 33 16 261 127 78 76 42 13 37 16 34 27 22 5 280 69 9 4 273 324 106 14 85 27 20 168 99 62 
123364 1225 308 
122860 
125813 
122745 3152 648 
122940 759 1312 598 542 471 
122942 6 107 146 89 237 121 146 1906 448 53 118 566 5 
123446 
122943 6 105 148 89 235 123 146 459 214 755 52 39 387 448 53 118 566 5 
123262 
123269 634 1273 111 245 150 814 10 529 
122947 1734 85 1741 522 
122906 
123750 
122954 39 1612 678 890 301 
122961 105 269 103 387 342 1312 5 1693 
123001 
123192 363 2 2512 
123008 20 255 1361 732 715 9 574 95 
123444 
122970 459 383 545 247 370 427 176 519 133 137 
122964 518 1732 1433 396 
123261 846 629 138 1907 
123414 1646 
122968 729 113 1170 9 122 355 899 
123323 
124953 
124433 797 
122969 257 226 852 334 53 188 637 729 471 
123445 2203 630 
123744 18 746 1680 668 11 
123078 311 
122782 170 38 839 807 1198 269 211 169 589 17 58 
122972 
122974 1875 
122732 1124 1077 951 647 
122975 
122794 354 37 359 158 431 27 39 125 28 23 16 34 52 156 185 260 59 145 171 27 15 6 148 60 15 78 327 45 81 368 15 142 279 
122977 
123354 
123213 2955 7 219 211 308 
123137 4 25 18 396 15 1882 345 436 707 21 
122726 
122988 490 3683 
122916 692 1407 121 479 154 
123098 1002 1393 182 308 13 120 120 
122989 1101 882 749 994 
123735 415 1457 1013 
122991 52 385 402 84 646 38 375 94 902 84 660 360 17 58 
123618 3131 335 48 
123038 3082 47 166 114 
123344 472 3155 
123003 275 798 2690 419 
122848 698 504 
125960 308 
122985 478 
123006 120 186 53 1959 722 220 400 31 
123007 274 2766 3 217 
123012 260 197 2921 606 
124814 1985 
123117 598 2031 909 
122792 70 12 31 58 126 45 54 24 380 66 315 196 1306 1459 28 
123020 179 719 244 425 1102 37 
123021 4130 
123022 
123175 
123025 2691 
122909 1423 876 1191 652 
123026 35 742 2631 733 
123032 1179 262 1628 
123033 135 
123036 775 
123037 616 908 329 1113 597 117 
123039 
123218 15 3 
122852 1555 92 286 1404 
123040 103 291 151 35 739 229 517 968 68 255 187 82 63 441 
122867 137 64 172 39 23 22 21 23 15 70 67 8 12 96 123 318 191 149 9 254 3 41 795 43 48 17 93 11 34 67 104 108 220 360 167 74 60 199 
123524 
123041 453 13 386 390 356 339 66 1325 
122926 
123042 385 200 11 468 211 850 16 87 47 1328 
123467 364 
123044 
123245 866 505 261 784 1535 
122850 21 251 354 140 76 21 198 21 277 155 101 39 15 106 83 33 27 241 111 287 437 79 222 75 180 311 186 300 
123479 
123046 
123338 
122890 22 145 194 20 88 41 102 
122957 1018 1515 1683 
123100 421 28 15 2362 499 595 
122980 942 344 240 1419 67 397 73 130 
122773 348 1453 141 48 273 1071 19 125 408 369 100 75 
123049 
123053 
123443 168 490 128 898 639 177 401 724 
123070 2219 1912 
123727 494 1751 
123083 554 392 331 518 725 838 616 
123153 313 690 193 194 132 375 570 17 1148 224 
122821 137 15 14 10 30 38 217 52 101 36 183 150 20 152 210 1305 1683 
123072 
123873 1075 
123264 417 10 251 401 46 1464 382 360 139 93 103 212 
123129 3828 
123073 2606 
123074 451 
124501 1676 704 
122847 690 14 386 841 51 576 33 10 776 
123965 1163 
123806 2455 204 
123080 564 892 107 853 1179 68 17 
124246 200 98 281 71 1490 
123084 273 476 752 257 200 920 200 111 212 347 27 16 148 41 
123235 
123081 1649 
124857 
123132 
123085 904 295 151 770 95 126 138 61 16 214 507 48 
123018 13 25 214 56 32 110 2591 
123086 375 1600 873 36 8 59 49 45 3 25 7 26 104 202 254 131 5 223 
123087 
123288 
123091 2008 
123263 841 93 18 30 1765 9 440 
123097 
122724 3795 
123109 937 
123114 
123115 1614 793 
123219 
123259 
123356 
124936 
123119 467 130 2941 435 22 
123124 
123880 
123254 1808 1514 27 41 134 276 
123125 2307 82 1611 
124548 564 227 205 1248 
122914 235 18 160 225 403 363 348 164 82 182 105 77 39 134 45 8 164 457 136 82 61 13 291 53 45 237 114 34 
123127 71 557 2 27 275 95 1982 58 104 202 634 
122858 366 36 2930 
123203 194 328 2354 
123174 204 2119 459 196 90 
123128 468 3360 23 
123131 3828 
123297 733 2916 211 
125704 
123661 1752 1402 
123940 
123136 29 727 222 4 35 5 19 41 64 126 61 25 15 240 315 105 51 252 272 743 477 
123847 
122921 3008 
123776 449 
123308 44 28 77 58 230 20 304 25 529 23 113 32 68 141 1473 384 11 
123144 25 86 13 353 277 89 135 35 45 39 40 52 11 451 287 9 9 49 19 12 22 31 25 13 15 21 11 34 26 19 73 61 54 29 38 70 19 279 54 37 235 62 12 58 17 234 8 240 39 21 
123151 72 296 
123152 1686 
123154 2438 
123157 348 
123486 
122868 128 1273 
123828 3242 76 
123159 413 2220 1302 
123002 
123160 
123161 
123238 104 1646 1256 28 
124026 46 523 207 241 615 
124717 593 
123171 
124271 
123162 
122725 
127096 
125207 1191 
123170 2905 38 
122994 3452 59 
126843 
123176 
122931 
123778 1489 570 214 
123177 1891 132 341 6 
123253 
123300 14 53 4 5 190 508 15 1257 88 9 270 
122801 33 3 178 97 685 147 675 1411 26 321 546 
123355 2225 1394 
123307 
123180 
123181 1057 1518 327 
123182 3521 
123186 373 
123187 21 346 30 165 148 115 12 228 69 21 31 106 47 85 89 21 73 315 283 177 813 556 
123190 
123191 98 2771 38 
123193 17 111 41 194 2 3124 
122927 
123673 27 31 37 20 210 20 17 51 137 13 306 22 14 81 245 115 74 17 87 197 110 32 129 20 69 56 174 23 9 813 32 
123200 3493 
122979 
123204 2354 23 732 
123205 498 17 51 21 1232 1644 
123319 
123207 
122776 2526 1359 289 
123209 380 81 
122800 33 3 178 97 1507 1411 26 321 
122791 31 272 242 420 49 2160 117 56 124 66 67 193 185 61 350 
123214 
122922 145 172 62 24 21 2369 49 1342 
126982 
123215 77 1517 254 1659 
123139 870 835 197 121 196 433 1108 
123062 
122863 
123370 
123017 3041 
123403 103 448 748 
123216 357 
122924 2130 
123217 357 685 
123048 
123221 
123707 19 3092 26 29 
123225 
123343 770 802 
123227 1576 
126845 
123197 1811 1150 567 
122904 243 59 772 1793 
123228 
124203 975 25 909 
123232 2271 51 660 
123234 
122965 17 
123237 753 263 32 151 31 739 16 24 28 27 126 71 67 61 16 181 33 178 194 135 48 25 736 
123244 2742 
123303 1075 
123640 120 63 1503 8 1532 56 
125872 
123257 
122755 2202 950 648 
123275 2829 324 
123286 
123294 
125539 806 93 
123000 657 
123304 152 113 722 367 477 28 53 148 170 41 510 357 214 127 154 
123310 1511 1659 
123315 3597 
123600 
123317 
122869 310 2267 491 
123305 
122765 
123318 
123536 373 645 807 830 
123322 39 1044 291 22 1606 170 276 263 
123377 
123331 93 2748 454 
123332 1713 314 1053 
123333 85 
122962 477 732 3007 
123351 2360 1342 
123363 2739 
122830 221 62 345 23 266 22 29 395 833 172 134 59 37 97 12 97 121 197 187 88 13 144 19 13 8 43 35 409 86 22 21 8 33 
123372 3726 
123373 1319 1882 
123379 
123381 
123671 118 1936 
123382 
123385 107 325 962 
123518 25 17 
126066 12 19 234 
123626 1882 
124442 644 
122998 2735 
123394 
123598 
123396 1720 328 713 842 
123401 494 
124068 257 
122774 325 585 298 2127 145 361 25 10 86 39 
123408 191 899 
123409 2326 203 
123410 
123411 
126558 
123416 3688 
123480 
123412 
123415 3688 
123421 1754 
123441 
123449 
123451 
123455 
123459 1460 1712 
123462 79 1806 808 787 31 
124125 
123470 364 361 636 467 228 303 1361 
123475 
125104 
123483 2585 
123485 
123488 
123587 354 
123495 245 1605 754 
123498 2844 
125156 
123504 
123511 502 521 388 518 
123513 
123514 
123612 86 702 437 696 454 
123516 26 1629 
123523 681 852 
123529 2111 102 
123597 893 997 209 97 74 
123533 201 1665 207 6 994 513 
123631 969 
123553 
123570 
123577 2242 178 986 
123579 15 
124876 
123588 1863 409 
123643 557 1577 
126448 
125092 238 68 16 60 11 258 
123601 463 
123605 
123606 
123609 
127006 
123610 
123613 3212 
124828 
123622 58 38 
123645 60 69 226 1419 439 87 198 140 559 
123646 955 
123651 
123808 426 1616 116 
124172 1311 
123665 1339 509 48 
123668 1860 
123669 1776 1364 191 
123679 2486 
123685 1422 
123686 99 361 564 100 60 1145 293 513 
123690 354 484 278 
123696 
123706 85 
123711 32 2261 851 
122873 94 128 235 112 141 484 967 
123712 
123721 1092 1826 14 152 19 79 95 
123722 205 410 76 170 240 1771 58 94 17 139 27 47 35 44 138 12 
123723 2987 
123736 415 1457 1013 
123738 1243 839 
123739 833 
123763 
124854 
123764 294 
123773 701 1712 655 
123777 
123783 890 1365 52 45 58 104 202 
123790 671 1068 1351 
123796 
123801 702 1027 762 44 
123809 
123677 2553 
123815 842 50 33 1443 
123820 
123425 
123821 2879 
123836 
123839 
124522 
123841 
125084 1343 768 
123842 
123843 2027 644 
===Document Endings===
[www.washingtonpost.com/world/national-security/comey-misstated-key-clinton-email-evidence-at-hearing-say-people-close-to-investigation/2017/05/09/074c1c7e-34bd-11e7-b373-418f6849a004_story.html?utm_term=.6b690afe69ac, 123845, 1124]
[www.washingtonpost.com/world/national-security/flynns-swift-downfall-from-a-phone-call-in-the-dominican-republic-to-a-forced-resignation-at-the-white-house/2017/02/14/17b0d8e6-f2f2-11e6-b9c9-e83fce42fb61_story.html, 124923, 1078]
[www.washingtonpost.com/world/national-security/obama-administration-announces-measures-to-punish-russia-for-2016-election-interference/2016/12/29/311db9d6-cdde-11e6-a87f-b917067331bb_story.html?tid=a_inl&amp;utm_term=.21410190af20, 125872, 949]
[www.washingtonpost.com/world/national-security/russia-probe-reaches-current-white-house-official-people-familiar-with-the-case-say/2017/05/19/7685adba-3c99-11e7-9e48-c4f199710b69_story.html?utm_term=.47ca8cc6d637, 126516, 644]
[www.washingtonpost.com/world/national-security/notes-made-by-former-fbi-director-comey-say-trump-pressured-him-to-end-flynn-probe/2017/05/16/52351a38-3a80-11e7-9e48-c4f199710b69_story.html?utm_term=.b5c2e90edd4e, 127207, 691]
