===STATS===
unique words: 3391
number words: 8742
number docs: 43
===========
150325 
150322 
150269 
150272 
150273 
150268 
150283 
150270 
150275 
150278 
150281 
150236 
150224 
150248 
150225 
150228 
150232 
150234 
150235 
150244 
150237 
150249 
150240 
150243 
150245 
150204 
150208 120 
150196 
150201 118 
150199 
150163 
150151 88 
150149 44 
150157 
150162 
150166 
150160 
150097 
150108 
150119 88 116 
150057 
150068 
150047 58 45 44 72 45 
150078 
150052 58 43 162 
150056 59 44 43 74 44 
150061 59 41 163 
150062 
150003 
150031 
150019 
150021 
150029 
150022 
149999 
150015 
150016 
150030 
150020 
150025 98 
149951 
149965 
149969 
149976 
149964 
149967 
149974 
149977 
149975 
149924 
149926 
149931 
149925 
149922 
149923 
149927 
149932 
149912 
149730 
149726 
149793 
149834 
149733 
149732 
149812 
149734 
149737 
149743 
149768 
149776 
149731 
149823 
149813 
149766 
149892 
149767 
149774 
149851 
149791 
149854 9 
149805 
149728 
149815 
149832 
149833 
149841 
149867 
149878 
145108 
145104 
148191 
145915 
145851 
145595 
146345 
145850 
145122 
150001 
145934 
145110 
145440 
145489 2138 1363 301 292 
145567 
145151 4045 
146641 3097 
145134 160 914 120 259 1699 13 882 34 
146470 
148107 
146009 
145094 
147502 
145836 
145968 
148401 365 
148005 
145526 1096 
150280 
149561 
148389 
148793 540 
145980 
147287 
146160 
145540 604 
146185 
145725 
145098 
146436 2309 608 218 
148747 
145477 23 101 239 1337 91 122 
146557 
145105 
146340 
145647 
146862 131 148 24 59 
149427 
145713 779 381 62 
148055 
147796 
145192 356 1069 338 339 
148759 87 385 194 
145703 
146430 
148611 
145211 
145390 
149770 
145885 3785 
149070 
145155 
145682 
145222 
145689 136 
145226 55 216 590 20 4 7 116 148 81 821 539 35 70 576 9 24 15 
145663 
146386 
145233 
146358 
146194 
145932 
145095 
146196 
145102 
149083 
145258 206 497 
145117 4037 
147397 
145953 
145516 
145672 
145284 1997 
148579 
145954 
145168 
145189 
145114 
145299 2483 1272 
147885 
145729 529 1543 393 
146439 1782 883 
149268 
147337 
145240 217 2649 
146877 
148068 
145691 2063 964 321 
147498 
149259 
145152 120 508 1720 145 
146032 
147364 692 
145177 945 129 254 1651 49 
146256 
148186 
145831 
147051 
148197 
147347 
145350 1274 2668 
147433 
146318 
145439 1802 1577 77 476 
147025 
148288 
146279 4 
145353 3912 
149470 
145355 2197 1128 1093 
145173 2961 1115 
148463 
148228 
145357 
149484 
145159 124 3071 466 754 
148022 
145347 
147721 
145724 
145364 73 
145118 133 194 1536 2758 
148198 1262 
148223 
148605 
147276 
145494 
145086 
145875 
145375 2559 192 
146353 15 1 1632 
145277 
145196 
150072 
145627 
148227 
145701 2021 
146576 1169 
146444 
145219 2938 
147909 2 
145405 
145263 3263 
147787 
145872 471 
147495 
145515 
145406 
145943 
147085 767 751 208 1072 7 
147511 
145415 2676 
145750 640 2400 
148301 1373 
145644 
145303 
146417 
145587 
146777 1226 1206 197 
146327 1680 
145319 
148798 
146025 
145709 
149519 
145091 
147156 
145495 628 
145939 78 
145455 
145394 
145622 
145580 
146785 
149495 
145472 2494 
148712 
149724 
145208 62 132 2657 
145162 
145267 340 476 630 3159 
145160 1275 596 421 
145259 
145514 
146293 
145404 4365 108 
146491 1391 
145541 
149653 
149749 
145448 
145421 1616 622 1145 409 285 4 393 
145085 
145369 1578 
146379 
148000 
147776 31 
145583 
146078 
150238 
147003 
148039 
145379 205 169 374 148 309 242 578 202 33 333 175 307 213 226 283 162 
150258 
145609 
145292 1547 257 
147615 
149829 
147391 
145384 1975 743 
147628 1164 
146705 
148105 
145241 
146145 95 
145096 
147820 
148692 4 72 110 
145620 
148285 
150247 
145630 137 2266 1 11 
147758 
147605 
145632 
145181 16 
146302 
145690 1947 
145522 51 2327 
146412 
146348 
145393 676 347 1030 647 52 1063 255 
146571 
145107 
145322 
145493 275 2267 
146172 
145643 
147485 5 
145648 
149870 
145654 
148663 
145111 
145948 
145678 
145209 
148049 960 686 
147201 
145684 2460 
147325 
145692 
145698 
145973 
147652 
145699 1684 4 
148785 
145707 
145945 235 618 824 20 277 539 156 6 674 
149594 
149254 
146789 
147877 
146143 852 13 239 376 
145931 
145726 
148827 
145732 2464 
149016 144 
145744 68 223 680 1524 83 731 
146260 
145166 2062 
145751 1616 1847 289 
147641 
145896 
145805 
150121 
145754 374 42 65 350 242 578 202 541 181 126 213 226 283 162 
145827 
149412 
149153 33 
147414 
147673 35 
148628 134 
145774 
146938 
148838 
145781 1461 2837 
145784 762 1786 363 
145965 
146231 
145343 
148815 
145790 
147232 
145792 933 
148348 
145796 1266 22 51 2006 
145505 
145801 
145823 
146487 
146024 
148624 
145967 
148751 
147711 
146036 
146574 
149072 
145820 1034 
147285 
148306 1172 
146007 
145706 591 1590 437 262 7 
146089 3519 
145829 265 2173 1182 
149727 
145832 
145295 104 126 2253 209 
145837 
145830 379 1287 473 
145856 
145859 
145135 12 31 109 30 17 54 32 249 78 8 52 9 32 34 65 186 42 78 10 38 104 103 342 107 302 41 21 330 86 71 42 162 38 44 27 38 30 11 100 21 10 35 7 17 14 27 517 13 255 62 214 150 9 4 
145771 380 201 2171 
145667 
147030 
145864 
145314 444 1936 
145867 3800 
145635 26 
149088 
147402 14 
148699 
145634 
148821 
146354 
145315 116 299 1965 299 
145893 2 
145982 1284 
145897 1928 
146280 3064 
145898 
145536 
145130 1502 276 128 85 
146244 
145906 
149149 
148315 
145907 
145908 33 1675 
148225 
145204 3046 
145640 
147704 
148888 
145917 
145922 
145552 2421 
146821 
148714 
145923 
145927 
148863 
145230 1703 1754 
146689 1059 1453 541 
145930 
148612 
148339 708 
146197 
145937 
145809 
148809 
145940 
145949 
145444 
149271 205 78 52 7 
145971 
149464 
145624 918 118 2439 
145591 
148686 175 
145273 
145987 2026 
146274 
145235 2466 1654 
147094 
148336 611 31 28 
145998 
145484 
145674 
145749 
145999 
148660 642 
146006 921 
146010 
148831 163 291 
150164 
146013 2983 
146670 
148720 
145485 144 534 183 919 38 863 1275 
145653 
146104 
145220 
146077 
146030 
145156 
146027 1741 
149140 
145641 3852 
146037 2169 
149456 
146095 869 1204 723 
149309 
146154 208 192 1326 
150284 
149636 
149635 
146042 
146043 
146049 
146056 2025 
147115 
145933 
146080 
147696 
146085 5 137 153 182 713 1389 
145318 
146033 25 
148394 
146307 
146687 
146100 
147475 
149276 
146105 2007 
145427 
150313 
145546 
145884 2659 
146066 
149383 
146121 
146126 
146426 
145892 
145187 271 1054 1085 
145879 717 511 114 898 
146139 
146140 
146142 
146841 297 631 
149694 
146233 
147443 
145928 
146611 
146155 
145913 
146156 
145116 
149712 
147023 1322 
147589 
149510 
146174 
146210 
147384 
147522 
145344 2313 386 
148310 8 460 63 55 41 36 24 25 264 264 102 
145121 
146699 
147064 
145395 
146267 
146268 
145670 
146269 3120 
146457 
148892 
146285 
146311 
145324 
146312 
147150 
145992 
146330 
148355 20 
146350 11 300 
145722 
148371 
147454 
146357 37 1286 
146360 
146366 1642 
146387 
145597 1225 
146547 
149429 
147152 
146371 
146376 901 
148307 
146384 1910 
146791 852 
148170 
146396 
146397 
147021 
146410 
145351 3119 693 
146424 
146428 
145719 1119 1661 
146152 
146537 278 87 
146448 3181 
146449 187 2492 238 124 140 
146057 2142 85 
145302 
146473 3215 5 
145161 
146474 
146548 72 122 32 4 51 169 
145734 2098 
146475 
145871 
146569 81 2111 27 55 62 
146825 
148289 
146106 11 
146515 
146051 20 
149175 
146914 
146521 
148453 
146531 
146533 64 34 9 13 25 29 22 51 64 59 19 8 54 32 12 43 12 21 16 14 24 28 2 82 
148548 
148357 
145712 
145521 785 
147720 
148132 
147717 12 
146544 
145338 
146545 2098 27 57 54 
145385 
147467 
145916 
146559 
145890 91 1232 
146561 
147961 
148723 56 
149729 
147517 842 
146577 
145430 
145582 
146019 
146582 
150229 
146583 
145775 
146894 2887 25 
146595 
148535 
145766 
146603 2484 
146627 570 
148577 
146658 1878 1122 
148127 
146663 
146666 
146667 1402 1022 
147604 
146672 
145700 1263 
145123 
147149 
148767 234 224 
147355 175 185 
146766 
148029 
146686 
149424 168 
146695 
148247 
145378 
146696 
147466 
148922 
146711 
146727 
146728 
146764 
146767 
146776 431 97 
147785 
146799 
146801 2731 
145223 
146802 934 5 
146388 
145920 216 
146805 
146000 1410 
145909 
148146 
146807 271 
145599 
146167 3461 
148462 
146818 315 
146820 
150206 
148350 
148368 612 302 
146852 243 981 
147640 
146860 53 128 
146074 
145756 143 
146871 2909 
149771 56 48 23 
146874 1836 
147872 2194 
145279 
146898 
147685 
146221 219 1612 1054 418 
145996 
146517 1149 
147941 
146940 
145323 
146941 309 
147914 
146560 
146986 2458 
147005 1438 
145626 
145438 
147006 49 
147985 
147026 
149409 
145865 
148120 
147034 
150118 
148364 
145190 487 1704 1201 
145668 3038 
149529 
147050 
145995 114 83 
147058 
148224 
149609 
148550 
147065 
147077 26 
145752 
147079 219 101 84 891 1178 
145528 4308 
147100 
145869 1510 
147101 
147116 
147122 
147124 
147144 
147157 206 258 
149251 
147167 
148314 324 
147971 
149159 
147172 
148158 53 
147175 978 1037 
147183 
148245 
147184 
148590 9 
148597 
147202 
148265 
145507 435 1354 590 
147203 1502 
148730 
147798 
149052 
147206 
147636 
147775 
149713 
145723 
145857 
147215 
149447 398 
146452 
148328 
147218 400 289 
145991 
146356 
147219 
147225 230 
146816 
147248 
147556 
148430 
149596 
145339 
147925 
147473 
147249 
148575 
147691 
149197 
147583 1768 
145596 
145124 1751 1013 
149787 
147264 1149 853 
147069 
148136 
146681 
147280 1652 
146757 2272 
147283 227 
147288 1 
147316 
147317 430 
146550 71 122 94 162 
146536 
147320 
145658 2368 78 
148259 
147274 
146797 
147324 
147327 
149222 
147330 1092 1249 
147393 2357 
147339 
147357 1376 376 
147369 
147388 363 
149230 
145232 
145176 814 1942 
147392 1047 
148642 
147395 
148222 
147236 
147421 118 48 6 150 562 7 11 124 230 
147425 
148316 
147435 
148474 
147449 
145469 
149543 
145163 1021 
145776 
147497 2033 37 289 
146770 
148352 
147509 
147428 
145099 
147514 1232 
147519 
147536 
147541 13 36 
147542 
145101 
148402 511 45 8 9 50 154 236 22 18 98 32 52 
147549 
147555 6 30 
145739 
148032 
147560 36 
147564 
149410 
147569 989 
147577 1818 
145619 1335 952 437 49 
149593 33 
147617 
149082 
147648 1166 
146748 
147674 
147692 
149155 
146213 
147698 
147700 
147705 57 
148356 
147713 
147719 
146674 
148185 
148028 
145604 1215 940 404 376 429 
147733 
146216 
147849 
147734 
147752 
146616 
147760 
147761 
148823 
147772 
150002 
148860 
147773 
147788 
148517 
147794 
146965 
145561 512 
148776 
147809 177 1119 29 230 377 
146102 84 1734 357 
147200 
149531 
147816 
149602 
147834 
147042 
146300 
147842 
147857 856 
147871 
147532 
147875 
147136 
147876 
147315 
147895 
147474 
147912 
146115 9 
147970 
147918 
147939 
148649 
148984 
145814 2602 
147942 
147650 
147960 1240 
145571 
147967 
147975 
145956 1388 391 119 
147977 
148679 
147988 
147992 1618 
148015 938 
147160 2358 
146158 
148030 
147017 
147366 
148048 
146131 
148060 
147460 
148264 
148083 
145957 
148099 
148103 
148109 
148118 
148161 
148164 280 
147534 
147750 2040 
149062 
148167 
146454 
149644 
148177 
148179 
148190 
148193 
148208 
147348 
148370 
147575 
148209 
146119 
146543 133 135 
148215 865 12 788 
148218 
150241 
148219 849 
145849 
149319 
146704 64 164 1433 281 69 71 111 41 331 27 
148236 
148270 
146783 1530 129 984 
148276 
148114 
148290 
148320 
147508 
148327 579 
148330 
146072 
145808 324 149 
149435 
148337 
147764 
145815 
148342 380 
148388 
148393 4 359 28 
148398 785 80 
148399 234 12 36 9 174 127 193 35 68 255 
148400 25 546 
145746 
148989 
148421 
147196 
145200 1381 255 333 317 575 
148426 
145598 
146432 2917 
149623 
147002 
148436 472 195 129 
145697 
148468 
146579 285 1445 428 34 130 
148465 693 97 
148868 
148467 
148472 20 10 61 239 364 
148479 
148480 
148482 
148485 
148488 
148498 
148503 
148510 539 10 25 46 57 129 44 27 
148514 
148533 
145757 2670 
148538 
148542 
148545 
148546 
148547 
148549 
148553 
148554 
148557 
148559 189 
148561 242 492 
149372 
148562 
148564 49 194 
148565 
148566 
148567 
149133 
148573 
145377 
147261 
149273 
150012 
146810 2035 84 30 801 
148574 
148941 
148583 
148587 
148591 
148596 
148521 
148598 
148606 19 14 
148607 
148618 
148619 285 
148630 
146204 72 12 120 3269 
148632 
146403 
148629 
148636 319 326 12 
148640 
148644 364 403 268 
148652 
148654 
148666 
148674 549 
148676 
148691 
148698 
145569 673 52 79 440 1718 529 6 422 
148729 
148731 
148736 241 423 
148740 
148972 311 
147109 
148741 
148743 
148749 
145731 3330 407 
148758 
148760 
148764 
148765 
146450 
147678 
148772 
148799 
147459 2016 
148800 
148801 
148808 
148044 
148829 
148840 91 
149751 
148847 171 184 
148848 
148856 
148862 162 
148890 650 
148898 19 68 457 72 
148910 
148930 30 61 205 20 18 159 28 114 36 
149300 
148995 294 244 
149033 
148512 39 9 
149038 
149003 
149042 
149048 31 
149051 
149058 
145333 
149069 
149081 
149101 
149110 
149112 
149117 
148133 
149126 
149198 
149138 
148655 
149142 
149144 
149746 130 10 13 
149145 
149191 
149157 503 
149161 
149171 
149185 
149203 
149205 
149217 
149569 
149233 
148519 
149236 
149244 
149245 
149272 114 17 17 
149307 
149312 
149322 
150113 
149323 
145905 3315 
149329 
149330 
149346 
149357 
146573 
149379 
149384 
149413 
149431 146 9 35 26 9 25 
149461 
149472 
148493 
149520 
149528 
150282 
149547 
146215 3468 
148095 
149549 
149551 
149564 
149581 
149605 
149611 
149615 
149620 
147299 
149634 
149645 
149649 
149680 
149687 5 
149689 
149690 
149697 
146600 
145061 
145057 
145079 
149121 
145070 
145071 
145073 
145077 
145069 
147504 
145081 
145082 
144974 
148675 18 35 151 345 
144961 
144992 
145049 3424 761 279 
145004 
145476 
145022 1813 
144982 
148773 
144980 5078 
144978 4985 354 
144969 
144983 
145565 
146570 
145002 1897 2856 
144990 
148403 8 45 39 132 10 34 50 48 22 28 31 23 10 6 291 31 50 9 14 
144975 
144972 
145030 
145003 
144979 
144984 
145018 
149978 
149267 
145017 
144995 
145019 
145009 672 497 
145020 2853 
145043 
145029 26 1236 
145380 
145042 2088 
145050 
147445 
144866 
149172 
144921 1834 
144817 1788 
144850 
144935 1031 49 
146460 
147286 
144912 
145852 
146079 254 129 61 
144922 
144829 
147048 278 
144755 
144794 
144773 302 
144804 1251 2928 
144778 5249 
145560 68 1228 
144797 56 15 22 15 4171 749 
144830 
144831 
147491 
144768 
144763 303 
144798 4577 
144889 321 27 29 25 92 198 69 29 99 22 76 517 196 70 5 9 9 6 232 251 171 67 330 282 239 
144791 
144779 5249 94 
144951 1072 3730 
144827 3684 19 58 462 15 123 129 44 27 412 
144936 632 673 131 440 2675 
144766 
144825 2005 
144767 
147240 
144859 3565 522 439 
144786 
144888 
148501 
144796 108 
144792 
150109 43 48 114 
144799 714 2164 
144948 
144807 
144810 
144759 
144815 2869 694 
144917 
144816 
144818 
144842 
145185 18 776 29 210 778 115 37 1290 744 487 
144860 339 1321 1567 62 710 330 
146223 
144821 897 3345 
144824 167 
146273 32 
144800 
145429 
144828 
150165 
144770 5248 94 
149235 
144775 
147765 
144836 
145537 
144787 
144838 2378 
144839 36 
144777 
150327 
145673 
148066 
144843 
144776 
145041 78 
144872 
144854 3061 
144855 
144931 
149462 
144939 
149479 
148957 
144864 
144944 
144878 
144901 2898 
144906 
144947 
144909 
144911 
144926 
144930 
144945 
144932 2538 
144943 2827 
144949 
144953 1 
144716 5046 
148490 
144747 2491 
144744 
144678 
144692 
150004 
144688 83 
148369 
144677 
148752 
144715 4541 
144925 1340 3590 9 
144706 193 4426 
144693 
144696 
145512 2305 
144708 26 
144717 
144698 
150000 
146784 
144699 
144703 130 12 7 5 8 32 247 269 66 8 62 43 65 63 67 7 49 188 98 71 26 123 14 140 111 28 75 41 76 8 9 8 53 32 12 31 13 40 35 14 9 42 21 32 97 22 152 20 15 16 44 66 19 46 256 6 73 98 922 441 11 164 91 9 11 49 60 
144691 
144697 83 
144721 199 4834 29 
148592 
144711 
144714 13 
144729 
144718 
149930 
149686 
144719 
144723 2544 
144724 2739 
147844 
144730 93 54 63 61 126 78 43 180 95 15 34 340 269 698 87 933 14 164 1038 641 74 58 
144732 1187 
146404 1275 
147027 1292 419 461 
144738 1813 891 1736 
144651 4008 50 
144594 107 
150318 
144596 
144576 
149979 
144667 262 
144620 740 728 3149 228 36 38 56 248 
144595 
145818 1409 1912 
144583 5528 
145307 
144614 3224 
144585 
148038 
144598 
147278 
144592 
144645 
144666 
144607 
144609 2252 
144623 3805 709 
144589 
144604 118 639 753 509 158 879 1339 468 58 114 
144586 
150303 
144610 
144648 
144613 
144615 4217 268 
144597 
144649 267 
144660 1906 706 2532 
145889 
144663 
144621 
144624 113 408 343 18 408 72 144 87 687 452 121 17 29 43 32 28 28 16 251 119 
145422 28 2832 26 479 337 
144625 
144627 
144628 
144600 271 1878 51 194 30 21 16 2 83 133 1560 236 
144655 
144617 
144630 
144668 1019 173 23 1430 37 263 22 
149526 
148175 
144639 4735 
144643 
147419 2062 
144650 
144653 2680 
144657 1429 5 137 153 
144659 
144584 
144479 
150074 
144502 
148471 694 
144477 
144482 
144513 
144478 
144658 
144545 383 4042 536 35 
144656 
144485 
144491 
144636 
144492 
144538 1018 2341 87 
144494 
144536 
144518 
145759 643 1251 8 1339 
144509 
144535 459 3 
144487 
144507 
144510 
144549 618 2660 
147164 465 
147407 
144511 
146016 
144501 
144516 
144515 
145278 
144483 
144565 
144523 
144530 
144519 2711 
144522 
144524 3976 161 
144533 
144534 
144555 478 
144537 
144552 
144544 
144548 4695 
144553 475 
144556 3064 
144559 
148650 3 31 218 
144561 
144568 444 4292 
144408 
144391 
144388 83 
145426 1443 
144433 2752 
144422 
144381 
148182 
144389 297 78 303 30 4624 199 
144420 14 230 218 2827 
144428 
144394 
144392 
144608 866 1451 
144395 
144444 1391 1525 912 
144410 
144397 
144590 
144403 
145170 28 
144894 3313 
144402 
144399 5581 
144398 297 79 302 30 4822 
144400 
144412 
146991 
144413 
144415 728 6 80 275 2813 
144418 879 7 5 920 362 384 805 362 115 
144910 
144435 22 844 355 828 707 186 407 206 843 260 
148232 
144425 285 83 153 
144437 88 360 547 409 204 31 347 1808 65 714 830 
144430 
144431 782 29 11 193 13 1148 112 234 281 59 
144436 5461 
144443 
144448 4271 
144449 
144450 
144451 
144361 
144360 
144345 755 
144355 754 
144347 5759 89 
146097 
144357 5759 
145543 
144343 129 501 4988 
144687 
144335 
144344 
150054 
144350 
144346 
144351 
144352 
145819 
144353 127 501 4990 
144354 
144356 344 
144326 
144272 
144239 
144271 
144256 
144325 
146972 42 
144246 722 
144316 
147521 
144273 
144300 2678 1040 
144252 
144281 
144250 
144251 
144274 
148828 
144299 
144323 346 
144255 
144275 
144304 2375 1497 1457 
144259 
145342 
144264 29 3136 
145153 4 4242 6 
144289 
145531 1588 1989 455 36 
144267 5532 
144261 
147746 
144276 
144514 
144315 
144280 2552 248 2495 
144317 
144297 
144303 
144308 
144311 
144322 2846 
144204 
144188 
144196 
144201 
144199 
144202 
150155 
144197 
144200 
144205 
144207 
144189 
149862 
144208 154 
144210 
144211 
144212 
144215 1416 102 366 165 3230 
147370 2234 
144218 
144221 6029 
144102 
144103 
144120 
144110 
144106 
144105 
144165 129 20 
148340 39 
144124 
144107 
144180 716 290 1051 114 401 1003 203 127 989 120 431 
149900 
145128 
144108 
144148 2099 
144109 
144131 
144154 
144121 
144129 
144122 
144123 
145386 1972 1634 
146325 590 
144141 
144128 
144125 564 
144126 564 5626 
144175 
150023 
144143 23 3405 426 
145519 
144145 
146137 
144150 3690 1698 
146038 
144152 8 
144155 2069 37 25 27 31 57 26 
148298 
144173 2945 
144174 
144177 3329 37 10 
144179 2053 
147322 
143945 
147373 109 
146535 
144009 69 
149274 282 
144094 1934 3303 
144012 
144071 
143992 508 
150073 
143934 
149089 
144286 1455 97 2064 613 612 209 
144014 49 3668 850 
143947 
144040 107 2377 
144454 351 78 54 657 889 278 496 1861 541 
143965 
146034 
144028 1101 380 670 783 384 336 300 
144806 118 14 3974 938 2 
143955 
147656 12 
143959 3591 
148344 
144007 
143978 
143972 2622 380 1304 
143973 40 
144002 510 
148496 
143953 
144030 
146451 
143942 5778 
143964 
144010 1482 714 1867 
145171 91 1649 
144041 
146250 254 153 436 50 4 254 178 507 570 224 56 96 286 22 
143946 6366 
143970 4651 
146655 
143993 46 14 39 
143977 103 
143979 1680 523 675 39 1131 1104 646 30 
143944 
143991 
143990 
143984 
144058 5515 118 
143976 
143997 
143998 
144000 57 757 2580 
143996 638 2891 1390 
144005 422 3481 
143933 
144008 34 
148601 
143987 19 25 30 30 
144952 
144027 2320 1715 
144035 1290 57 3335 
144038 5017 293 30 206 
144077 5075 319 
144043 3633 
144084 
144045 2975 316 569 26 1262 698 
147319 565 
144046 
144051 
149007 4 
144064 
144066 724 1162 1175 178 461 
144065 748 2376 290 
144070 
144073 
144606 26 
144074 
150310 
149789 
144551 
144076 
144081 739 2861 851 
144082 1907 3710 
144087 2302 
144090 937 21 450 2116 
144095 
143910 
143839 
143850 6 5 1854 344 1368 3 2392 
143904 
143830 
143837 
143823 
143842 
148273 
148877 
143870 
143898 
143833 
143845 
143994 1658 1574 
143846 
143838 
143847 
143829 
149866 
143844 
143863 
149817 
143849 
143883 441 
143871 
145475 
143873 4736 
143893 552 1197 
143879 
143854 1992 462 27 1455 148 
146549 
145072 
144971 
143862 
143841 
143882 
143887 3693 
143894 1503 132 2262 897 276 
143911 
149430 
143907 2941 
143890 
143843 
143909 
143908 
143912 
144713 89 112 1618 
143899 3868 
143917 
143918 4308 
149515 
143921 
143925 
150039 
143733 
148754 
143722 
143766 251 1147 738 34 116 757 1020 1392 441 
143723 
143798 2102 126 2784 
143804 
143815 
143734 
143752 
143779 
146943 
143743 
143748 
143740 
143738 
143791 
143730 1334 
143731 
149040 
143760 
144406 
143832 
143737 
146365 
143811 
145038 
143812 2686 28 
143732 
146044 3793 
145074 
143739 
143742 
143744 
143765 1241 3375 848 
143750 27 24 2892 2397 674 
143749 
143745 
143756 
147190 
143759 1921 2069 
143764 3748 
143768 1486 785 949 191 66 1327 
143774 1796 173 991 1646 862 
143776 
143792 
147924 
143781 
147029 2119 
143799 
143814 
143685 
143689 
147822 
143709 822 733 1448 76 160 70 52 2823 
147723 514 
143653 
146323 
143674 
144464 
143670 
147073 
143688 3047 
143678 4 5268 
143642 
143655 
143660 
143665 1886 4244 
143696 
143710 
143652 179 
143658 182 
143659 
145524 
143662 
149873 
143654 
143664 20 28 
143667 
143668 29 
143686 
143694 1722 1064 1476 
143701 
143703 
143705 1785 2610 
143707 182 
143708 427 178 2474 
143711 1554 
146188 
145218 2920 
143714 
144475 
143605 
143598 
143617 741 5759 
143606 
143609 
143607 741 5759 
143613 337 1027 4985 
143919 
143618 
143619 
143623 
143568 
143576 
143555 
143577 
143574 
149419 
143572 
143982 5487 279 71 
143571 265 513 
143563 
143569 
143579 780 
146958 
144401 
143300 
143608 
143302 
143084 477 43 738 240 
143155 
143505 
145362 73 
143140 2662 3348 
145056 
144158 
143274 1337 3208 
143208 
143138 
143232 3842 
143311 16 74 107 393 1448 767 625 325 954 388 177 252 86 335 112 26 38 
143166 
148507 305 499 
143469 
143530 2075 
143172 
144795 2095 645 1222 
143376 844 964 1357 1794 359 
143152 3165 
146214 
143122 332 78 258 16 1812 630 50 653 259 230 144 105 137 918 163 9 9 645 
143096 
143091 
143100 
145352 
143507 
143361 
148869 
143867 1576 873 121 4 602 83 1120 716 55 271 157 
143094 
143090 
143334 
143356 
143197 
146572 
144004 3529 1118 14 20 
143167 4085 
143114 69 270 12 431 1445 2034 64 
146190 
149204 
144119 
143113 
143531 
143078 
147441 647 62 
143095 
143133 231 1371 2226 1223 651 828 183 
143316 
143121 948 1564 1317 1318 316 1301 
143123 304 6442 
146138 460 1517 
143116 283 1427 608 836 155 93 127 109 6 71 36 24 119 107 407 307 471 227 635 226 4 42 239 113 
144638 14 18 2093 45 306 
143120 332 311 2914 63 32 801 1684 134 480 
143117 
143141 
146004 698 
145478 388 1499 
143126 352 
143394 
143160 3632 745 8 
143673 1363 
143145 
148165 
143110 
143297 76 3146 
150198 
145327 576 23 
143175 2212 341 
143119 1191 1634 448 1471 919 446 
143353 
143225 5041 1353 12 
143307 
143089 
144915 292 
143182 1710 2320 
143161 368 1199 602 44 18 20 154 262 408 63 4 490 60 310 171 330 171 579 443 18 298 104 13 108 136 69 29 9 
145975 9 423 
144998 3363 
143107 
143516 4753 
143495 
143180 2102 1013 1307 572 249 28 987 8 172 
143313 2852 2881 149 
143188 2193 20 903 
145311 
148483 
143102 
145737 2096 13 22 
149516 
143171 
143337 22 
148570 
143181 339 
146723 1557 
143146 4236 
143482 5481 
146638 633 
143185 
143195 
143198 
143112 156 1579 2077 747 129 66 1591 
148852 
143287 
143254 2463 1159 811 
148842 
143226 4633 
143202 
146481 
143523 
143209 928 1557 3665 
143215 5014 
143217 1051 1493 528 2057 61 388 1084 
143229 308 
143177 
143214 3995 2312 
143494 
143125 214 68 29 43 236 436 1426 929 1390 72 30 
143256 2291 2837 56 349 231 325 190 
143441 2898 
143260 48 96 5269 719 
143296 
148616 
143325 
143241 
143406 469 1238 
143449 4161 
148054 
143246 
143194 129 63 71 523 639 112 11 404 287 406 209 6 56 494 178 84 16 686 64 40 44 248 771 147 
143432 470 3102 9 552 817 
146249 
143261 1583 1033 58 290 
143263 95 1491 948 
143392 5475 
143615 
143304 3708 551 9 
143286 2726 
143204 6099 
143205 471 
143271 1753 
143281 2336 
144685 
143283 61 
143340 708 973 800 1034 
149239 
143099 1031 
143282 
143294 4657 
144987 4986 353 
143310 2757 
146488 
143326 3112 2162 1024 
149676 
143338 
143342 6270 
143504 
143343 1258 
144886 646 530 
143352 2518 1491 680 
143476 
144132 352 
143355 
146418 
143357 1060 879 490 724 80 1189 74 871 854 
143365 
143366 
145080 
143370 6440 
145465 
148524 45 
143371 
143375 2159 30 2279 340 
144840 
143383 2084 471 555 335 1094 32 299 1200 
147345 
144139 1415 666 211 887 2367 
143390 
147059 
143398 
143669 
143400 3808 339 397 581 15 882 63 
143405 
143410 
143418 1294 1454 973 1866 
149723 
143420 
146101 
143536 463 57 680 3442 
143422 
143423 
147619 
143442 
148065 
143447 
143459 3413 2903 107 7 
143462 702 163 
143464 238 1352 
143471 3238 
143474 
144249 
143485 
146005 
143488 
143493 187 
143499 20 340 5 
143385 
143503 
143506 
143023 
146322 
142691 
142729 21 2563 27 2855 1664 
145062 
142948 3271 
146637 
146146 
143041 
143920 
142936 1108 1571 4269 
146602 
143983 
142968 
142708 280 4 25 19 17 
142685 400 
142830 1338 1989 534 40 326 
142678 
142809 3344 952 897 247 77 
142874 4 
143616 
142683 400 1980 4655 
142854 1043 66 1074 1405 1567 
142769 
142980 5373 
143008 2628 1397 1960 
149953 
142693 871 271 
142756 
148097 
145845 
142727 245 795 1599 161 548 179 
150158 
142797 
144707 34 135 24 34 668 1148 519 1556 19 233 43 206 39 115 278 58 
142700 873 
142697 
142978 323 118 762 1182 73 611 263 1981 782 
142763 54 97 190 106 280 
142842 596 
150114 
142920 2859 2482 158 
142749 12 492 27 8 33 193 793 330 881 128 196 360 300 183 101 194 440 229 1833 
142820 328 
146648 240 64 176 52 76 2597 
147412 
143034 
142748 504 3432 647 
142852 
146355 4 
142737 3872 24 413 1078 
144517 2811 2456 
142699 
142692 
142943 1596 
142711 559 
142713 
142832 
142890 
143049 8 
142828 4377 1499 
149835 
142721 
142723 666 488 1298 2353 857 10 1278 192 
143015 
142725 
142726 2895 30 
142731 37 
142733 
146529 168 
149334 
144247 
142944 1190 19 159 
142793 71 7 8 1140 
142734 224 58 
144505 4245 
142736 
143758 
142904 233 75 157 27 3063 
142739 3553 360 
142740 3756 
143021 26 5 
143377 
142704 5852 
145593 583 
143035 227 
146342 
146668 1402 
142710 136 1938 3105 
142743 
146183 
142687 
142745 547 101 2590 903 372 49 1509 
142728 
142765 6694 
146003 
142869 
145126 
143267 
143421 
142747 3769 973 
142677 
145456 555 2061 
142799 
142787 
142716 1724 1136 1792 63 170 277 
142764 231 
143014 
145891 1532 348 823 1090 
142804 21 10 
143030 4694 
142773 5097 747 200 
142705 266 4266 
142800 213 1037 3463 
142779 389 192 18 38 853 18 
142688 
145169 67 50 
142808 183 2517 2218 413 278 550 20 253 157 249 
142839 
143059 1262 
142780 
142782 685 1586 2037 224 316 1906 
142844 36 327 233 838 
142759 1874 3171 151 851 49 992 220 
142783 
142781 
142794 1226 
142821 
143046 
142881 1335 
145874 
146765 
142754 
142807 
142812 
142813 
142717 69 217 1435 812 527 974 1179 1390 
148449 826 291 
142814 45 2266 585 
143857 789 1839 
142760 2895 
143022 1397 879 7 5 920 362 384 805 362 115 
142815 
142706 1172 1946 
147728 
142816 652 
145015 
142827 1086 
142999 319 194 784 602 1148 1165 2351 36 
142833 12 7051 
144588 
142838 181 
142843 596 838 2662 1669 463 
149527 
142753 417 260 
142923 
144641 
142847 2016 1977 69 228 214 644 
148230 
142853 103 3427 
142865 366 1801 20 942 67 1646 
142686 
142856 
142860 
142730 21 2565 272 4272 
144563 4838 
142939 
142873 357 2070 2483 
142746 42 62 
146692 
142893 276 332 5077 91 57 54 
142883 
142884 
142895 
142698 
147828 
143284 467 27 1834 1737 
142888 4643 
150274 
142891 1725 253 2256 138 218 
145326 
144506 
143753 
142851 
142901 1973 1267 
146823 369 
142909 3120 1668 
142720 1703 
142774 113 
142912 
149381 
142913 
142918 5199 14 
142922 
142926 
142929 
142931 2019 89 
142933 
150186 
142934 4289 
142940 
142941 846 260 
142942 
142965 
148240 
142946 2174 18 12 33 34 7 22 25 60 27 61 22 40 2582 19 14 32 
146422 
142947 2192 1375 
142951 
143515 
142955 1770 647 776 1735 164 
145376 1035 
142985 
142957 53 
142962 
142963 1123 1717 1537 
142967 
142969 
142970 
142973 346 
142976 57 
149700 
142977 
142979 1050 2356 1651 35 1738 
144393 
142981 4814 666 
150205 
142982 
142983 
144140 
142993 
143050 
142994 
143004 2558 935 
142892 608 352 891 3536 14 561 4 710 
143005 
143006 2956 
143020 
142696 
143024 
143025 
143026 
143031 3549 
143039 1280 4444 
147520 
142952 
143040 743 774 4778 
143042 
147815 
143043 13 3451 
143045 917 4128 1102 
146698 1651 794 
143058 469 3031 
143060 1260 
142655 
142841 596 
142630 
142637 1304 1151 1 4867 237 
149337 
142640 446 
142643 
142645 
142653 
142646 
142649 448 
147403 
142647 
142648 
145336 537 8 169 145 67 25 27 1057 63 27 316 163 546 918 39 30 4 35 11 21 78 227 
142657 
142652 7407 
142656 
142658 
142588 
144452 
142592 1614 282 
142574 
142573 
147413 
142609 254 7 
145172 774 136 1132 25 395 180 51 29 86 131 1008 
142593 
146683 
142590 
142594 
142617 5 7449 6 
145853 3293 
142583 
143228 96 50 77 335 203 79 721 2953 118 291 41 83 76 7 
142591 
142601 260 2396 3391 
142582 
142612 4231 351 88 
146870 805 2104 
145575 
143002 1879 38 3165 
142587 
142585 
144203 
142595 1614 
142597 501 524 335 1029 4986 
142599 
142606 727 573 1649 2027 285 66 43 153 1227 
142586 1149 463 
148135 
142584 
142613 
142619 
142618 
142621 7449 6 
142623 
150242 
142475 
142399 
148169 
147638 
142451 14 48 9 583 180 675 28 97 435 12 481 18 13 
142401 
147699 
142483 6435 16 52 
142404 
142450 6856 
142493 686 305 42 3550 26 
143761 
142532 252 18 158 
142398 
144456 
143381 
142482 
142425 1232 
142467 51 331 933 213 840 44 453 201 314 64 423 7 271 134 188 174 114 225 479 10 63 5 76 91 112 127 800 198 42 46 158 
142405 
142498 631 176 4146 
144254 
142407 
147663 
144647 
142495 12 291 355 111 82 1960 871 791 2795 
143092 
142528 383 902 
142796 81 1146 196 3325 
142580 1807 
142400 
148360 
142556 
142403 
142424 
142439 
142620 7449 6 
142417 224 48 398 478 6405 
142469 642 7 355 2 309 9 525 240 6 71 2012 238 641 44 6 5 
142427 674 
142510 2914 1558 
142534 2171 918 
142415 1235 
142553 355 2752 3002 
142855 
142418 675 
142429 
143472 
142420 
142421 
143794 
142402 
142449 1356 4763 
145191 3778 703 
142446 
146530 
142423 1233 
142426 224 44 
142538 
142452 1356 
147424 
142422 
142470 349 219 109 286 711 5223 
144018 
142433 
142478 970 3468 2724 
144288 
142440 3630 1227 2155 
142437 281 71 68 58 296 151 6 27 29 376 
145904 231 366 979 1167 175 62 55 359 209 
148457 153 16 
142441 1375 
143051 4 
142443 
145483 2908 5 
147923 
142459 3100 
142448 1817 615 1598 2850 
142430 
142453 
142447 
149332 
142517 
143174 
142454 2687 1589 60 93 
144416 
142457 
142438 46 1537 1247 149 1297 
142462 1422 
142463 696 1282 221 1982 12 6 3 6 19 252 187 378 
145501 
142744 525 2439 
143018 6358 
142468 4178 238 2252 347 
142444 44 670 33 30 56 18 20 14 22 445 236 61 716 3988 
142480 
142472 
149757 
146736 
147308 
142473 
142436 1430 573 1372 448 3287 293 
147662 460 893 
143402 
142485 3131 1105 
142486 2126 2987 
142487 17 746 78 3565 
142461 7324 
142445 969 388 691 827 951 451 81 1869 177 465 28 
142489 16 658 88 79 5605 
145391 1368 
142491 61 1353 
144214 276 13 
142492 
142557 
142499 631 770 
144257 
142501 26 
150156 
142502 797 1859 1168 1241 1549 
148162 
142506 687 305 1375 657 1567 147 414 1095 863 
145688 
142508 269 719 673 1923 
142550 1318 438 2058 136 40 2479 829 
142511 204 286 914 370 1532 176 47 20 89 40 849 440 228 883 224 310 220 
148742 130 14 59 
143483 
142514 
142516 616 
142520 3879 
142529 
146315 114 1028 2088 
147112 
142530 248 466 2342 903 1773 
142533 252 18 45 101 12 3507 1141 282 105 828 118 
147049 
142536 186 69 
142537 5954 18 113 78 605 
142964 5042 
142542 2509 1439 493 2139 
147688 
145696 76 
142546 
142548 692 5711 
142549 754 4259 
142551 
142555 10 624 27 29 44 9 37 125 62 370 
142558 
142564 
145409 
145557 605 1717 83 
142358 
142367 277 
142373 7906 
143570 
142368 
142369 
143009 1645 742 3751 
142365 2397 5503 
142364 1365 955 5235 91 
142366 
142372 
142375 
142376 2105 
142377 
142378 
142379 
142262 49 224 573 27 112 808 606 147 1046 96 22 178 21 396 706 80 444 168 865 543 
146147 286 
142112 
142208 
143788 
142094 61 
142329 2167 341 197 1062 2831 140 84 
142092 774 6 4 611 
142069 
144411 
142103 231 
144088 
142196 73 292 177 419 30 160 522 652 5 325 148 922 1230 297 2299 
148506 
142072 
142187 7 
143968 2278 50 1078 569 1489 
142270 4883 
142310 917 654 289 1032 1807 
148836 
142458 7042 
142076 
142096 2750 12 274 656 130 246 34 273 40 143 277 228 239 529 110 
142186 
142974 1060 15 974 114 625 42 165 769 172 
142083 137 5082 1060 
143534 1300 1776 135 670 359 29 276 330 604 119 
142063 
142071 
142135 
148489 
142209 3216 183 790 322 3066 
145084 
142164 
142339 5834 1406 
145308 20 26 2786 111 
142080 
145346 
142064 
142088 
142079 
146272 1969 872 
142432 
142144 
145785 1671 848 63 51 213 4 62 334 248 311 53 
142654 
142315 
146601 
143954 6367 
142214 
146553 
142328 2613 174 1351 
142055 
142082 44 93 
144644 
142218 
142085 3414 1144 2231 
142078 
142204 3292 2260 
142193 
142300 6077 
142093 
145231 2631 
143672 5 178 5 164 1511 9 41 15 138 35 37 2147 335 764 
142068 
144011 3439 
142177 
142197 4421 1498 639 
142228 
149511 
144740 
142099 23 109 100 
144541 
142170 353 903 18 2036 1652 123 
142101 
142198 
142207 
145614 
142289 
142113 
143511 
142067 
142106 420 188 1361 191 545 403 47 142 4 63 925 331 120 71 175 203 149 9 751 13 26 398 91 305 520 
142295 
142563 339 3623 150 270 2085 
142111 656 55 412 31 3742 
142172 92 3527 933 332 
150185 
147693 1231 
147763 
142116 
144769 5248 
142143 
142127 5851 
142130 
142937 492 368 366 
142205 2323 26 4149 
142133 
142073 
145834 
148716 
142772 5715 
142062 
142282 2764 841 90 457 
142104 
149725 
145862 202 273 373 
142146 180 
142702 
142128 13 27 13 65 13 9 
142134 3867 
142089 
143266 145 1411 
142245 2657 
143986 1230 74 159 24 220 475 39 
142257 5429 
142263 
142217 89 239 65 1416 1563 
142132 6334 663 
142108 
142136 
142174 
142191 1987 832 1684 350 
142142 27 63 77 238 403 40 42 154 284 65 432 459 78 632 29 506 50 301 431 885 615 452 36 9 72 894 5 37 59 83 17 61 
142148 662 445 270 391 903 1201 579 170 25 155 157 432 8 39 7 226 627 481 88 
145959 1370 
142149 131 27 193 25 75 11 195 309 16 53 29 119 50 64 20 227 92 186 44 134 348 365 173 986 444 251 80 82 498 46 105 13 8 9 1 16 4 10 6 243 2 106 490 59 184 47 203 100 232 92 50 12 123 
144404 
142201 
142151 309 1350 1190 3866 444 338 
144602 
142229 
142153 22 
142171 431 13 
142226 
142119 
142271 
144258 
142811 2924 368 9 145 
142276 
144037 1210 
142154 22 146 2087 4248 
146556 
142077 
142156 
142159 7363 
145789 
142213 
142163 59 929 92 526 153 1089 245 297 606 79 515 232 860 114 94 1446 
142074 
142179 111 417 2200 3980 
146946 46 
142117 85 
142273 198 4115 609 
142868 1093 
142182 2709 4854 
144172 
142244 1087 3736 438 
145400 576 
142183 
142741 
142325 1676 
142287 1493 3451 
144618 
142185 50 2635 310 238 29 111 207 193 417 748 106 259 536 74 122 296 570 679 
142173 94 12 7 
148213 1005 
142188 
146495 
142195 712 383 32 1238 243 124 440 211 386 144 335 1022 340 246 1056 737 
142199 1189 73 524 1227 1468 631 605 
142107 
144499 
142206 3150 1406 1188 1924 
142152 40 99 2156 466 455 86 506 666 341 232 847 
142230 7 
142210 499 83 197 48 17 979 1212 169 2533 1148 
148434 121 
147145 
144217 
142766 668 3129 
142211 
142158 366 281 473 167 344 180 301 513 78 2557 249 543 222 14 588 827 
142212 3 988 240 7 254 1666 236 4 
142225 
143044 622 4136 
142227 6188 
149929 
142233 1015 3228 242 
142256 
142234 1537 1132 4477 
142236 
148518 
142139 50 61 43 10 2226 1146 2043 1326 
142241 
142243 
142131 5502 
142102 231 
150227 
142248 
142251 79 3468 405 1541 704 
143027 3431 
142242 16 6083 
142087 
142254 44 1873 724 1574 521 1077 548 
142098 4873 
142284 
142274 1729 280 3646 
142299 
144390 5578 
142260 
148338 
142261 1793 2185 2395 265 381 28 39 
143706 
142265 
142266 2274 
142275 457 458 28 73 59 5455 109 
142277 
143259 
142302 6400 
142984 997 765 86 758 278 1441 302 592 324 
142070 
142278 675 
143413 4768 
143028 
142283 2267 497 242 32 190 216 161 90 871 70 78 814 81 12 70 43 171 1403 
142167 127 33 
142285 972 5769 
142288 224 1630 2225 3 556 
142100 4530 340 1263 187 32 152 372 5 271 187 
142304 
142305 
142308 254 1404 86 10 114 563 269 656 12 225 2207 
142312 864 1966 6 80 275 2432 
142316 
142317 
149162 
143379 
142318 
147396 
142138 28 12 22 49 43 22 6344 50 
142319 
142320 
142321 
142323 
147848 
142324 2108 452 569 3281 826 78 
142335 2374 1027 63 175 435 225 139 60 25 39 10 112 304 85 448 18 1100 83 519 13 25 
142336 
147142 
142338 649 531 745 670 873 3296 
142340 
142490 664 370 
142013 132 752 99 4 675 463 1655 65 1042 435 1565 
142006 1569 1206 5243 222 
146538 1117 721 1432 
142010 1523 2580 3353 82 
142029 
142009 
142033 64 743 395 1898 747 1785 18 1018 
150154 
141982 
141991 2127 135 
141999 2128 133 
142019 2 2545 
142000 
142038 1162 6 1642 326 69 32 185 1592 386 170 23 262 55 41 374 142 202 606 267 
142900 372 220 644 
141992 
142035 
145179 
141994 
141996 
141990 
142015 1836 2214 28 245 161 811 934 37 815 
144305 5391 161 
142012 3990 
141997 1570 1205 5242 219 
143809 
142025 5700 
143661 744 
141998 
148113 
142028 
142018 147 1516 1261 2995 
142044 3249 1628 
147436 
146555 
142046 
142003 
145666 3204 84 
142048 710 4 143 507 453 157 124 21 142 112 804 14 41 32 47 83 40 129 1570 256 627 73 4 115 578 
142004 
142005 
142147 772 8 1528 1829 180 1349 
142017 222 2259 1724 156 873 55 957 
142007 
142023 516 3630 
141987 1660 468 129 
145520 2957 692 
142014 4480 
142002 
142016 
150142 
142114 23 200 
142020 203 17 2327 685 22 192 298 58 829 641 818 62 44 1524 
146377 
141993 
142024 2471 
150257 
148520 
142026 3837 
145238 
143741 
142045 966 2171 309 527 941 771 134 39 113 1776 
144629 11 
142030 
142031 64 1138 1898 747 1295 
144587 
142039 79 5 17 63 509 23 151 59 14 27 210 62 51 45 148 15 245 110 102 305 135 129 26 57 215 164 20 340 901 147 8 358 395 13 329 685 205 806 375 95 149 11 
145924 
142040 85 207 1542 1886 23 1393 2488 
146806 1505 22 
146905 
142041 
146486 
142043 794 
141941 
141953 
141957 
148386 678 
146588 41 541 
142921 7 7 40 248 286 263 510 1257 781 4 1963 1551 
141962 8101 
143387 
141951 
141950 
149801 
142442 2846 452 
141955 415 7685 
144508 488 
142559 
141942 8010 
147793 
141959 
141956 415 271 48 398 478 
141952 
141958 
141960 
148853 497 
141963 411 277 44 
145951 1787 
141922 
143367 
141911 78 424 223 1012 547 566 4958 326 58 89 72 
141920 
141918 
146527 2770 561 
144396 
141905 
141912 8134 
141915 150 1545 
141914 2780 
143952 
141916 
141921 1699 
141858 
143698 
141850 
141869 
141854 
146892 
141865 8053 41 145 
141874 
143273 
141856 
141883 
141851 
146068 3380 220 
141852 
141879 
141857 
141853 
141849 
143935 
141882 
141859 
142060 
141867 
141880 
142115 2338 
141868 
142184 2262 1096 
141873 
141866 
141875 
143415 
141876 
141855 
141886 
141884 
150026 
145813 
142238 3424 
141885 
141878 
145140 
141820 
141830 
141811 
145510 2302 
141826 
143746 
141803 
141828 600 
143795 6092 
141804 2300 
141823 
141813 
145103 
144593 
141817 602 
150231 
141821 
141809 554 1197 43 6363 
141810 251 2409 497 5044 
141812 
141824 
141814 
141815 
145639 
141816 
145337 557 120 2398 951 111 123 
143834 
141818 820 7411 
141822 
141825 176 
147702 1 778 693 
142036 
141827 
141829 
141681 361 422 57 315 53 5 262 720 670 85 932 122 78 430 385 236 49 38 390 63 175 185 378 678 101 14 59 58 21 292 67 354 
141693 391 6 19 51 30 31 320 63 167 146 222 342 274 2 402 139 249 479 19 148 178 80 99 53 62 49 31 308 367 93 26 25 55 9 78 26 446 20 19 37 146 68 33 145 64 47 84 76 94 46 1028 613 98 6 66 26 
141777 250 408 170 619 549 522 960 93 60 63 517 199 18 528 244 12 98 159 212 11 243 251 51 415 559 109 144 267 
143236 3236 
141751 1147 2813 259 655 868 1914 
141768 735 659 87 2467 
141657 
141789 
141773 19 5935 749 692 
141691 395 2807 744 447 1098 654 
148460 314 
141701 84 691 18 49 11 236 28 40 248 22 22 42 27 23 64 43 42 65 7 58 162 4 
141709 587 223 312 93 766 2 380 1122 351 141 18 140 603 324 157 126 287 640 12 167 27 160 112 16 127 194 318 53 80 419 
141671 3305 
141689 416 1134 2531 
141674 
143775 116 2440 
141780 
141663 285 1 39 593 1535 
141738 1461 1103 2522 1915 
148130 
142862 92 188 665 51 30 5055 
141766 
143455 
141747 749 1357 1929 1013 622 207 237 393 679 849 
148101 
141666 
141667 
141677 242 42 
147586 224 438 1093 
141706 
141673 
141676 
141708 516 336 1415 3894 366 1430 
145188 4630 
142121 
141793 479 2540 871 478 432 376 4 405 362 158 81 12 32 1803 
141719 4655 679 2041 
146041 170 
143903 
142616 
141713 2173 538 118 314 1389 210 1400 300 79 346 
141678 3307 
146868 
141668 249 149 7985 216 
144989 
141697 4098 1052 1305 231 1189 
141710 
144733 
141720 4 1551 
141685 
141690 420 51 542 807 781 1132 39 816 4 133 31 1455 1306 210 
143372 
141675 400 7985 217 
141682 
142431 
141694 1335 2609 1528 
147830 
143237 
141790 
141670 243 41 8099 
141683 16 85 
148238 
143578 
143528 5013 
141723 751 35 22 9 255 72 8 41 564 6 2981 
145040 2850 59 
141750 497 1633 1321 5 43 27 653 134 192 22 13 39 7 70 8 151 143 36 12 245 46 25 27 55 1 146 217 274 297 182 523 57 355 21 131 82 65 83 19 50 
141686 
141755 
141763 7536 
141688 1242 308 2531 
141704 58 
141692 774 677 171 489 481 6 315 1020 943 45 134 341 2010 13 
141687 
146552 56 818 
141740 
141695 81 
141698 909 1084 1795 219 686 9 1269 1114 
142456 
141722 45 2322 239 1083 1518 2525 
141700 5560 
141702 448 131 20 12 439 296 3033 17 22 519 61 1121 237 267 47 339 165 136 15 300 228 
141707 1690 100 3242 78 194 4 24 29 42 1968 700 36 
145925 1626 
141711 21 2429 
141712 21 2429 
141716 1664 
141672 
148544 
141796 6712 854 
141743 
145154 
141754 2402 4765 
141745 974 459 313 
147086 
141714 1109 304 787 
141715 
141752 282 580 285 
141775 441 36 644 1129 3958 229 1036 185 194 
141717 2725 551 
141684 62 
141748 
141718 314 5 2392 2177 
141669 
147603 
141877 
141734 832 843 2452 351 1250 580 1717 38 
145695 2769 692 
146125 
141721 
141725 6 7180 8 
143700 
141769 
141726 753 424 6017 
148154 
141783 5970 1571 
143489 
141727 1179 502 652 97 1492 2820 59 95 630 140 
141728 396 357 643 212 99 42 236 929 103 1870 620 967 
149377 
146737 38 1256 
141771 6713 
142608 
141729 4097 1646 2178 
141756 2311 
141741 5670 
141730 5655 1524 
141680 
141735 5171 1172 787 16 
141736 444 575 21 53 335 112 740 67 840 932 108 738 144 1592 515 868 
141705 5638 
141737 1397 2100 1075 3045 
148775 
141739 1483 1566 472 482 255 202 53 1110 238 224 86 364 409 257 9 352 20 
141744 5193 
143428 
141665 
143012 1280 456 521 199 2024 
142129 3373 1530 
141749 728 38 367 1177 645 706 42 127 594 707 180 535 137 563 39 348 316 127 457 221 
143770 
141753 6461 
147372 
141757 967 2520 217 241 619 544 16 42 1152 907 
147332 
141758 399 96 4224 418 348 767 816 
142406 
141759 5744 
141995 594 
141760 7668 
141764 1006 115 47 6 235 258 240 8 206 38 3013 
146804 
146534 
141765 532 4785 1098 776 413 
141770 12 1128 383 
145285 44 44 2098 654 
141772 
147022 
141774 1629 1464 
141778 2948 
141779 824 1292 825 198 303 177 488 69 527 27 66 74 20 584 153 445 404 223 19 192 276 205 248 
141781 961 15 18 51 171 112 35 21 198 21 41 
146887 
141786 
141788 
141791 4688 683 
141794 217 2654 670 10 403 386 285 26 1361 446 343 
141795 8270 
145078 
141641 192 56 36 41 376 40 279 401 477 43 44 597 142 5337 200 33 48 98 45 43 42 76 44 
141617 
141603 52 146 46 56 36 41 73 303 40 175 57 47 401 477 43 44 80 101 110 169 86 51 96 46 83 112 101 78 206 4990 48 40 58 45 43 72 46 
144486 
143699 
141646 192 56 36 41 376 40 279 401 477 43 44 597 142 1019 4318 200 33 48 98 45 43 42 76 44 
142047 2032 2881 921 416 682 389 
141605 
141649 192 56 36 41 376 40 279 401 477 43 44 597 142 1460 1248 10 983 1636 200 33 48 98 45 43 42 76 44 
142120 
141620 252 1740 337 
144591 
141606 52 147 55 46 37 40 73 303 49 167 56 48 400 477 43 44 81 100 112 175 79 50 96 46 83 112 102 77 206 96 29 4627 199 41 51 35 58 45 44 72 45 
141638 7405 
141609 52 147 55 46 37 40 73 303 49 167 56 48 400 477 43 44 81 100 112 175 79 50 96 46 83 112 102 283 125 4627 199 41 51 35 58 45 44 72 45 
143312 
141604 52 146 46 56 36 41 73 303 40 175 57 47 401 477 43 44 80 101 110 169 86 51 96 46 83 112 101 78 206 4990 48 40 58 45 43 72 46 
142091 
141639 
141611 1073 878 555 128 96 5807 161 
148303 
144801 3976 
141602 52 146 46 56 36 41 73 303 40 175 57 47 401 477 43 44 80 101 110 169 86 51 96 46 83 112 101 78 206 4990 48 40 58 45 43 44 28 46 
148576 
142255 2367 1834 72 2507 
141608 52 147 55 46 37 40 73 303 49 167 56 48 400 477 43 44 81 10 90 112 175 79 50 96 46 83 7 105 102 77 206 96 29 4627 199 41 51 35 58 45 44 72 45 
144473 
141629 50 152 56 36 41 44 73 299 54 164 61 42 402 477 44 39 84 101 110 175 80 49 101 44 82 110 103 80 206 95 29 4623 198 48 51 32 60 43 42 76 44 
141600 52 146 46 56 36 41 73 303 40 175 57 47 401 477 43 44 80 101 110 169 86 51 96 46 83 112 101 78 206 4990 48 40 58 45 43 42 30 46 
145574 3467 
144527 
141614 205 51 546 223 975 37 597 517 205 98 4853 92 35 2 221 
141599 52 146 46 56 36 41 73 303 40 175 57 47 401 477 43 44 80 101 110 169 86 51 96 46 83 112 101 78 206 4990 48 40 58 45 43 42 30 46 
150203 
141621 
141619 252 1740 337 
141650 192 56 36 41 376 40 279 401 477 43 44 597 142 5337 200 33 48 98 45 43 42 76 44 
141696 1621 3601 514 1806 320 
141626 
146332 
145910 
141615 2328 
141642 192 56 36 41 376 40 279 401 477 43 44 597 142 5337 200 33 48 98 45 43 42 76 44 
148571 
141618 
147262 
148534 
144036 
141622 
145007 
141637 385 1673 3509 
146191 
141640 192 56 36 41 376 40 279 401 477 43 44 597 142 5337 200 33 48 98 45 43 42 76 44 
148433 829 229 
141616 
149744 50 
141612 802 
143201 
141607 52 147 55 46 37 40 73 303 49 167 56 48 400 477 43 44 81 100 112 175 79 50 96 46 83 112 102 77 206 96 29 4627 7 192 41 51 35 58 45 44 42 30 45 
148903 
144908 
141623 2328 
141664 1985 1416 
141625 
141624 
141636 
149135 
141632 865 469 32 9 
147352 
143926 
142162 987 130 69 110 55 1950 
141627 254 715 1025 335 
141628 
141630 157 
149004 
141613 
141631 
144785 4465 
141633 
141634 69 58 1993 2707 61 181 530 156 2422 
149559 
141643 192 56 36 41 376 40 279 401 477 43 44 597 142 2746 267 406 3 1915 200 33 48 98 45 43 42 76 44 
141601 52 146 46 56 36 41 73 303 40 175 57 47 401 477 43 44 80 101 110 169 86 51 96 46 83 112 101 78 206 4990 48 40 58 45 43 42 30 46 
141635 5751 
141644 192 56 36 41 376 40 70 89 120 261 140 71 184 222 43 44 295 302 75 67 519 127 2 179 322 128 556 42 736 241 392 35 200 172 1686 93 26 81 33 48 98 45 43 42 76 44 
141610 52 202 46 37 465 167 56 1093 100 112 254 146 46 83 112 102 77 206 4951 41 51 35 58 45 44 72 45 
141645 192 56 36 41 376 40 279 401 154 125 198 43 44 597 142 193 41 1010 372 334 316 254 146 96 345 766 145 649 453 15 5 197 200 33 48 98 45 43 42 76 44 
144476 
141647 95 97 56 36 41 376 40 279 401 273 76 128 43 44 597 142 5337 120 80 33 48 98 45 43 42 76 44 
141648 192 56 36 41 376 40 279 133 23 10 235 477 43 44 597 142 843 12 2260 2222 200 33 48 98 45 43 42 76 44 
===Document Endings===
[www.bloomberg.com/news/articles/2017-02-23/alphabet-s-waymo-sues-uber-for-stealing-self-driving-patents, 141651, 52]
[www.bloomberg.com/news/articles/2017-04-26/private-equity-weighs-a-nuclear-option-westinghouse-electric, 141797, 146]
[www.bloomberg.com/news/articles/2016-09-19/ford-fires-back-at-trump-citing-booming-u-s-big-truck-output, 141843, 46]
[www.bloomberg.com/news/articles/2017-01-30/fight-over-tesla-s-self-driving-pro-shows-talent-war-escalating, 141899, 56]
[www.bloomberg.com/news/articles/2017-03-29/westinghouse-shifts-from-building-to-dismantling-as-nuclear-dies, 141935, 36]
[www.bloomberg.com/news/articles/2017-04-04/apollo-gains-on-wall-street-with-westinghouse-bankruptcy-loan, 141976, 41]
[www.bloomberg.com/news/articles/2018-04-03/asian-stocks-set-to-climb-treasuries-yen-tumble-markets-wrap, 142049, 73]
[www.bloomberg.com/news/articles/2011-09-18/siemens-stops-building-nuclear-reactors-as-germany-pulls-atomic-power-plug, 142352, 303]
[www.bloomberg.com/news/articles/2016-05-20/sunedison-reaches-agreement-with-creditors-on-bankruptcy-loan, 142392, 40]
[www.bloomberg.com/news/articles/2017-03-23/why-america-s-auto-debt-boom-fuels-bubble-talk-quicktake-q-a, 142567, 175]
[www.bloomberg.com/news/articles/2017-08-04/toyota-joins-honda-in-raising-profit-forecasts-on-weaker-yen, 142624, 57]
[www.bloomberg.com/news/articles/2017-03-10/u-s-subprime-auto-loan-losses-reach-highest-level-since-crisis, 142671, 47]
[www.bloomberg.com/news/articles/2015-02-24/justice-department-probing-auto-loan-securitization-yates-says, 143072, 401]
[www.bloomberg.com/news/articles/2015-06-24/subprime-auto-loans-stretched-to-seven-years-stoke-debt-concern, 143549, 477]
[www.bloomberg.com/news/articles/2016-06-02/dimon-says-auto-loan-market-stressed-sees-pain-for-some-banks, 143592, 43]
[www.bloomberg.com/news/articles/2016-06-21/bmw-seeks-partners-in-race-to-build-self-driving-car-s-brain, 143636, 44]
[www.bloomberg.com/news/articles/2018-03-26/america-s-libor-replacement-is-ready-for-its-debut-quicktake, 143716, 80]
[www.bloomberg.com/news/articles/2017-05-11/nissan-predicts-surprise-drop-in-profit-with-new-ceo-at-helm, 143817, 101]
[www.bloomberg.com/news/articles/2017-07-27/libor-to-end-in-2021-as-fca-says-bank-benchmark-is-untenable-j5m5fepe, 143927, 110]
[www.bloomberg.com/news/articles/2017-10-31/waymo-really-close-to-putting-customers-in-self-driving-cars, 144096, 169]
[www.bloomberg.com/news/articles/2018-04-02/stocks-lose-critical-buyer-at-worst-time-as-selloff-picks-up, 144182, 86]
[www.bloomberg.com/news/articles/2017-03-22/tencent-profit-misses-estimates-amid-surging-operating-costs, 144233, 51]
[www.bloomberg.com/news/articles/2018-02-14/goldman-s-buyback-desk-was-deluged-with-orders-as-stocks-plunged, 144329, 96]
[www.bloomberg.com/news/articles/2017-02-06/china-kindle-store-rival-said-to-seek-banks-for-500-million-ipo, 144375, 46]
[www.bloomberg.com/news/articles/2017-08-28/amazon-cuts-prices-at-whole-foods-as-much-as-50-on-first-day, 144458, 83]
[www.bloomberg.com/news/articles/2017-09-28/china-to-start-new-energy-vehicle-production-quota-from-2019, 144570, 112]
[www.bloomberg.com/news/articles/2017-06-13/don-t-freak-out-but-wal-mart-just-created-a-designer-cantaloupe, 144671, 101]
[www.bloomberg.com/news/articles/2017-05-25/amazon-opens-grocery-pick-up-kiosks-in-seattle-in-shopping-shift, 144749, 78]
[www.bloomberg.com/news/features/2017-03-20/inside-amazon-s-battle-to-break-into-the-800-billion-grocery-market, 144955, 206]
[www.bloomberg.com/news/articles/2017-09-14/gm-s-record-deliveries-in-china-mask-muted-electric-car-sales, 145056, 101]
[www.bloomberg.com/news/photo-essays/2015-11-26/inside-amazon-s-giant-warehouse-that-makes-black-friday-palatable, 145084, 28]
[www.bloomberg.com/news/articles/2013-10-10/jeff-bezos-and-the-age-of-amazon-excerpt-from-the-everything-store-by-brad-stone, 149712, 4628]
[www.bloomberg.com/news/articles/2015-03-31/amazon-com-unveils-dash-button-for-when-you-need-detergent-now, 149912, 200]
[www.bloomberg.com/news/articles/2017-01-05/amazon-s-brick-and-mortar-bookstore-is-coming-soon-to-manhattan, 149945, 33]
[www.bloomberg.com/news/articles/2017-01-10/china-car-sales-rise-16-in-2016-on-tax-cut-for-smaller-autos, 149993, 48]
[www.bloomberg.com/news/articles/2017-05-09/apple-s-market-value-passes-800-billion-after-33-rally-chart, 150033, 40]
[www.bloomberg.com/news/articles/2017-03-29/toshiba-s-u-s-nuclear-unit-westinghouse-files-for-bankruptcy, 150091, 58]
[www.bloomberg.com/news/articles/2017-03-01/toshiba-said-to-seek-bids-for-chip-unit-at-13-billion-valuation-izqbd573, 150136, 45]
[www.bloomberg.com/news/articles/2017-02-17/toshiba-memory-chip-unit-is-alluring-target-but-not-an-easy-sell, 150179, 43]
[www.bloomberg.com/news/articles/2017-03-17/toshiba-said-to-attract-10-potential-bidders-for-chips-business, 150221, 42]
[www.statista.com/statistics/275886/market-share-held-by-leading-nand-flash-memory-manufacturers-worldwide/, 150251, 30]
[www.bloomberg.com/news/articles/2017-03-20/toshiba-nuclear-woes-has-moody-s-warning-of-scana-credit-risks, 150297, 46]
[www.bloomberg.com/news/articles/2017-02-15/toshiba-puts-prized-chips-unit-up-for-sale-to-salvage-business, 150341, 44]
