===STATS===
unique words: 3161
number words: 11082
number docs: 22
===========
813481 
813687 
813400 
813542 
813428 
813410 
813871 60 
813517 
813415 
813817 1 1 1 1 
813499 
813427 
813803 42 
813469 97 
813396 
813721 
813486 
813434 21 23 25 5 496 
813420 
813802 
813535 
813468 
813919 
813534 
813413 
813399 
813457 
813398 
813429 
813464 
813480 
813669 
813494 
813487 
813450 
813791 
813500 
813501 
813600 
813805 
813580 
813694 
813412 
813553 
813442 4 81 43 
813496 
813557 
813563 
813488 
813762 
813578 
813603 
813994 
813423 
813460 5 56 23 
813426 
813417 
813606 
813447 
813591 
813407 
813526 
813452 
813439 
813888 
813662 
813985 
813673 
813810 
813750 
813424 
813679 
813681 
813579 
813688 
813689 
813699 
813701 
813705 
813719 180 
813917 
813726 
813392 
813742 5 
813454 
813577 
813764 
813766 
813792 
813807 
813416 
813856 
813612 
813552 
813833 
813753 
813850 
813859 
813869 
813418 
813873 25 
813889 
813915 
813932 
813771 
813996 
813778 
813435 21 23 30 19 58 74 85 37 97 126 5 
813949 
813969 
814002 
813837 
812853 
812828 
812981 
812869 
812916 
812843 
812840 
812883 358 
812852 
812831 
813000 
813174 
812856 
812857 
812835 
812859 
812860 
812850 
812877 5 14 145 
812987 211 55 
812866 
812865 
813100 
812836 
812970 143 
812924 455 
812876 5 159 
812871 141 
812872 30 111 73 21 
812858 
812864 
812851 
812875 22 145 
813300 
812837 
812969 
812885 
813333 
813359 
813058 80 
812932 71 13 
812844 
813303 
812905 130 338 
812942 
812867 
812954 
812955 
812939 
812966 
812967 144 270 
812968 144 89 9 66 106 
812839 
812974 
812982 287 
812830 
812855 
813021 
813023 
812915 150 
813024 135 3 
813031 
813032 1 16 5 83 
813074 129 
812854 
813051 
813055 
813068 
813078 
813119 
813142 
813175 
813146 
813160 
813168 
813178 
813182 
813193 
813229 
813239 
813271 
813298 415 
813323 
812250 
812298 73 332 
812252 
812499 
812268 
812253 
812265 
812289 
812276 
812264 
812247 
812267 
812269 
812275 
812273 
812391 
812643 37 
812255 
812654 
812400 
812281 14 114 24 39 
812360 
812747 
812261 
812465 
812263 
812299 73 332 
812290 61 68 17 
812790 5 
812727 
812319 
812266 
812677 
812294 20 143 
813281 
812254 
812260 
812326 
812661 
812672 
812363 222 57 57 42 22 
812488 
812325 
812343 
812302 
812557 620 
812347 
812605 
812759 
812438 
812384 
812395 
812393 
812617 
812408 1160 
812458 782 
812280 
812424 
812601 
812282 120 364 
812478 
812781 
812487 
812489 
812497 
812251 
812531 
812534 
812538 
812546 117 11 
812562 
812576 1168 
812582 7 
812627 105 
812659 
812678 
812684 
812685 25 13 
812688 
812695 
812714 
812719 
812726 
812728 
812737 
812749 
812750 
812752 
812753 
812754 
812756 
812764 
811824 
811645 
811597 
812146 216 106 
811556 
811589 
811590 
811563 
812105 
811673 
811600 
811620 219 783 
811616 231 673 
811566 
811565 
811560 
811885 
811598 
811930 
812220 3 3 
812175 
811738 
811672 2174 
812329 
811659 
811678 
812075 981 
811684 1211 
811706 
811685 
812168 
811641 
811564 
811735 
812140 
811705 
811756 
811707 
811711 
811912 
811727 
812042 528 455 
812082 21 12 
811579 
812167 378 103 
811760 164 
811635 
811741 
812164 
812148 652 
811737 
811744 1748 
811745 
811748 
811844 35 
812218 
811574 688 
811785 
811581 
811718 
811806 198 31 4 
811817 
811723 3 
811841 
811692 39 44 408 
812110 
811850 
811870 
811783 
811882 
811886 
812037 
811906 221 
812043 
811920 
811925 249 
811835 3 312 331 
811575 
811937 776 
811877 
811965 
811992 
811986 
811649 
812006 
812203 
812054 
812083 
812084 
812087 
812123 
812059 
811587 
812169 
811941 
811148 
811216 925 
811405 30 
811183 
811346 
811516 2459 
811159 
811150 
811167 
811188 22 18 52 
811169 
811360 
811178 
811175 
811152 
811232 
811176 410 
811179 405 
811187 92 
811532 
811172 405 
811171 405 
811154 
811304 
811200 
811206 933 
811429 
811155 
811347 272 526 
811509 346 53 10 1400 
811149 
811168 410 
811243 
811190 
811180 405 
811393 
811153 
811291 
811406 
811156 405 
811414 
811297 800 
811306 459 38 
811314 
811868 
811341 83 
811354 
811482 
811201 1099 73 332 
811339 23 
811404 
811413 
811157 
811181 
811199 
811445 649 
811455 70 318 120 12 749 
811460 
811490 
811468 
811471 
811486 643 540 
811498 
811518 
810801 
810905 
810445 
810911 
810946 2223 
810447 
810469 
810461 
810456 
810458 
812157 171 
810662 
810463 
810467 
810468 2957 
810614 3122 227 
810756 196 
810442 
810572 
810466 
813409 
810459 2955 
810448 
810533 
810993 
811023 2572 4 
810462 
810520 
811031 
810536 
810509 493 
810486 1214 
810564 
810942 
810585 106 
810503 43 544 
810515 
810446 
811050 
810455 
810443 2954 
810602 
810916 4 
811085 
810561 
810594 
813395 
810797 
810743 
811054 268 1012 
810840 
810528 
810613 
810470 
810609 
810460 
810890 35 64 
810593 
810601 
810537 557 
810618 18 
810923 64 
810785 
810502 43 544 
810504 36 7 10 73 68 19 59 46 30 8 57 79 23 72 9 
810444 
810632 
810639 
810508 17 14 309 147 97 
810654 
810659 
810666 3122 
810588 
810485 
810678 
810574 
810471 
810484 
810683 
810512 
810793 
810982 
810798 
810728 
810731 209 
810733 
810767 
810735 742 444 
810736 
811702 
810596 2591 
810758 2945 
810789 
810968 
810820 21 
810807 
810812 
810457 
810930 
810816 
810779 
810494 
810885 2916 
810837 
810843 
810850 
810875 834 
810884 
812274 
810898 
810899 
810906 
810929 
810945 
810953 2856 
810441 
810959 12 3 
810604 
810645 
811037 
810499 79 905 
811000 
811004 
811028 
811035 248 679 
811058 
811060 
811066 4 
811076 
810522 
811036 
809990 
810080 
809992 457 
810243 
810338 541 
810002 
810000 
810049 2567 
810004 
809991 
810125 45 5 12 11 23 20 92 
809999 
810005 
810132 3203 
810015 459 
810006 459 
810008 
810009 
810034 68 192 65 
810035 68 18 174 6 40 19 
810010 
809985 
810108 
810124 
810362 
809988 
810159 46 18 103 
809986 
810085 
810043 1926 
810030 3927 
810054 10 5 282 35 
810369 
810012 
809987 
810033 
810037 57 134 11 129 
810153 
810258 
810039 116 
810024 339 3292 
810100 14 
810768 1585 183 
809984 
810014 
810055 15 12 22 25 77 4 54 32 69 22 7 
810242 92 
810011 
810089 
810061 86 242 
810001 
810063 23 
810244 
810065 7 
810022 6 99 256 
810101 14 
810105 
810107 
810109 
810154 
810140 
810306 3542 5 
810149 
810196 
810156 
810079 
810231 136 
810047 48 204 18 7 15 
809998 
812959 
810177 
810117 199 
810200 
810201 
810202 
810204 
811588 
810305 
810003 
810222 
810229 
810189 
810319 
810235 3577 
810254 6 400 
810256 227 
810269 
810273 
810298 
810309 
810311 
810312 2727 105 
810314 
810332 
810349 1485 73 221 918 
810352 3236 36 
809589 
809559 
812376 
809565 
809709 
809569 
809593 
809566 
809663 12 
809582 
809570 
809580 
809590 
809583 
809592 
809585 
809564 
809662 
809571 
809771 2391 
809600 
809587 
809688 13 110 1517 52 552 224 504 505 
809914 
809649 47 132 112 
809599 
809584 
809568 
809806 
809595 
809606 53 129 
809779 
809609 28 2 50 13 38 27 9 15 9 7 16 10 
809610 419 
809572 
809661 
809622 19 26 15 43 49 81 
809625 27 
809598 
809597 
809636 130 
809640 33 5 30 41 21 8 19 16 30 6 53 57 
809645 
809560 
809812 
809650 3737 
809821 
809586 
809752 
809660 
809594 
809871 
809880 
809679 
809805 
809697 132 113 
809699 7 16 15 21 186 24 
813421 
809868 25 
809707 2382 
809719 
809865 74 177 194 3 2 
809567 
809717 2212 
809716 
809703 
809817 
809721 
809724 
809728 
809735 
809596 
813825 
809802 
809745 1490 
809698 245 
809786 
809763 
809764 2563 
809978 
809588 
809784 
809792 54 
809793 
809794 53 
809799 33 
809820 
809803 
809604 29 105 137 
809816 
809825 
809827 
809836 
809850 
809862 656 
809864 48 
809873 
809879 
809883 
809887 
809888 3824 
809885 1037 63 
809897 
809901 151 
809913 9 216 
809921 
809927 
809924 
809933 
809515 
809493 11 74 1995 
811580 
809518 
809494 6 5 74 
809499 
809509 
809514 
809495 
809516 
809524 
809304 
808945 
808970 
809412 
809162 
809014 35 
809202 
808957 
809141 490 
812956 
809007 
809102 
809019 
808939 
808967 
808943 
809321 
808981 399 21 
808946 
808965 
809179 
809073 3718 
809236 
808987 
808978 151 34 
809176 1801 2661 
808969 
808979 
809371 3665 
808977 22 7 23 30 60 15 44 26 49 36 96 20 16 6 
809394 1645 2968 
808960 
810472 
808940 
808942 
809022 912 
809074 
809030 
808955 
809316 1006 
809170 
808990 11 16 35 80 20 91 41 88 20 33 14 
808962 
809891 27 18 10 
808991 
808993 203 
809013 35 
808994 2202 2737 58 
809054 
809334 3908 
808947 
809264 
809045 
808964 
809008 
809513 
809009 
808971 
809010 
808966 
809037 262 
809011 
809109 
809012 316 69 
808996 
809043 
808941 
809038 178 21 2 103 15 1598 
809186 
809064 
809378 
808959 
809025 
809018 
809026 
808954 
808968 
809410 1161 361 
808953 
809208 
809033 197 
809034 
808956 
808984 
809039 72 224 
809044 2943 
809053 
809143 
809056 
809078 
809057 
809358 1165 
809062 
809181 
809068 1959 
809071 
809075 
809101 
809077 
808989 11 438 
809080 
809379 
809083 
809046 
808980 1062 
809246 22 
809089 25 7 24 
809020 1655 
809100 2695 
809343 
809106 
809375 8 10 20 15 
809115 
809151 
809116 
809117 
809207 
809220 
809136 
809066 
809147 1750 
809069 
809149 4721 60 
808944 
809158 
811249 
809160 1047 6 36 
809352 522 
809164 
809093 3 7 
808961 
809047 14 
809167 
809171 149 1710 
812246 
808958 
809172 
809174 
809175 
811262 944 
809180 
809184 
809185 
809229 
809189 
809402 
809192 
809197 17 115 
809205 
809212 
809213 
809278 3404 24 15 
809231 
809247 22 
809282 2362 
809254 
809406 
809262 
809322 
809265 10 16 
809267 42 
809398 
809271 2 
809285 
809286 
809292 
809293 
809303 
809305 
809307 
809432 
809315 
809319 
809323 
809324 
809395 
809333 
809338 
809353 
809363 
809373 27 
809374 8 
809377 4596 
809381 
809407 
809411 
809419 
809426 
810640 117 
808691 
808687 
808824 
808788 
808777 
808675 
808915 
811558 690 
808677 
808695 
808812 
808670 
808852 
808679 
808690 
808692 
808674 
808693 
808795 3632 
808741 
808696 
808705 
808700 
808701 
808712 
808698 
808733 
808742 
808719 3829 
808724 
808748 
808753 
808918 
810915 4 
808708 
808840 
808755 
808731 
808735 
808787 
808754 270 
808667 
808694 
808825 
808737 
808721 
808707 
808792 
808746 
808702 
808725 
808704 
808669 
808928 
810563 
808749 
808764 
808854 6 
812308 
808772 
808689 
808773 
808816 2 
808738 27 40 
808873 
808803 2175 
808711 
808793 1274 1 1565 34 2159 
808796 3630 592 
811582 
808905 
808804 
808935 
811952 
808806 
808817 2 415 
808726 
808828 
808829 
808837 
808839 
808703 
808744 6 63 
808842 
808678 
808676 
808914 
808680 
808853 
808859 
808862 
808699 
808681 
808880 2879 
808881 
808892 8 1337 44 694 19 675 
808782 
808903 
808927 
808929 
808933 
808934 
807810 
808121 
808487 
808024 
807988 67 100 69 96 7 166 
807898 91 5115 
807806 
807966 459 303 4181 
808202 
807904 75 335 99 78 35 
807998 
812500 1344 
807831 3351 
808260 
812802 
807804 
807954 
807800 
807879 
807801 
808007 23 50 7 308 11 
807805 3353 
808101 
807833 
808246 
808017 
807843 
807836 
807859 82 
807848 62 5 34 26 9 44 15 209 2 29 20 29 29 31 6 125 16 43 25 
807822 3352 
808461 606 
807871 
807827 
807863 9 1917 1735 620 5 
807807 
807823 
808253 
813987 
808146 
807868 17 16 36 
807877 
807798 
807832 
808058 2553 185 3 2878 5 
807812 
807851 232 173 
808010 1622 3278 
808475 
807936 
807892 
808455 100 4 580 490 2325 44 3 19 11 875 378 22 
807894 26 51 41 21 28 176 8 25 20 1 14 68 21 56 22 9 
807895 79 37 538 
807980 
807897 
807874 
808025 28 
807934 
807862 
808233 
807911 
807899 65 256 820 72 224 
808003 
807916 339 49 89 
807907 92 82 256 104 43 34 94 
807919 419 32 236 16 31 
808035 480 5240 
808264 78 2479 57 8 
807924 4984 195 
807929 
807829 
807811 
807931 
807930 961 403 
807935 160 118 26 
807826 
807824 
808317 4222 
808552 
808015 
808021 
807950 
807917 
807828 
807903 41 17 66 189 241 76 
807963 
807965 81 1059 1272 2843 
808243 8 3676 
807969 
808064 
807976 292 
807978 568 
807820 
808156 
807985 
807912 102 54 241 32 73 91 30 26 11 2 2 23 2 
807994 235 3 312 52 
807946 
807878 212 345 
807997 356 
808001 
808004 
808116 15 2512 1533 
808380 116 
808308 180 34 4005 215 
807844 
808032 448 
808040 
808618 
808311 
808575 3223 
808143 
808178 
808000 36 8 29 21 207 14 40 14 30 8 4 31 12 8 16 11 35 30 4 47 15 
807809 
808054 419 1798 
807982 
808041 
808022 
808247 1129 1507 
808144 
808184 
808077 
807835 
808079 317 34 6 33 51 83 30 
808166 2743 
808200 2547 729 
808084 
808326 
807837 
808351 2381 
808093 
808105 1421 
808106 
808234 
808120 1067 658 1093 
808623 
808387 
808321 7 
807888 
808037 37 334 
808602 
808267 77 19 
808460 8 
810526 177 
808386 
808162 
808089 
808177 3272 219 142 1077 
808180 
807830 
807838 
808197 
808199 2660 1477 
807932 3788 1729 
808222 
808223 
808225 
808227 1491 
808145 
808230 
808248 
808266 
807821 
808410 
809690 2064 
807908 452 125 128 
808285 2912 2000 404 
808318 
808297 
808319 
808052 122 
808330 
808323 
808340 
808403 1340 
807923 
812656 
808354 
808390 4715 
808426 5290 
808433 
813863 
808445 
808458 
808464 
808483 
808492 2876 1213 7 
808501 
808510 
808511 
808536 1504 96 45 28 79 4 72 14 3278 
808543 
808551 4515 133 22 
808597 
808600 
808609 5040 
808621 
808639 
808640 
808641 
808643 4256 
808644 3905 
808646 3501 
808649 
808656 
808659 
807679 
807680 3644 
807781 3763 690 577 
807596 
807400 
807371 
807374 
807451 
807410 3775 408 685 
807676 1594 2534 355 12 
807736 
807379 6015 
807391 
807769 1518 
807402 
807779 3763 690 577 
807447 4079 86 
807682 
807588 736 4040 
807731 2998 
807589 
807489 68 1717 
807377 1296 890 
807431 87 
807392 
807396 
807525 
807555 
807381 427 
807654 
807732 2998 2411 
810007 
807399 
807604 
807444 
807382 
807456 1351 1707 
807408 
808778 536 665 662 38 208 735 38 2114 
807404 
807645 2505 154 41 271 1386 38 20 
807406 
807418 
807395 6016 
807415 102 12 8 2 12 28 96 16 4647 8 195 92 5 
807737 4661 1540 
807416 95 
807397 428 
807384 
807403 5465 554 
807422 4267 
807380 
807427 2388 2229 562 705 50 
807653 933 
807373 
807466 3342 
807695 
807627 
807787 3763 690 577 
807407 
807432 87 
807426 
807687 
807701 
807593 
807438 545 1704 218 
807563 547 1078 
807788 3763 690 577 
807491 
807458 4965 955 
807543 
807468 
807469 30 16 
807472 588 3379 31 
810119 
807433 87 226 16 
807446 
807647 4988 6 
807494 4 3255 613 858 374 
807495 207 
807854 287 874 35 
807842 
807607 
807763 1006 117 4142 
807536 
807388 3775 408 688 
807778 3763 690 577 
807576 59 435 209 221 262 2664 1811 
807594 
807697 954 
807558 
807608 
807689 
807567 
809104 
807585 1664 1281 468 
807587 
807394 
807590 
807609 
807610 
807648 
807776 3763 690 577 
807619 
807621 
807622 
807623 60 594 
807721 
808771 9 
807644 
807646 
807655 730 35 2832 942 
807749 4287 
807661 
807671 1059 
807711 
807719 9 
807720 
807722 2444 1525 
807742 
807759 
807770 
807775 3763 690 577 
807777 3763 690 577 
807782 3763 690 577 
807784 3763 690 577 
807785 3763 690 577 
813868 
807786 3763 690 577 
806969 4873 93 469 
807013 40 9 
806866 
806905 
807133 
807182 6516 
806816 
806914 3575 
807181 72 
806814 
807244 2469 
806828 
806829 
807106 2 
807199 
807040 
807041 
806838 
806832 
806827 
806824 
807063 5652 
806836 
806844 
806830 
806811 
807184 952 2658 
806809 
807900 
806900 2102 1069 
806971 
806808 9 
806860 1127 569 599 4580 
806826 9 
806945 1857 
806895 53 109 1236 151 856 
807029 
806909 
806871 411 
806812 
806872 
806873 30 38 64 122 149 
807095 18 18 
808312 2518 
807307 
807261 
806968 
806807 
807007 
806913 
806870 411 
807146 1885 
806888 11 53 37 31 16 11 64 30 47 33 41 41 16 
806883 175 
806889 3434 2666 92 466 
806810 
809783 21 
806840 
807243 
807066 
806974 
806918 
806916 
806919 2697 2206 250 
813582 3 24 
806837 9 
807309 
806910 
806926 5272 836 
806834 
807014 40 140 75 3929 83 856 1003 362 
806980 3701 1678 
806936 1111 2152 
806892 5179 427 1173 
807086 
806940 18 5 322 
807055 1027 
807166 
812861 
806874 30 27 11 13 9 42 122 149 9 19 
807129 499 
806949 2977 
806839 
806825 5445 
806960 
806891 
806966 
809605 53 129 76 48 
806887 11 420 
806997 
806823 
806929 
807056 
806938 23 322 2087 
806841 
806986 6904 
806992 536 
806999 
807126 2538 
807009 6325 
808151 
806845 
807016 6 
807017 6 9 11 5 20 
807024 
807028 
807031 
807026 4368 
807046 
807035 2216 
807038 
807195 366 6373 61 
807015 6 
807045 2639 
806868 1104 84 233 9 93 85 4716 
806815 
807002 4212 1531 
807208 2191 
807065 
807071 
808302 98 
807092 
807094 18 
807099 
807102 2 
807268 
807110 
807117 
807172 1869 
807257 6584 
807124 5502 
807149 5986 
807159 11 35 
807167 4470 
807175 
807197 
807201 38 
807202 
810148 
807203 4440 
807213 9 
807214 9 
807215 9 22 
807217 
807232 
807233 
807240 3102 519 346 1097 492 1 1147 
807241 3011 
807890 3455 273 121 
807256 1285 5152 194 
807267 3987 1882 
807273 
807294 
807295 
806761 
806755 11 1053 867 266 2214 2240 
806784 4641 250 244 69 45 32 579 974 5 
806756 
806771 
806775 2365 2072 52 26 5 15 10 3 7 13 29 11 5 29 4 19 7 64 23 584 8 10 54 17 
806778 115 184 4190 387 7 
806776 1405 5 3079 388 61 618 
806777 1437 954 133 122 1843 
807450 2218 
806779 4489 226 161 906 
806782 868 978 2623 20 67 38 26 9 117 73 226 117 108 28 42 31 40 321 107 
806783 4489 330 
813463 233 
806785 3 3875 1013 313 45 32 
806129 
806273 
806424 
806104 
806125 
806335 
806118 
806169 5651 
806140 34 19 124 31 67 25 9 19 24 88 4 35 21 
806109 
806120 
806248 6 
806126 
806243 8 535 4686 198 12 171 553 
806131 
806214 
806152 134 1148 19 21 1243 152 2919 811 
806135 
806130 
806596 
806209 
806147 
806133 
806629 1069 
806386 
806510 
806142 14 291 
806145 16 352 
806143 957 3 6876 14 
806388 
806298 7045 
806520 
806119 
806241 
806151 
806201 22 9 97 122 50 36 35 66 12 43 7 
806466 1087 
806514 6248 
806158 
806605 
806411 
806150 
806182 2434 
806483 4393 
806127 
806613 
806176 142 
806197 3 22 470 
806195 62 438 
806106 
806198 
806346 23 4302 93 1 647 1243 
806202 
806121 
806103 
806212 
809070 
806105 
806213 
806533 940 4249 
806645 4367 2050 
806107 
806110 
806227 
806264 
806269 6054 
806132 
806162 
806228 2622 3571 
806231 418 1013 271 
806328 453 934 399 3136 20 67 38 26 9 117 299 117 108 28 42 392 107 
806598 
806594 24 
806235 4102 6 2221 446 83 145 5 
806165 
806563 
806604 389 
806163 2024 
807405 429 
806268 
806684 1691 2252 411 
806272 
806365 245 4076 
806122 
806284 
813401 
806637 
806134 
806686 1883 2815 233 
806290 274 
806371 
806321 
813252 
806117 
806123 
806238 
806393 104 1006 29 3695 618 1046 858 206 15 
806296 111 
806247 2774 1122 446 
806382 
806263 
806315 
806191 3762 2935 635 
806288 
806205 7081 
806108 
806310 
806389 1152 1605 2361 2384 
806450 
806390 2123 116 462 103 175 2412 
806394 26 
806363 246 
806403 
806416 3529 26 
806124 
806479 16 4316 
806246 1001 981 2499 898 212 
806469 
806675 1677 
806444 
806459 
806314 369 3934 428 
806467 5901 
806480 16 502 152 48 4057 
806464 6055 50 161 
806486 6487 
806487 
806488 
806549 
806322 
806493 178 1498 3690 29 16 74 5 40 965 507 27 26 
806316 
806494 4897 98 8 11 87 386 
806499 6 
806111 
806592 3939 
806506 
806457 27 130 16 6524 145 
806512 2102 
806515 
806518 
806522 
810673 
806291 274 
806525 
806680 
806240 3372 
806661 6 4152 1130 12 1575 201 
806270 
806678 
806171 6707 
806325 
806547 27 51 7 56 
806548 27 51 7 56 1091 3763 690 577 
806498 2478 22 6 24 30 60 10 5 44 26 49 36 96 20 16 3789 5 5 
806550 3971 149 35 
806631 
810584 
806554 
806557 446 
806523 
806567 531 950 878 295 527 902 197 599 673 173 157 
806571 
806164 24 131 112 25 5 
806582 
806583 4 
806278 197 4786 852 1330 19 23 
806586 
806589 1075 
806367 
806606 577 4 2160 1549 
806616 
806620 
806624 
806634 
806261 1036 1966 969 
806657 1294 839 
806658 
806663 2233 21 
806687 
806295 5496 
806203 
805516 513 207 1023 371 109 1060 1067 86 68 163 99 442 318 242 33 111 
805433 89 155 7 1 2262 
805428 1734 968 43 45 1408 27 1755 1513 455 
805393 44 28 11 10 77 22 136 75 34 161 7 42 12 
805356 
805378 7485 
805457 6884 29 270 18 4 11 
805357 
805395 
805397 648 6345 611 119 
805367 
805794 
805864 3326 907 
805687 
805447 
805366 
805968 1016 4383 
805893 
805715 
805768 2395 
805996 5001 2661 70 1 68 
805353 7488 
805861 5911 1871 
811865 
805490 482 4384 
805855 3272 
805545 
805417 
805964 5744 
805376 
805355 
805379 
805383 
805392 44 28 11 506 58 
805950 
805848 
805418 
805759 
805360 
805394 48 208 155 66 
805359 
805374 
805399 
805906 26 115 2416 
808770 
806128 
805952 
805408 
805587 
805411 37 124 1 29 68 
805668 
805414 5930 1439 
805593 1418 1324 4549 10 
813005 
805620 3094 
805439 2649 
805421 
805406 
805352 
805370 
805427 7493 455 
805424 2494 
806635 
805502 757 
805431 
805441 114 
805892 2973 
811478 
805358 
806414 
805454 
805772 1095 397 1187 
805450 158 
805377 7485 
805412 413 207 
805461 2217 25 293 
811646 264 268 376 
805648 
806000 12 3741 627 814 
813756 11 
805567 
805470 
805971 
805469 
805736 11 
805533 
806603 186 4546 39 41 527 474 176 
805682 12 58 133 268 134 487 661 7 12 21 1243 152 2332 9 37 15 26 20 10 2 6 2 13 23 17 27 7 18 47 29 9 14 73 25 9 11 12 41 57 28 104 86 15 9 26 28 24 21 12 3 41 21 42 80 36 40 128 46 24 25 13 58 19 61 
805482 5 83 2801 705 
805501 12 
805977 
805568 
811465 
806014 6062 
805380 
805509 
805391 7554 
805707 205 12 
805514 4358 1410 
805791 20 29 11 1026 2954 3459 
805515 
805518 3093 
805410 3 80 11 46 
805521 2810 
805371 
805429 109 
805742 
805354 7488 
805398 
805526 2774 324 1600 
805665 74 207 2 94 
805435 88 
805372 
805890 971 220 38 160 3398 260 598 144 395 859 
805967 
805382 
805891 5981 
805744 
805569 
805689 1970 1491 591 
805373 
805440 
805618 135 
805588 
805381 
805369 
805729 7503 
805609 2648 1055 
805575 
805606 1632 5381 
807398 
805375 
805613 25 1 101 
805468 
805619 
805420 86 937 
805696 743 571 511 1007 602 1084 540 597 90 459 607 1342 90 
805987 7667 22 
805652 642 4992 2345 13 
805657 1 1 
805528 24 37 39 5 69 93 74 
809705 109 
805661 2082 2316 1877 
808823 
805510 
805663 35 245 3210 
805667 3988 
805432 
805671 
805674 
805675 
805690 109 2153 406 2512 2348 412 
805704 3917 62 279 
805693 
806021 9 3943 1100 1700 757 345 29 6 96 
805705 
809016 35 
805706 
805708 
805709 
805717 815 1052 
805800 
805718 2913 
805745 17 
805743 
805540 2614 17 
805949 2489 4474 171 
805774 1515 11 370 
805396 6 28 53 5 556 
805904 
805801 3 169 518 151 13 427 160 12 359 30 1113 119 404 854 120 13 27 570 2 3 1347 1042 368 320 
810286 
805802 478 22 297 395 276 1802 
805954 
805845 181 2873 2063 481 
805534 7388 108 104 5 19 
805828 4 1386 
805856 1222 2998 
805857 
805872 
805873 2205 
805874 
805875 3370 
805883 2217 3547 1523 
805902 73 4791 2381 664 
805911 9 3 7 
805458 3271 
805368 
805980 
805933 3373 2519 
805760 
805937 1969 4842 
805571 
805939 3146 
805940 
805944 3 96 4837 
805956 5984 651 
805970 1013 
805720 545 4507 
805495 419 
805999 
806008 1034 2345 
806011 
806017 1105 1043 595 366 1906 2125 
806024 
805617 
805927 
804649 
810045 
804686 609 904 11 324 160 
804833 
804633 
804628 
804655 
804664 
804646 
804779 13 125 3225 3051 84 1171 
805107 
804629 
804729 1482 4655 2631 
804661 
805219 2638 85 1166 3961 
804809 5 9 83 183 1208 29 1156 10 124 6031 
805155 
804634 
804676 
804684 54 7 25 31 81 13 61 86 15 126 51 60 7 
804636 
804659 
804648 
804933 138 2669 636 
805249 
805201 
804752 
804879 102 
804656 
804657 
804650 
804680 56 
804890 
804658 
805208 695 477 15 570 888 785 230 808 541 1002 829 138 258 268 652 626 
805138 
804740 224 29 33 15 9 27 9 111 
804671 16 27 25 90 3 401 63 
804710 137 
804675 2260 3262 
804772 413 118 755 
804921 7396 633 390 8 
804731 
804663 
805073 2481 2241 
804682 207 255 1189 75 171 67 
804677 1793 4928 1952 
804944 
804683 54 7 25 524 
804692 
804690 1669 1069 763 21 589 3032 
804939 
804638 
804742 221 85 6 5 4 131 
804653 
804645 
804928 63 12 2 1332 
804749 1405 
804651 
805065 1420 1697 6 3007 518 593 144 9 325 
804817 3333 416 1913 1320 95 545 
805170 
812786 
805033 2143 35 
804887 
804996 2563 4331 827 
804696 2919 681 
805250 445 4 108 134 14 47 509 1188 257 162 15 111 3259 18 2 163 9 55 167 216 150 56 28 34 33 29 38 9 62 
804630 
804704 3141 
805034 
804652 
804843 
805755 
804707 1281 13 369 47 5737 1448 
805270 
804699 
804941 142 20 34 20 30 1355 130 4 3085 2150 375 62 286 
804662 
804883 681 1 268 706 4092 68 1655 
808657 
804730 136 412 
804702 45 8 
804763 
804647 
804962 
804727 500 5754 74 2665 
810370 
804732 3550 4656 
804693 198 
807378 
804795 4208 85 25 7 24 
805162 
804712 435 
804788 724 84 128 1854 533 1275 710 1222 1212 455 763 
805040 
805269 8103 236 
804719 5 65 11 10 242 1133 44 229 579 2218 363 3997 14 19 
805159 
805218 70 
804644 
804726 1737 
804754 1623 2796 22 
804760 
804631 
804665 
804871 
804761 
805168 
804734 
804679 56 
804728 500 
804908 7461 124 
805090 
804771 303 228 2656 221 328 320 3266 374 
805156 50 
804799 205 647 3234 4872 77 
809244 
804776 76 175 8 94 1336 43 718 2024 1263 
805266 2363 3027 9 
805119 2607 
804778 13 125 698 23 3 22 18 17 109 136 85 407 2417 7 1226 194 942 56 58 1113 1158 2 4 
804780 13 455 919 243 
804781 
812540 
804716 507 
804782 
804756 
804953 1352 38 2 245 966 1971 2285 856 
804784 480 1740 3199 
804839 4903 15 1483 640 
805192 
804794 
804743 312 5 
804798 14 1508 16 76 236 943 3721 
804694 588 296 1862 2414 
805307 171 578 3347 
804637 
804816 10 28 20 6474 
804635 
804713 133 
804836 
804837 
804838 17 100 133 1269 2866 133 1346 1396 1528 14 6 
804757 2408 2231 
804711 
804733 
804897 
804860 
804861 
805166 93 271 436 4927 349 1991 
804841 
804869 123 
804881 23 
804888 955 394 1077 413 2196 3811 
804894 37 26 41 25 33 2 934 498 12 149 393 5277 1208 
804632 
805120 
804911 1759 2073 4798 
805279 6363 
804912 
804920 5335 3130 
804943 67 1934 2789 3373 
804947 
804954 
804968 6 
804976 3800 3 
804985 612 117 66 29 5 192 641 824 285 1970 112 1512 8 354 68 1442 27 716 
804997 4134 
805007 1421 
805036 
805039 
805067 15 2403 266 1929 2127 2193 
805094 827 3317 2772 683 
809198 17 115 14 
805091 1247 38 25 25 142 
805230 1844 583 744 855 930 525 
805098 
805105 347 509 600 318 1004 
805116 4735 
812652 
805125 73 4 
805128 2050 71 3 886 759 1382 1108 824 401 1021 4 88 
805133 1075 1017 3868 2400 
805136 
805143 
805145 102 
809193 
805154 59 5800 
805158 3389 
805160 
809510 
805161 
805165 
805167 
805173 3412 
805174 8 
805175 4151 
805176 3 
805177 
805181 4512 2074 1331 
805191 4867 
804925 45 
805200 3557 
805220 742 
805222 
805246 7654 
805257 
805258 1025 221 5315 30 622 88 31 
805263 3819 3042 
805271 
805276 
805277 2204 628 2720 
805291 8268 
804592 2176 2739 
804612 
804609 5929 557 
804614 
804615 
804576 7 2169 7 2732 7 
808135 
804579 6 5 775 751 4338 2395 
804600 
804580 
804573 2176 2739 
804654 
804587 2176 2739 
804591 2176 2739 
804593 2176 2739 
804599 
804598 7919 
804596 2176 2739 962 
806833 
804574 7 2169 7 2732 7 
804606 
804601 6204 
804584 2176 
804595 
813270 
804604 8529 
804605 
804616 2174 5 2734 5 5 
804618 2174 5 287 1568 879 5 5 374 708 1404 155 
804594 2176 
804575 7 2169 7 2732 7 
804082 
804071 
804091 618 810 1366 1036 371 151 2305 1 
804038 
804034 
804037 9354 
804040 
804187 
804451 
804043 
804041 
804440 
804070 2772 
804402 306 
804053 
804055 
804051 
806323 
804251 
804060 
804061 
811557 
804189 1347 681 
806384 
804052 
804128 9 
804083 42 147 125 40 5594 343 245 206 2944 7 88 112 
804062 
804566 781 751 644 618 2121 955 706 2915 
804201 
804476 
804080 
804072 
809557 
804267 
804063 
804262 2111 6206 
804064 
804364 5596 
804224 
804101 84 
804193 593 
804263 
804154 541 4137 173 1045 61 673 2699 115 
804067 
804497 
804287 4070 1971 54 109 249 1459 1653 
804069 
804223 711 607 384 9 342 17 167 2446 459 607 4 349 499 68 393 571 28 64 577 219 192 161 539 249 43 
804211 1045 472 261 8 1239 1412 5011 19 
804666 
804074 210 218 166 718 751 565 146 2125 1044 57 322 80 2955 83 281 217 
804538 7 774 7 744 7 637 7 611 7 2114 7 948 7 699 7 2908 7 
804410 96 
804114 648 704 749 899 1149 450 1349 443 
804076 594 718 751 711 2125 1044 459 2955 
804527 781 751 644 618 2121 955 706 2915 
804057 
811796 
804354 1092 230 4437 48 
804093 725 83 3461 1464 2863 
804065 3336 1296 894 3828 
804501 9326 94 6 
804217 134 8970 
804258 
804123 1454 2180 
804058 
804261 607 2 318 395 49 47 145 180 472 740 39 1095 280 702 2362 177 609 48 75 721 
804310 
804317 
804081 15 74 4328 32 1497 124 
804050 
811479 
804088 
804243 853 2496 
804085 152 9 182 1083 365 10 1 20 2221 21 11 12 17 51 105 1 18 41 65 51 83 30 278 384 22 3474 359 83 79 23 1 46 84 400 
804089 384 21 
804515 
804141 2798 18 5 322 6160 
804322 
804359 
804097 142 81 93 54 6170 3223 99 
804099 3613 4041 1435 92 
804127 23 56 
804454 
804056 
804054 3339 1295 893 3827 
804148 
804100 
812838 
804196 161 134 446 178 390 116 113 58 43 198 519 110 971 426 798 47 1942 1738 742 574 
804103 5 11 398 
804376 
804104 
804245 
806843 
804059 2772 
804107 
804403 5809 2996 
804112 106 31 160 12 441 1611 3507 2084 1953 
804121 84 1617 94 1202 19 1 2087 2090 
810013 
804113 409 
804117 182 95 131 242 246 228 58 7 167 302 211 42 22 5 165 478 2215 1178 301 151 39 4 158 354 748 1044 369 247 6 503 
804464 8500 
804139 
813920 
804036 
804172 760 136 128 1485 831 684 565 675 336 29 7 129 234 2730 
804075 47 14 83 107 130 60 153 106 97 20 38 92 31 82 79 78 95 92 77 23 137 72 38 158 9 45 100 88 87 112 64 42 9 96 55 158 2125 1044 57 12 35 123 44 57 38 93 73 55 87 9 68 44 31 11 57 79 97 2344 83 49 88 75 46 93 137 
807977 568 
804418 7 4835 1477 644 233 331 679 
804124 
804474 6092 55 13 
804129 1531 
804347 276 182 1997 1815 929 1215 273 204 161 51 361 726 1083 22 
804044 
804066 
804304 
804477 
804132 1559 
804510 
804133 8671 372 
804341 2 4161 
804213 7164 
804281 841 8842 
804528 677 104 751 644 618 2121 955 706 2915 
804140 17 23 1337 1352 126 152 14 119 269 132 2176 194 481 875 705 80 1253 
804260 23 263 716 65 751 644 618 280 1841 955 706 2915 
804294 9678 
804143 184 18 1290 9 9 513 256 151 460 618 66 43 1855 421 522 160 105 95 291 1378 6 83 612 187 14 98 
804382 123 3452 135 119 229 192 707 388 12 546 488 484 199 48 183 339 1887 
804105 64 995 5 11 1927 
804147 51 5458 4227 
804207 
804439 
804235 65 124 6138 
804109 11 14 8 114 88 144 30 
804553 781 751 644 618 239 1882 955 706 2915 
804152 5193 5 2116 
804153 2767 2103 811 1122 2526 115 
804536 781 751 644 618 2121 955 706 2915 
804162 4 2793 
804167 
804086 162 2669 6864 
804192 8 3656 9 75 
804174 1047 6389 
804098 142 81 54 39 54 6170 3036 59 6 122 17 82 
804178 
804068 
804271 269 781 751 644 618 2121 955 706 2915 
804529 781 751 644 618 2121 955 98 513 95 2548 367 
804370 50 6 6207 1463 
804183 7983 877 
804365 
804186 
804434 1589 7086 
804305 138 2138 2239 1900 18 21 198 12 957 387 102 5 537 3 
804208 
810914 
804035 
804209 4599 2889 
806519 6979 
804039 
804352 1082 244 1178 985 351 16 164 459 53 1041 242 1189 960 713 15 86 43 684 
809525 
804130 114 20 697 179 4221 1495 8 1131 1210 378 
804042 2771 
804226 7000 2065 41 
808963 
804232 7146 
804233 389 2179 2744 826 
804199 296 3360 271 5170 354 316 
804234 3524 2040 
804230 3341 4293 
804399 1 2455 284 3 5640 1099 
804242 1512 2219 569 494 120 2999 583 
804247 89 4553 1199 653 
808573 
804253 1655 284 826 3329 3022 202 375 12 20 
804236 2013 
806253 6289 18 
804106 
804259 23 
804168 
804161 4 2990 957 4049 
804269 
804366 
804288 2065 118 181 16 2551 4132 216 8 
804289 29 73 1018 91 1656 496 541 394 726 1477 145 697 6 19 209 17 170 77 12 289 84 14 26 13 1385 
804969 63 161 14 2663 
804291 
812272 
804292 9585 
804457 
804301 750 7647 
804306 
804556 781 751 644 618 2121 955 706 2915 
804307 6 1112 7501 197 58 
804312 2069 689 437 
804316 
804325 
804328 2114 36 3 679 75 1614 6 21 289 2531 40 466 1563 
804330 3736 250 186 1278 245 191 280 58 14 
804340 41 568 138 1343 192 17 632 4 2818 265 329 557 1476 
804331 
809327 
804557 781 751 644 618 1016 1105 955 659 47 2915 
804338 5924 
806882 531 4195 994 277 
804342 561 21 1255 124 266 883 476 321 58 570 879 
804346 793 8133 
804348 
804353 
804356 
804360 6440 1151 1212 
804361 1491 4893 
804163 1418 434 523 1809 1382 1300 210 1757 3 
804362 668 207 6977 
804368 1022 3057 4478 455 
805384 
804465 14 
804374 3522 2623 
804379 6438 2159 598 
804385 
804386 3178 
804396 
804388 
804404 27 
804508 5764 
804541 781 751 644 618 2121 955 706 2915 
804406 2687 4653 
804411 96 6806 
804435 8025 
804436 2653 
804448 2098 1449 7 224 2421 3166 
804471 3019 2536 
804450 
804455 2153 
804519 2333 29 26 40 7 176 6 16 77 75 
804466 14 
804496 794 606 411 1003 414 3499 22 1938 
810044 2650 
804472 21 
804475 6092 55 13 
804482 
804498 
804485 
804487 
813360 
804500 
805209 3613 
804503 9183 
804547 781 751 644 618 667 1354 100 955 706 1260 184 86 1385 
804504 4631 2396 224 
804513 
804514 3593 
804521 5539 3424 
804532 781 751 644 618 2121 955 706 2915 
804534 781 751 644 618 2121 955 706 2915 
804535 781 751 644 618 2121 955 706 2915 
804544 781 751 644 618 2121 955 706 2915 
804549 781 751 644 618 2121 955 706 2915 
804555 781 751 644 618 2121 147 808 706 2915 
804558 781 751 644 618 2121 955 706 2915 
804561 781 751 644 618 1640 481 955 706 2915 
804562 781 751 644 618 2121 955 706 2915 
804563 4 777 4 747 4 640 4 614 4 2117 4 951 4 702 4 2911 4 
804564 781 751 644 618 2121 955 706 2915 
803994 4621 2860 
803691 31 661 457 377 70 613 1865 429 277 32 2087 311 46 17 103 232 17 79 32 27 504 137 896 82 23 106 437 6 
803623 
803646 
803567 
803634 
803817 4368 4604 
803548 
803549 
804022 
803756 323 1174 1774 1783 3964 
803906 
803639 6065 
805803 799 292 106 8 53 3 57 32 10 8 36 13 28 39 1794 
803873 204 2157 2001 1413 833 827 587 491 827 104 
803956 4280 
803558 
803674 8892 
803676 
804182 691 3254 
803700 
803663 122 139 38 17 552 781 250 267 234 644 618 1390 115 616 414 17 204 184 136 706 992 342 358 380 843 
803860 235 260 1539 3749 138 1092 405 85 380 830 441 81 
803733 4886 
803829 
803991 
803675 8943 
803850 21 
803671 68 33 42 19 4492 407 
803570 
803628 
803573 
803552 
803608 422 
803587 5153 4616 
803922 
803730 8122 
803572 
812288 5 29 28 5 50 79 218 73 
803920 5346 32 
803770 
803577 
803806 21 
803606 
803603 18 10 41 10 24 34 34 41 19 119 61 
803652 227 84 10 297 
803630 168 5 225 3611 
803944 
803614 
803594 
803595 8362 
803759 3844 
803689 18 
803617 5655 
803576 
803597 
810804 1905 
803602 
809731 
803598 2572 
803586 8698 
803574 
803899 1628 2489 294 279 1 1920 
803604 
803607 2344 
803596 618 1 1 161 30 1 470 1048 1046 751 2175 1520 1269 317 83 
803812 8 16 91 2049 61 1670 422 1822 820 
803609 933 781 751 644 618 2121 955 706 2915 
803915 915 
803957 3274 
803599 
803556 
803666 
803667 196 295 6068 14 3208 5 237 12 5 
803593 9464 
803569 
810573 79 
803748 
803997 213 64 2288 339 1908 2933 1347 
804021 1401 6902 140 
803610 2652 597 1915 4232 817 
803615 752 1022 
803989 7694 
804018 5605 3360 
803616 148 149 3947 33 1788 3084 902 
804015 
803588 
803620 
803933 3487 160 2931 322 224 21 153 2449 
803640 2671 5148 319 177 9 52 486 
803925 1526 3415 241 3915 31 873 
803624 
803568 
803876 
803629 40 
804006 1519 898 3438 
803939 
809218 
803613 845 5360 
803635 221 49 1043 
804008 
803636 
803638 914 781 751 644 618 118 133 1501 369 198 685 72 706 1069 1846 
803649 
803641 69 28 94 5445 609 3918 
803851 6325 60 3763 
804000 2041 1873 624 4180 28 
805786 1888 3 1358 1647 1898 
804706 
803721 
803589 107 2 568 2075 693 1384 367 294 149 1049 274 353 392 534 33 449 3 769 68 108 265 269 
803644 963 5673 
803859 
803647 111 3853 4430 
803580 
803648 8329 
803910 180 656 506 4172 1357 
803993 
803653 178 
803591 677 972 
803656 
803585 750 23 1237 300 507 2839 370 80 3 1367 2261 
803657 111 67 116 
803883 26 17 
803659 
803660 220 112 5937 
803553 
803681 92 4350 
803661 
803546 
803727 733 3248 1031 961 3218 347 284 157 
803775 177 6854 
803555 
803902 395 2961 1011 825 1692 545 2107 
804850 3509 
803746 
803986 
803766 8320 
809142 711 50 
803662 122 139 15 3 20 17 49 5597 27 208 17 13 5 37 10 23 
803712 6591 
803575 
803578 
811562 
803664 68 370 4552 1204 46 222 837 2147 
803793 214 907 68 260 1373 891 780 79 2418 520 310 731 285 
803668 9636 
803670 5362 
809881 28 
803678 6 3934 
803685 29 7235 
803686 140 18 87 3517 
803690 
803566 
803996 4830 
803719 1231 56 2 10 171 1883 1655 1083 9 361 2176 
803695 6147 53 37 33 1656 219 783 
803697 
803699 4153 15 13 211 951 2214 368 4 563 372 
803715 5 24 32 178 11 44 
803625 144 1680 166 26 23 17 
803701 1308 417 358 161 227 344 60 347 2 388 213 376 41 17 66 189 189 52 76 388 241 61 193 15 87 984 2418 455 
803737 412 39 497 436 91 323 184 436 49 12 23 13 106 88 419 47 164 202 38 2125 197 137 2 139 309 3060 
803627 
803703 4347 399 
803583 
803869 1531 7626 
803741 8271 
803619 36 953 5011 3292 171 
803557 
803874 90 1594 
803708 4449 2 2 14 2010 
803709 2869 
803711 2054 13 1864 817 132 304 36 349 467 7 837 682 379 491 
803579 
803716 
803717 7 293 235 1417 504 11 1691 5042 1031 14 12 
803718 
803728 493 2208 4331 3 270 180 23 160 55 79 278 488 776 128 419 22 
803823 78 907 17 127 4331 513 152 3307 
803731 1125 188 1485 1352 138 455 3449 
803571 
803735 
803554 
803742 74 1248 1093 276 41 1709 283 2582 425 1013 123 36 901 119 
803592 
803747 
803754 46 11 2713 467 586 633 3036 1871 109 20 316 345 
806559 2161 561 1100 1640 386 1515 
803749 
803750 
803753 
803937 3 4942 2335 7 23 
803755 788 430 351 463 288 102 542 454 164 549 67 166 1087 252 955 179 261 266 611 650 389 298 222 6 413 128 4 194 
803757 1406 1033 5537 
803903 
803761 114 
803765 
803767 905 17 383 79 685 422 2337 2256 16 1625 1259 125 
803688 
803779 
803780 
804559 781 751 644 618 2121 955 706 976 1939 
803781 
803782 3641 1736 
803786 67 127 5898 
803789 104 871 
811752 
803790 96 1033 213 806 1044 1471 385 72 899 1382 84 173 941 1296 
803792 4 5 890 68 387 314 821 1229 819 1422 902 129 169 10 1522 1072 
803794 7283 
803797 3841 
803808 4659 4055 
803799 
803802 
803805 
803809 
803818 681 8084 
803825 
803977 
803828 564 3045 
803837 904 242 
803838 2369 1234 2203 4228 25 
804660 
803839 9945 3 
803897 3369 715 1705 2381 
803842 
803846 4809 2148 
803847 
803852 4187 
807533 
803854 
803855 
803857 
803858 
803861 5921 
809628 2449 456 
803900 
804004 
803862 5276 2815 44 3 19 11 609 18 113 
803865 2071 1969 65 464 5 9 2198 3049 
803866 5131 436 
811177 
804241 5287 
803882 
803884 
803885 36 
803887 518 27 510 60 112 642 2808 280 79 335 696 211 111 559 37 1096 217 618 546 128 428 6 
803889 
803987 790 335 6280 1753 
803894 
803898 
803974 
803904 
803914 
803916 758 171 1299 16 15 837 489 33 239 349 217 4596 616 
803919 
803932 8090 
804016 
803949 
803955 
803960 1455 
803966 
803968 223 1436 139 490 335 639 1167 151 435 228 79 352 1253 642 59 155 220 387 186 107 553 571 
803971 
803975 
803981 4307 1604 1842 
803982 2639 3956 1297 
803983 
803999 203 1029 2619 63 227 125 48 166 2120 126 2568 
804001 5839 3826 6 59 163 49 
804002 907 58 259 3 52 163 983 1038 811 2704 1645 490 91 518 
804005 1617 7271 
804011 3850 4270 1058 
804013 
804019 
804020 1897 7467 77 
804023 658 
804029 3853 
803143 
803411 3469 172 82 6 53 35 
803223 201 1379 31 178 26 73 173 966 156 111 4 688 451 852 4 416 378 821 41 155 242 7 166 50 36 505 1175 378 814 4 182 
803036 1717 1206 189 96 35 22 1116 46 15 46 22 35 43 82 23 4637 143 
803025 24 18 7 45 31 12 66 202 27 21 23 
803135 
803422 304 418 51 264 719 46 267 12 45 38 5 54 9 59 9 3 8 4 11 2 14 13 31 5 2 3 16 3 9 3 5 12 32 3 552 1291 11 11 159 190 49 34 6 5 66 5 53 23 18 4 4 7 26 6 6 151 47 11 489 607 487 28 3 430 115 7 79 21 5 157 10 411 8 321 682 27 108 5 98 397 232 108 66 19 5 131 220 24 6 47 
803528 4041 115 
803186 
803470 135 243 325 2800 6115 
802991 560 3825 427 869 890 1589 408 690 584 
802980 3 557 3 3822 3 424 3 866 3 887 3 3268 3 
803042 251 42 120 171 87 130 127 323 124 999 143 619 28 65 1387 936 663 612 760 59 130 207 466 258 102 65 98 383 379 128 572 15 125 5 
803339 5540 
803082 705 392 2366 411 5153 
803211 4524 369 1097 1289 218 
803362 946 512 11 134 19 45 50 51 277 87 57 161 141 35 553 7 1012 110 964 36 1618 30 112 6 247 27 170 29 22 96 744 632 152 339 109 630 77 173 31 
809917 
803495 5813 3034 
803112 95 14 4 46 11 13 8 15 5 22 25 23 61 39 14 11 169 117 84 7 33 14 550 315 128 5 20 102 581 272 1152 53 37 77 64 127 45 26 18 13 18 37 59 25 19 181 102 22 106 6 335 120 194 336 8 29 75 103 29 104 239 21 28 13 10 13 78 11 34 28 40 11 6 3 250 28 125 537 312 72 46 17 46 17 16 63 30 121 90 29 7 14 11 22 361 29 139 58 20 43 17 138 115 14 10 13 21 444 113 218 308 
803254 2231 3282 17 27 23 769 3581 23 70 
803003 560 484 530 9 2 53 722 751 639 9 2 56 569 428 867 266 542 9 2 74 418 457 12 700 408 1275 557 
802994 8573 
803481 
803178 142 2270 142 6864 734 32 626 
803083 4467 
803105 
811192 1358 
803014 
802997 
803214 
803030 
804851 5981 
802998 
803081 
803001 560 3826 428 1760 1587 408 688 
803145 1011 564 379 305 93 49 2060 332 147 188 158 149 3212 1151 50 86 11 121 
803525 778 98 296 21 432 3 108 449 480 1514 517 1820 562 1300 566 1523 
802999 560 486 526 68 722 751 635 71 567 428 869 266 538 87 420 457 710 408 688 589 557 
811170 
803284 25 5 594 3277 1034 310 194 188 1228 76 267 982 978 53 695 
803016 8575 
803101 4360 22 19 58 5 40 67 18 71 336 3345 279 56 28 13 81 6 17 17 20 87 135 377 
803191 7396 
803379 797 110 225 276 314 388 87 221 22 163 31 44 1616 533 1 302 802 37 344 460 16 6 109 48 30 501 9 178 1363 815 1 82 442 9 2 59 
803068 395 3507 479 4217 150 12 217 
803516 4368 268 
803124 1781 2 162 191 1765 589 428 61 73 610 2904 286 9 589 
811875 
803354 369 206 321 15 68 809 505 9 207 1000 850 419 1127 456 464 165 2069 716 443 9 3 20 
803189 1005 248 8686 
802993 
803002 560 4254 1760 
803006 
803018 
802984 560 3825 427 869 890 3271 
803437 
803059 1480 781 751 644 618 279 74 44 1724 955 706 1234 1681 
803380 567 4580 1646 397 
803009 
809317 
802995 
802989 
808722 
802986 
809989 
803111 14 
803139 
803039 69 24 224 42 7456 2984 4 
803136 253 749 91 51 398 175 1624 30 2349 376 122 1353 71 233 1636 1063 5 140 
803439 
803019 
803277 242 491 847 7 3981 38 214 311 566 1327 35 624 125 49 814 13 262 147 264 
803052 4547 
803012 
803233 634 51 77 31 1892 1133 24 1634 356 665 1287 489 326 22 113 415 21 82 388 102 
803000 560 486 526 68 722 751 635 71 567 428 869 266 538 87 420 457 710 408 688 589 557 
803032 11 748 120 5386 609 60 369 165 338 209 4 368 402 558 174 113 621 636 
803151 104 1206 550 5 4 17 60 154 152 16 62 72 4 9 26 7 26 58 40 15 11 12 22 2 35 18 9 1061 180 2 657 20 159 172 654 405 980 4 346 197 107 112 5 160 3 9 383 265 876 183 126 65 2 4 283 25 15 238 172 5 
803160 7 41 6512 3546 
803004 560 484 530 11 53 722 751 639 11 56 569 428 867 266 1045 457 712 1683 557 
803023 1996 253 191 
803021 560 4258 1762 
803015 
803005 560 484 594 2179 3175 
803026 798 487 607 186 161 10 1025 68 51 1207 329 413 129 530 1108 73 79 4 189 235 559 1297 1170 257 
803461 
803166 
803290 3019 567 324 
803027 1307 46 792 281 537 566 2011 532 1617 577 14 451 8 2 1009 200 100 148 89 72 
803029 636 413 103 339 6194 2727 128 145 240 
803372 519 598 488 44 59 20 744 45 136 1235 1540 427 483 157 63 153 23 178 736 24 393 868 622 81 83 760 
803182 
803238 4471 552 4446 15 605 1 1 
803444 4 7388 
803031 20 916 31 973 170 1255 107 85 24 1257 5674 
803222 7652 20 919 387 
803300 
803037 210 27 28 85 104 211 108 9 597 17 20 353 426 11 46 295 45 5 58 11 225 32 45 15 11 638 16 398 4 10 412 400 216 443 417 138 59 58 971 56 88 137 83 40 36 18 20 242 19 22 36 14 655 634 636 32 315 11 15 5 292 5 273 19 27 
803414 4079 1217 3301 286 21 122 3 
803426 
811173 
803035 11 7 10 54 210 197 76 335 907 58 117 1368 28 114 133 6 508 378 79 143 468 135 4 965 5 557 190 526 115 195 303 136 129 399 576 34 426 981 
803348 
803091 270 110 141 25 14 137 42 77 268 740 330 686 605 439 439 881 441 131 42 201 410 380 49 74 170 125 235 338 35 64 614 106 77 731 198 164 122 119 536 
803107 30 33 27 15 24 10 109 12 10 27 37 63 
803038 19 16 20 16 259 37 72 3713 47 
803231 12 358 335 1671 921 3342 229 11 515 354 483 440 823 
803040 55 168 134 50 59 372 2430 4208 82 458 1124 
802982 560 3825 427 869 890 3271 
803044 
803013 
803047 195 2257 
803033 3256 2120 4107 
803050 265 630 728 25 104 25 58 73 21 21 123 61 55 1038 127 549 201 408 296 2190 740 264 7 229 1134 922 436 171 
806421 
803061 6683 3207 125 
803062 
803078 1637 4371 534 
803176 5167 
803064 6982 66 
803245 88 109 85 294 203 422 312 171 538 57 439 1018 535 357 330 262 517 367 285 335 537 100 98 378 287 329 503 11 912 138 401 28 95 
803070 
803017 
803065 380 14 
803199 87 10 62 70 4 40 7 266 17 150 515 42 43 640 103 274 10 3 61 586 229 112 97 305 504 94 95 266 54 73 13 7 268 942 387 421 104 369 298 15 79 63 205 26 15 11 829 462 229 993 
803024 236 176 523 453 4186 12 
803325 50 3278 6 6 652 401 3034 25 37 35 143 1216 8 3 3 3 924 204 432 73 4 
803085 783 
803020 
803147 6945 
803066 804 7389 731 117 624 
803155 54 2002 296 193 3716 21 4321 
803080 3774 21 155 20 65 4089 992 1255 
803071 242 94 39 969 37 3510 3298 2180 366 176 
803181 
803253 255 125 352 109 689 80 684 831 94 1004 262 899 4530 
803075 6610 
803076 
803055 140 10 287 1578 3677 12 5056 
803534 8131 268 
809090 
803088 761 2815 193 
802992 9842 
803048 6 6 12 265 4 12 11 45 31 2441 670 229 665 99 51 74 64 12 5 2962 14 241 302 31 49 48 35 26 30 8 113 47 241 17 95 16 25 28 12 16 71 130 80 24 186 89 
803183 6602 
803079 8 3766 467 1455 2428 992 
803028 
803226 159 90 45 98 204 108 260 125 80 327 3 94 287 670 47 1110 732 45 577 79 402 68 555 278 590 436 233 135 411 326 637 494 40 109 171 101 202 
803154 526 25 38 34 104 36 55 418 360 238 13 80 357 17 77 309 29 429 616 134 20 120 122 414 280 163 116 587 30 21 600 189 58 395 30 126 514 24 160 63 124 16 105 53 59 49 8 185 13 116 157 25 5 77 28 273 72 482 35 46 36 3 44 10 83 146 401 99 121 45 
803336 16 86 44 3442 
803086 4333 
802988 
803089 561 682 2104 122 300 44 510 85 1558 3501 367 92 48 7 52 58 257 177 
803121 35 54 68 113 597 196 911 54 537 224 12 363 397 182 1917 1060 833 352 227 346 288 44 354 24 194 92 424 107 27 11 30 62 115 202 62 193 139 
803321 3541 446 1987 833 3239 
803090 293 931 1465 4914 2042 
807383 
803215 1062 8695 
803092 
803056 373 1617 1900 656 
802985 560 3825 427 869 890 3271 
803094 48 
803219 474 510 169 72 2985 118 577 469 250 2105 17 547 303 1244 306 108 326 217 
803096 144 5031 223 
803007 
803244 279 202 487 266 5 313 228 191 58 211 98 19 25 5 227 136 13 285 32 111 27 618 211 700 80 357 151 645 143 540 50 121 212 39 226 145 9 37 5 19 583 276 96 135 86 24 86 153 101 108 17 89 692 86 326 275 6 
804302 
803097 338 1393 1516 5571 
803184 976 287 701 633 128 10 413 10 228 86 849 70 59 435 209 221 109 1182 485 369 892 181 443 296 332 
806141 
803098 5537 575 
803099 
803100 327 84 15 1396 316 45 1896 71 795 474 2136 775 550 
803102 1136 243 143 2179 2744 221 500 
803192 298 4076 
803069 393 4810 223 
803104 480 575 164 139 1138 10 20 209 467 86 1867 950 1279 262 65 269 203 24 319 227 127 1324 46 165 20 74 388 
803106 9573 599 
803110 1455 55 726 751 644 53 5 560 589 11 50 20 79 1372 53 5 5 892 706 1029 187 24 226 39 4 14 17 15 33 10 1317 
803157 715 353 153 1084 1073 922 529 916 617 128 252 21 272 697 35 64 237 507 1480 756 
803161 
803783 3128 5094 
803376 2484 2646 59 4046 396 791 
803449 2239 7778 277 159 6 
803175 
802996 
803113 2845 3672 
803196 1191 726 2418 582 806 2954 5 31 
803011 
803374 8 753 144 90 20 30 22 443 14 96 5 94 16 17 73 17 20 32 6 705 16 199 73 73 204 744 254 114 44 688 410 96 1403 56 13 213 144 146 70 44 32 6 58 1282 397 472 445 71 33 146 25 34 
803115 387 190 528 593 9 27 18 9 4 930 6 515 68 33 94 559 419 188 80 221 245 111 576 504 321 89 825 312 89 321 387 21 411 1039 228 46 20 342 
803116 33 354 1920 455 1722 105 29 2428 1820 349 145 173 123 
812755 5 19 
803010 8573 
813670 
803034 11 1576 2179 472 2272 
803077 7 38 22 62 26 49 51 12 48 84 41 
803118 102 457 6 11 10 67 433 18 223 345 25 9 842 661 20 872 8 203 118 503 107 266 660 304 266 108 471 262 3 215 200 88 399 382 381 124 53 35 151 175 7 352 171 116 19 108 264 62 
803198 6157 1648 1730 
803174 2080 892 3 93 3 677 390 1586 32 1446 2498 
803328 
803126 1485 315 52 11 138 7 152 556 470 43 240 945 968 882 432 134 2374 15 249 36 541 103 71 186 323 
803127 125 260 130 308 161 164 49 5 94 442 643 285 75 1873 105 2542 914 62 149 186 848 351 274 89 197 62 362 
803041 928 748 919 4992 396 950 64 1792 
803419 6704 
804084 42 147 17 108 40 5594 343 245 28 178 2944 7 88 112 
803193 10525 42 
803128 385 2198 56 2 513 823 319 729 907 1598 1178 12 124 179 331 24 718 85 150 81 
803269 1806 2689 123 1330 2409 770 
803129 87 59 113 596 273 21 507 151 268 294 384 92 36 12 146 207 180 5 41 277 118 83 12 57 48 731 172 551 84 24 83 805 273 138 20 114 79 4 769 175 107 195 154 195 163 68 693 160 295 20 5 10 
803152 2392 807 1092 2214 1776 34 624 
803131 334 493 32 306 307 97 158 52 36 69 539 7 323 303 366 137 606 568 270 250 332 73 32 25 491 638 577 1096 672 146 483 13 335 139 215 
803138 
803140 4707 1388 7 686 3215 
804893 3 
803366 
803141 
803133 4118 389 4423 708 
803146 72 511 23 26 973 705 563 333 582 546 288 634 138 552 30 47 22 1004 126 454 102 746 485 8 346 103 1341 75 
803148 4420 15 53 60 2467 1771 458 22 60 112 89 25 
803165 64 97 58 550 439 3162 2486 333 340 40 207 45 55 21 955 121 35 37 7 287 232 229 
803103 262 2259 961 915 2330 
803153 4268 267 3919 1104 
802981 560 3825 427 869 890 3271 
803307 1769 1333 1786 
803359 404 
803158 
803334 
807716 
803159 10 16 
803008 9263 
803864 282 51 
803163 5651 1320 56 1525 
803357 807 2786 1922 4598 
803164 6692 709 
803130 4927 242 178 2757 
803058 475 7507 
803264 3868 757 
803168 
802990 560 3825 427 869 890 3271 
803171 3750 342 5923 9 
803123 6767 57 
811444 349 
803172 1516 923 619 170 660 1181 9 565 510 1023 1399 378 1000 36 30 148 16 177 236 148 
803173 139 7648 6 
803288 724 1073 1096 2009 27 931 2743 1001 
810706 
803418 
803177 
803510 1462 1377 1856 53 533 1393 411 192 421 181 34 1071 785 
803179 661 1105 69 1172 88 912 120 4881 1128 
803180 442 1779 130 422 322 108 1754 1227 574 1577 121 161 338 917 264 26 417 142 
803187 
802987 560 3825 427 869 890 1589 408 690 584 
803188 
803190 2689 558 1256 369 424 3975 1099 
803194 10 10612 
803022 560 491 524 70 718 751 637 74 562 2 429 866 266 540 90 414 459 709 2 406 2 683 2 591 560 
803224 
803751 9 3762 3233 1822 
803458 796 22 1623 1120 1098 730 17 802 6 394 7 284 199 3 117 212 56 509 445 15 34 26 973 202 164 481 36 
803200 
807158 11 
803120 4956 
803114 180 25 573 1567 1600 428 114 1808 1199 2733 
803202 
803213 189 
803201 
803217 1969 5044 480 
803227 1474 509 406 3181 1860 1531 190 50 124 113 18 402 
803203 
803134 103 36 617 6 249 10 16 192 107 573 2 4 82 64 210 87 4 53 124 53 4 11 49 69 70 331 707 129 27 363 88 178 993 116 46 9 360 331 153 84 40 12 716 30 291 142 626 877 32 5 314 91 88 88 51 437 190 
803251 
803230 3142 6742 
803413 
803234 1299 781 751 644 618 2121 955 121 585 2915 
803539 494 537 57 724 751 644 60 558 427 869 278 547 65 433 457 706 408 690 577 569 671 
803235 
803530 562 1428 1366 4 1032 2341 1806 1481 
803239 
803241 3115 1182 2770 2091 80 1115 
809154 107 
803248 58 5 4166 4712 943 
803347 78 806 573 31 963 743 437 1439 1752 
803351 988 11 1299 316 1239 6115 
803249 
803250 484 969 45 789 1347 53 51 861 734 757 20 29 45 711 
803283 22 5 6 794 1661 2 1154 16 202 1745 723 3327 324 419 
803256 
803257 
803258 4456 4406 
803259 7 4 1451 2 562 450 47 795 633 35 263 1080 2134 739 242 
803261 742 483 959 1680 3053 1177 97 973 4 
803340 685 424 450 3 21 1439 2 2 79 183 49 802 2042 986 10 17 2582 119 597 3 4 4 
803262 137 1422 65 27 38 8 159 640 3408 265 1104 419 1061 157 442 78 832 400 
803265 683 337 137 455 98 619 273 313 275 524 1400 184 64 18 1120 8 162 103 223 675 396 39 143 414 460 1128 431 14 
803498 4139 989 2744 
803267 
803268 850 408 242 532 174 747 478 374 36 379 1002 35 122 1746 151 82 473 418 5 1263 722 
803280 9174 
803272 15 659 170 182 11 84 36 95 242 82 139 130 86 64 31 7 167 8 100 32 151 102 48 72 64 5 165 115 5 272 86 288 221 68 798 570 232 14 1089 113 67 70 19 145 151 39 418 7 91 136 65 63 139 105 179 551 186 146 380 211 247 6 78 3 40 77 80 146 79 
803276 
803279 8613 561 1556 
803285 394 2576 732 526 241 385 748 3340 
803289 
803291 95 745 3467 4834 
803292 5261 
803297 8306 
803460 13 185 219 274 233 167 376 53 144 208 395 276 33 47 291 17 7 7 33 105 57 7 16 104 224 50 298 46 318 4 81 244 42 41 126 30 103 14 64 10 60 32 78 545 63 166 100 369 295 127 164 72 87 20 85 36 41 48 148 12 3 43 53 3 11 44 500 37 65 73 59 747 350 278 46 345 96 7 312 
803298 
803299 4350 2314 
803301 1473 1047 404 419 1772 378 1755 553 1959 452 
803304 1067 695 36 914 627 30 811 148 2038 1175 2311 508 
803415 
808423 
803308 65 141 76 205 910 323 64 98 415 67 85 32 146 99 316 10 679 423 5 106 303 386 586 1298 521 379 344 90 283 8 8 52 125 62 10 366 58 60 31 197 477 140 239 115 113 105 11 
803317 938 1288 188 39 213 945 1980 1047 3 3141 709 
803322 47 263 1429 164 218 199 220 173 474 57 1604 751 3 790 20 21 617 7 282 239 569 247 113 1105 104 12 165 39 47 
803324 6 48 131 434 285 121 448 14 424 363 6 208 65 92 40 388 55 227 776 1778 184 295 446 24 56 69 412 138 372 123 7 503 1128 5 3 13 83 7 149 13 105 300 128 184 
813393 
803329 2649 2189 2501 
803331 
803497 2254 890 5078 2289 
803338 1125 4415 799 465 3416 
803673 9602 
803532 
803342 
803343 
803515 
803346 467 506 190 335 15 131 290 366 9 611 113 218 583 110 2 9 980 296 189 17 50 30 961 1058 540 62 8 142 54 179 14 8 61 138 77 126 341 5 54 1006 93 147 
803349 946 315 950 1632 1871 551 1395 630 1313 40 83 
803350 3150 691 4941 285 28 252 81 
803360 251 2135 487 3185 4 1870 13 452 7 22 207 6 69 36 281 
803363 38 253 191 585 814 636 1263 316 1376 157 531 1484 378 116 114 47 196 38 42 1552 466 15 
803371 10290 
803381 846 648 233 789 433 124 200 133 314 1792 475 883 421 18 253 1508 40 179 324 3 986 
803390 74 1707 1012 1340 171 5104 188 
803394 5947 
804490 8440 
803451 
803395 
803396 
803400 
803403 2414 1113 1133 2497 2208 
803406 9971 
803408 
807783 3763 690 577 
803410 
803412 3070 3126 
806593 24 
803467 870 7539 
803416 
803417 14 22 
803420 757 2991 6572 
803421 386 280 2072 3961 180 40 3432 121 93 
803423 313 866 384 39 22 31 6 26 1867 316 9 992 89 46 88 43 24 642 133 55 1360 907 43 300 25 9 3 853 103 20 27 7 47 32 746 
803433 1051 133 1084 1090 5 872 103 242 433 737 347 5 5 762 956 173 26 48 153 116 234 84 241 32 105 5 863 
803434 4888 4567 238 28 11 
803443 62 2799 1761 5782 
803450 195 4378 514 25 1556 116 363 
803452 
803456 
803466 2361 4 74 52 89 
811005 9 73 
803468 1470 93 1020 1566 530 2460 
803469 68 494 499 7 11 20 51 6 686 7 11 20 713 7 11 20 606 7 11 20 49 5 6 511 9 7 11 20 427 150 110 37 62 126 158 149 77 278 52 452 5 7 11 20 49 5 5 6 433 72 332 15 7 11 20 668 7 11 20 408 690 577 125 444 633 7 11 20 
803474 4279 5188 649 3 
806387 
803480 5506 4041 
803483 6661 
803484 6368 
803485 2876 4166 169 1317 191 
803486 7211 
803487 354 4165 61 385 79 19 2289 
804613 
803488 488 2875 45 10 84 126 19 16 13 13 35 1359 
803489 
803494 2524 336 1218 448 743 2999 8 1576 
803496 2127 227 824 2997 1382 
803499 8508 55 
803500 
803521 122 907 4 6 771 4 6 741 4 6 634 4 6 608 4 6 2111 4 6 945 4 6 696 4 6 475 436 1994 4 6 
803522 1444 29 1981 3673 1406 
803529 2045 2393 369 83 4488 
803531 3366 247 121 4887 1413 
803535 3904 5096 
803536 
803538 494 83 408 46 57 139 8 524 7 46 121 6 571 5 48 117 6 472 5 44 60 558 427 1147 547 65 78 355 408 5 44 102 7 548 5 44 408 690 577 569 115 6 382 119 2 47 
===Document Endings===
[www.npr.org/sections/parallels/2016/09/17/491476036/for-u-s-minority-students-in-china-the-welcome-comes-with-scrutiny, 803540, 560]
[www.npr.org/sections/parallels/2016/09/17/494094687/ending-centuries-of-tradition-a-bull-survives-a-spanish-festival, 804034, 494]
[www.npr.org/2016/09/17/494360152/clinton-returns-to-trail-after-pnemonia-recovery-trump-backs-down-on-birther-sta, 804571, 537]
[www.npr.org/programs/weekend-edition-saturday/2016/09/10/493399743/weekend-edition-saturday-for-september-10-2016?showDate=2016-09-10, 804628, 57]
[www.npr.org/2016/09/17/494360194/laia-jufresa-weaves-together-richness-through-common-grief-in-debut-novel-umami, 805352, 724]
[www.npr.org/2016/09/10/493399783/in-wake-of-international-tragedy-rerouted-passengers-find-resilience-in-gander-o, 806103, 751]
[www.npr.org/2016/09/10/493399776/teddy-waynes-loner-paints-a-chilling-study-of-the-effects-of-toxic-masculinity, 806747, 644]
[www.npr.org/programs/weekend-edition-saturday/2016/09/03/492516484/weekend-edition-saturday-for-september-3-2016?showDate=2016-09-03, 806807, 60]
[www.npr.org/2016/09/17/494360166/as-d-c-police-chief-cathy-lanier-steps-down-a-look-at-womens-role-in-policing, 807365, 558]
[www.npr.org/sections/ed/2016/09/04/485838588/after-25-years-this-teacher-says-its-all-the-paperwork-that-made-him-quit, 807792, 427]
[www.npr.org/sections/parallels/2016/09/03/492381399/gaza-needs-aid-but-israel-says-some-has-reached-hamas-militants, 808661, 869]
[www.npr.org/2016/09/03/492508994/after-loss-in-afghanistan-vivid-memories-of-a-loving-goofball-father-and-husband, 808939, 278]
[www.npr.org/2016/09/03/492516909/the-sainting-of-mother-teresa-brings-up-calcuttans-complex-views-of-her-legacy, 809486, 547]
[www.npr.org/programs/weekend-edition-saturday/2016/08/27/491613489/weekend-edition-saturday-for-august-27-2016?showDate=2016-08-27, 809551, 65]
[www.npr.org/sections/parallels/2016/08/27/491372643/after-losing-half-a-beak-grecia-the-toucan-becomes-a-symbol-against-abuse, 809984, 433]
[www.npr.org/2016/09/17/494360222/with-putin-set-to-win-what-power-do-russians-have-in-parliamentary-elections, 810441, 457]
[www.npr.org/2016/09/10/493399790/non-politicians-talking-politics-author-victor-davis-hanson-on-2016-election, 811147, 706]
[www.npr.org/sections/ed/2016/09/03/478835294/school-nurses-can-be-mental-health-detectives-but-they-need-help, 811555, 408]
[www.npr.org/sections/ed/2016/08/31/464727159/mental-health-in-schools-a-hidden-crisis-affecting-millions-of-students, 812245, 690]
[www.npr.org/sections/ed/2014/12/31/356187871/why-emotional-literacy-may-be-as-important-as-learning-the-a-b-c-s, 812822, 577]
[www.npr.org/2016/09/10/493382543/for-those-who-worked-the-pile-at-ground-zero-horrors-of-sept-11-havent-faded, 813391, 569]
[www.npr.org/2016/09/03/492516916/after-almost-30-years-as-covering-american-politics-ron-fournier-heads-home, 814062, 671]
