===STATS===
unique words: 2420
number words: 9575
number docs: 12
===========
49437 
48885 
48971 
49168 48 
49501 
49652 
48678 36 63 75 52 127 56 180 92 77 93 45 22 1 70 25 
49322 
48642 
49017 
48934 
49150 
49800 
48645 
49164 
48614 
48717 446 129 416 75 
48647 
49230 
48843 25 76 93 31 49 
49241 
48639 
49161 
49191 
48716 
48682 127 49 84 333 15 177 12 110 57 29 72 
49260 
49032 
48696 759 19 
48633 
49651 
48666 
48628 
49190 
48683 
48701 498 52 70 
48795 
48646 
49350 
49268 
48684 
49211 344 
48686 
48690 
49327 
48625 
48963 
48688 
48631 
48704 
48643 
49443 
49237 
49477 
48905 
49131 716 
48711 
48620 
48713 
49857 
48867 373 
48935 
48990 
48965 
49382 
48675 
48800 649 29 11 
49105 
49672 
49073 
48827 680 
48732 
49312 
48821 696 
49022 
49029 29 
48740 
49081 52 
48783 631 
49838 
48676 179 121 358 20 156 
49849 
48779 
48748 
49329 
49434 196 
48920 870 29 
49475 8 
49853 
49323 
49181 
48752 
49084 
48756 20 36 86 371 45 26 52 138 68 156 14 6 
49284 340 
48762 
48763 
48624 
48719 207 806 
49274 210 
49572 
48650 289 239 84 439 
48770 26 
49207 480 
48902 
49338 
48771 11 17 2 27 49 36 283 19 63 135 35 17 43 37 17 13 24 138 65 
49657 
48854 
48994 
49635 
49658 
49869 
48788 
48808 
48810 46 87 547 157 29 
49486 
48772 
48851 235 180 425 
49056 
49076 
49301 
48826 708 
48959 25 77 32 32 49 684 
49411 
48829 710 
48936 439 
48811 
48930 780 
49282 
49707 
48839 
49026 
49632 
49544 
49096 
48846 
48857 
49796 
48861 
48979 
49107 
48626 
48911 
49892 
48895 
49860 
49002 324 
48901 618 
49656 
49009 
49099 
48921 
48750 
48924 
49016 
49294 
49091 
49682 
49108 
49065 
48960 74 60 
48962 
48880 934 
49021 
49554 
48966 
48968 
49816 
48972 
48980 
48983 
49015 29 
49839 
48991 
49003 203 37 
48670 2 
48677 
48915 873 74 
49023 36 550 209 
48847 
48623 
49030 
49033 
48687 33 53 960 
49841 
49130 
49046 
49048 
49057 
49875 
48781 
49080 
48931 64 286 70 48 341 
49083 
49153 
49090 
49067 
49283 
49295 
49104 
49720 
49014 
49602 
49698 
49525 
49808 42 33 
49140 
49142 
49446 
49143 
49527 42 
49144 
49193 
49145 
49146 
49148 
49149 643 
49151 
49162 
49183 
49184 
49188 
49820 
49189 
49663 49 
49851 
49214 
49228 25 
49229 
49234 
49717 
49235 
49242 
49279 
49368 
49286 75 
49287 
49638 
49297 51 31 
49308 
49649 
49356 
49415 
49419 
49882 
49719 
49430 
49433 
49462 
49468 
49473 
49537 
49495 
49500 325 
49697 
49516 
49547 237 
49564 
49573 
49603 50 
49607 
49608 
49618 
49634 
49878 
49648 
49661 
49680 
49694 
49695 
49711 
49716 
49725 
49861 
49735 
49761 
49789 5 
49791 
49797 
49799 
49843 
49852 
49854 
49874 
49887 
47554 
48188 
48413 
47556 
47913 
47987 
47773 916 39 134 76 221 217 136 
47558 
47559 
47648 798 775 
48036 18 44 132 
47572 
48383 670 59 
48569 
47723 482 
47574 
48017 
48071 1156 
47609 
47583 
47755 
47855 
48203 
47567 
48501 
47989 853 
48346 
48199 
47785 12 
48219 1509 
49709 119 
47859 
47990 
48081 427 
48052 
48061 116 
48138 861 
47818 
47586 
48457 
47579 
48341 
47998 274 
47662 
48618 
47633 
47839 3 
47611 
48273 
48035 
47604 245 16 522 
47651 
47655 526 
48069 
47981 1642 
48338 7 
48128 
47757 
48044 351 15 32 62 
47795 185 869 
47705 1753 118 
47706 
47707 
47798 449 
48622 
48077 
48498 
47754 
48254 
47961 
47564 
47752 
47779 1747 192 
47790 568 
47847 522 
47802 
48541 
48033 
47942 
47653 
47833 198 213 943 49 
47659 
48598 
47892 1182 
47838 
48423 10 
47864 
48097 132 251 
48605 
47883 
48023 374 
47887 
47889 
48514 
47993 
48022 374 
47903 
49182 
47941 
47796 
48549 
48588 
47916 527 
48114 
48021 
47922 
47923 
49001 263 
47658 
48432 54 
48465 
47972 
47946 
48020 
48072 336 
48364 
47991 
48001 
47555 
47970 1139 
47971 
47984 
47988 797 
47905 
48602 
47995 
47563 
47997 
47854 
48038 1065 
48055 
48576 
48070 
47624 
47581 
48089 
47945 
47774 
48124 622 306 
48182 
48246 30 
48187 
48200 
48215 
48236 
48237 
48245 
48255 
48262 
48271 
48274 
48608 
48340 
48347 
48601 
47711 570 
48352 
48353 
48476 
48367 
48621 
48372 1122 
48374 80 31 37 15 27 
48377 1136 
48390 818 
48393 
48406 
48407 46 
48415 
48464 349 
48540 
48479 107 
48481 
48487 
48502 
48505 
48515 
48539 882 
48548 
48573 
48612 
48577 
48581 
48583 
48589 
49288 
48594 
48600 
48603 
48848 
48604 
46884 
46592 
46570 
46916 1634 
46981 1155 
46594 
47102 
46908 
46613 
46678 245 169 152 169 
46783 
46579 
47769 89 734 581 360 
46581 
46569 
46574 
47283 
46970 
46776 
47037 
46739 
47103 2540 
46899 
46576 
48362 772 371 
46571 
46649 1547 
46584 
46830 
47530 
47145 2 151 57 
46807 
47494 
46806 
47351 
46601 19 
47424 82 
46609 101 11 414 83 94 13 1414 10 
46750 2550 
47211 2582 
46573 
46617 
46958 
47431 
47153 
46638 
48394 
46580 
46717 
47253 
47496 
46636 
47328 
49855 
46688 
47081 
46779 
46971 
46606 
46802 
46887 
46789 
46607 
46697 
47428 42 
47313 
47047 
46804 
47011 145 
46619 2298 457 
46854 224 238 
46701 523 
46805 
47465 
46705 
47380 
46800 
46988 
46726 
47025 1779 636 
46716 
46930 
46792 
46754 1603 
46736 643 94 
46737 
46878 
46798 
46762 
46641 561 734 
47160 
46791 710 
46946 
46734 2524 
47528 
46758 
47207 
46590 
46813 2027 
47005 2337 
47265 243 23 
49160 
47299 
46834 36 612 
46997 701 193 1102 458 
46955 
47146 210 
46841 60 
46993 
46797 1294 
46600 
47460 
46881 136 858 7 8 378 
46618 213 410 202 31 1418 136 601 176 
46996 
46562 
46885 
46890 
47205 
46905 
46589 
46992 
46918 2440 
46927 
48830 730 
48037 
46928 
46931 
46932 
47454 15 
47457 
49750 
47001 
49889 
46699 
47430 
46943 550 
47246 58 55 
46945 
46882 1369 18 
47203 
46596 
46568 
46956 
47215 
46967 8 
46690 
46969 
46983 
46898 
47009 
47013 
49829 
47014 
47024 
47049 
47052 157 1356 
47064 
46976 
46907 
47094 126 14 244 
46942 648 220 1507 
47095 
47439 
47104 8 
47114 162 
47131 
46920 212 153 
46873 
47349 699 
47142 39 36 28 50 29 174 398 
47117 2432 
47150 359 
47151 
47163 313 537 
48125 
47167 
47164 79 164 
47179 
48710 
47188 166 345 1760 
47264 685 
47189 269 76 
48634 
47231 57 15 54 1 
48067 
47248 
47435 
47249 
47254 2 
47269 
47271 
47492 
47272 
47273 
47280 
47281 
47296 
47301 
47319 
47320 
47322 
47335 
48975 
47338 
47341 1765 
47342 
47388 
47348 
47350 
47374 
47375 1085 
47385 
47391 
47418 
47392 
47394 
47399 
47403 
47412 125 937 
47427 
47434 
47436 1520 
47438 
47468 464 
49231 
47480 
47483 
47491 274 728 
47495 
47504 
47511 
47514 
47520 
47529 
47535 
47540 
45000 
44967 
44607 1599 
44669 19 1580 19 1403 26 9 23 1363 
49194 
44585 1599 
44699 1599 
44896 1599 
44561 1599 1415 
44685 1599 1461 
49313 
44525 1599 
48988 
44538 1599 
44537 1599 
47585 
46204 
44556 1599 
49856 
44548 1599 
44718 1599 
44624 1599 1407 
44524 1599 
44704 1599 1525 
44901 1599 
44656 1599 
47187 965 1219 
44665 1599 877 899 6 1716 82 
44755 1599 1911 261 
44805 143 1456 143 1752 
44554 1599 
44534 1599 1418 
44557 1599 1420 
44597 1599 941 
44938 1599 2573 
49362 
44898 1599 
47363 1589 
44696 1599 1611 
44732 1599 2083 
44599 121 1478 121 
44604 88 1511 88 1385 131 872 
49557 146 
44659 207 1392 207 1223 123 123 154 95 168 
44523 1599 
48567 145 956 
44558 1599 1420 
44832 1599 1858 45 
44763 1599 
44611 1599 983 422 404 
44803 1599 1895 1164 266 
44944 1599 3325 
44695 1599 
47532 
44739 1599 3229 
44531 1599 
44853 1599 
44574 1599 3197 
44545 1599 
47481 
44533 1599 1418 
44626 1599 1407 
44956 1599 
44713 89 1510 89 2383 
44946 1599 
44629 1599 
44777 1599 
44649 228 9 1362 228 9 687 196 569 500 8 250 38 499 
44889 1599 2165 4 
44612 1599 1405 353 406 
44680 1599 1434 27 
44687 1599 1461 1392 
44562 1599 
46733 2860 
44605 
44719 1599 570 1031 746 1183 
44733 1599 
44738 1599 
44747 67 1532 67 1895 
44778 1599 2194 
44780 1599 
44784 1599 
44895 1599 
44787 1599 529 21 83 865 
44792 1599 1926 
44796 1599 1925 
44908 1599 1390 
44807 1599 1895 
44808 1599 1895 
49409 
44810 1599 626 1269 
44874 1599 
44888 1599 
44836 1599 379 2184 702 
44842 1599 
44844 1599 
44849 1599 
44876 1599 373 
48226 
44873 1599 
44894 1599 
49364 
44900 1599 
44909 1599 
44910 12 39 1548 12 39 
44926 1599 
44949 1599 
44960 1599 
44409 3106 
43728 
43729 
43751 
44354 
43891 
43730 
43754 
43776 
43887 847 1599 701 2408 30 359 
43745 794 1599 
43773 
43732 
44047 3101 
43771 793 1599 
44268 
47825 
43746 794 1599 
43788 
43774 
43823 953 1599 1285 273 92 62 156 107 
43786 
44471 2248 559 
48568 
44519 
44183 255 5097 
43779 
43772 
44000 
43836 
44407 
44377 
43747 
43988 962 1599 870 1733 167 
43861 
43927 
43749 
43737 
43787 819 1599 
43869 3048 
43944 
47902 968 
44078 5593 
49524 
43881 389 2804 2258 
43806 
44367 
43831 5990 
43942 3511 
43731 
43794 191 
48438 
43955 3512 10 
48120 
43739 
43770 793 1599 1418 
43841 867 61 1538 61 932 412 331 37 427 
44101 
44028 
46639 
44036 
44043 
44305 
49542 
44051 
44416 
44052 
43901 
44094 3296 
44447 153 121 19 1459 121 19 1303 
44107 475 1599 1892 269 
44122 
44328 
43752 
49025 569 
44116 2596 1747 
44189 
43734 
44372 
44168 
48599 
44191 
43825 
44232 
43748 
44235 19 
43735 
44279 
44224 
44431 
44343 
44352 
47874 
44441 3678 
44353 
44383 13 38 4289 285 
44405 4798 
44311 
44408 
44413 
44420 240 108 135 1356 108 135 1540 34 
44464 
44465 
44478 
44483 158 1599 1913 1220 
44488 12 2437 
44492 
44497 
42564 
42559 2404 
43233 2394 2173 1395 
43562 2394 
42733 2394 1630 566 23 257 
43637 2394 1029 1818 
47873 618 
43066 853 336 620 585 1014 420 
43083 2394 4268 
43520 119 20 753 1502 119 20 
43563 2394 781 381 97 
43557 2394 
48139 
42937 2394 
43137 834 1560 
42569 
43374 681 1713 
42657 2394 
42812 137 2257 137 1818 
43059 1447 947 
43198 2394 
42598 2394 
42597 2394 
43084 1605 789 810 1366 95 
49265 
43236 2394 3184 
42853 2394 
43674 2394 1189 
43019 2394 
43616 2394 
42596 2394 1588 
43668 2394 
42654 159 2235 159 3657 290 466 
47015 
42590 2394 
42575 
42608 2394 
49304 
42958 2394 
43336 2394 
43359 2394 
48212 22 
42821 1192 1202 3197 
43235 2394 
42593 1163 1231 
43645 2394 
43588 2394 
43005 2394 
48837 
42572 
42913 2394 
44072 
42560 2404 
43072 2394 3190 577 441 
43368 2394 3981 
42858 2394 
42783 2394 
42955 2394 
43580 2394 
42601 2394 
43463 443 1951 
42600 2394 
42943 2394 
47999 
46759 1025 
42644 489 1905 489 
43065 2394 
43647 2394 
42562 
43096 2394 1295 2091 
42591 2394 
47764 76 546 
42570 
43121 2394 
42976 406 1988 406 
43265 877 524 993 606 479 583 88 90 263 3 79 16 175 6 88 458 1170 
43669 2394 
42584 2394 
43079 519 1875 519 
42694 2394 
42778 403 483 356 716 436 403 483 277 843 743 342 1073 
43040 2394 
42662 868 401 1125 868 1369 816 
42899 2394 1856 
46886 16 
43025 2394 
43348 2394 
48450 
43201 2394 
42717 2394 
42718 1885 509 1090 1277 
43050 2394 
42567 
43008 2394 2100 
42745 2394 1855 
42616 2394 
42799 1795 599 1000 2168 348 438 
42628 2394 
42832 2394 
42731 2394 1678 288 17 
43228 2394 
42863 2394 1478 1685 
43253 1022 1372 
42759 1242 1152 
43631 2394 
42752 814 1580 814 2704 
46597 
43338 2394 
42634 491 1903 491 2263 1573 
42788 480 995 59 15 4 841 480 
42561 2404 
42606 
42785 2394 
43259 731 1663 
42971 2394 1815 
42607 2394 
42826 669 750 975 669 
42844 2394 4109 317 
42849 2394 
43555 2394 
42854 2394 
43582 2394 
42857 1874 520 1079 1374 16 
42859 483 586 832 493 483 623 1849 
42866 784 354 927 12 317 784 486 12 558 1322 30 
42960 185 772 62 297 591 86 401 185 927 86 1658 659 934 
43301 2394 
43314 843 1551 2758 
42877 2394 
43055 575 1819 575 
42884 670 1724 670 
42574 2394 
43409 2394 
43607 2394 
46986 1960 
42910 2394 1658 11 157 
43653 2394 3699 
43681 2394 
43086 2394 
46919 206 2262 
42947 2394 
46575 
43390 2394 
42962 2394 2081 1107 
42977 23 1303 625 443 23 1133 2231 
42978 2394 4072 58 
43111 2394 1110 
44486 
42991 2394 
43509 2394 
43708 2394 
43099 2394 2377 1023 
42992 30 1115 1249 30 2189 
42994 1146 1248 2754 
43006 404 129 1861 404 129 876 2662 
43102 2394 
43547 2394 
43027 1107 24 1263 
42973 2394 
47801 211 1185 
43029 2394 
43042 2394 
43549 2394 
43541 2394 
42829 1419 975 
48718 320 
42571 
43548 2394 
43123 2394 
43074 2394 
43537 2394 
42814 561 1060 773 561 
42856 651 409 1334 651 2331 144 
49177 25 52 
43127 114 89 1460 69 98 564 114 89 665 69 98 184 1047 411 117 
42568 
49696 28 155 
43216 2394 1776 1967 7 285 
43179 2394 
49366 
43345 1602 792 807 112 762 421 249 5 567 
43184 2394 3806 
42716 2394 
43353 2394 
43139 482 352 1560 482 
43227 2394 
43229 338 2056 338 
43234 2394 
43239 2394 
43243 2394 
43349 2394 
43578 2394 
43278 2394 
43723 2394 
43280 2394 
43283 780 1614 
43334 734 1660 
43296 831 1563 4048 
49167 
43613 2394 
43310 273 2121 273 
44827 1599 914 3 985 
43312 2394 
43604 2394 
43321 789 395 1210 2171 275 
43323 712 1682 1110 313 1018 18 
43327 825 1569 
43328 1154 1240 
43333 2394 
43341 729 1665 1712 
43351 1321 1073 526 1461 1035 
43654 2394 
43522 2394 
43361 2394 
43761 
43363 2394 
43713 2394 
43402 2394 
43431 2394 
43432 983 1411 
43480 2394 
43439 1219 1175 424 
49341 
43437 2394 785 
43472 27 708 1659 27 
43515 2394 
43517 2394 
44661 109 1490 109 1121 1853 
43518 2394 
43519 988 1406 2545 257 345 
43531 2394 
48277 
43536 1115 103 63 8 1105 320 103 63 8 1222 23 14 130 214 284 15 374 35 
43550 2394 
47031 
43560 2394 
43561 2394 
43569 2394 
43725 2394 
43575 2394 
43577 12 2382 12 
43584 2394 1999 817 
47456 
43769 
43603 2394 1211 
43615 2394 
43633 65 2329 65 
43643 12 11 2371 12 11 
43665 2394 
43822 5973 
43682 2394 
43686 2394 
42797 2394 
43689 2394 
43694 2394 
48957 
43700 2394 1406 
49488 
43701 2394 
43450 2394 1271 318 2288 116 29 
43707 1156 1238 361 
43720 1045 1349 250 896 
43722 2394 
49019 
43724 2394 
42150 
42197 
42374 1725 
42528 1128 686 1708 
48797 690 
42161 
42158 
42226 501 1918 476 1123 
49452 
42162 
42147 
42182 
42198 22 23 2328 1599 534 1661 1126 
49404 
42555 1166 2394 
48363 
42255 5007 2266 
42164 
42168 
42212 42 65 36 32 110 235 110 846 27 272 1139 110 846 27 496 148 87 219 1166 764 
42216 
42181 
43346 2394 
42177 
42240 217 9 1206 21 1092 1281 21 297 529 20 11 123 88 1086 
42163 2373 1599 1422 
42160 
48967 
47596 
42367 5143 
42178 
42244 554 626 103 1665 626 103 867 
42149 5393 
42230 96 409 304 110 928 1052 304 110 1543 267 1321 780 
42179 438 1163 1231 
42199 42 7257 
42573 
42372 6898 
42184 
42186 
42437 
47409 
42450 
48986 
42456 
42239 
42389 
42382 
42157 435 1163 1231 
42515 
42221 709 1435 959 2343 237 
42146 
46707 1822 
42266 15 58 26 
42268 10 91 5020 15 95 
42232 96 776 2394 3318 
42148 428 
42470 72 1149 2394 973 13 885 
42200 171 2327 1599 2103 185 591 
42142 
42143 1595 
42201 338 
42185 2375 1599 1414 
48003 
42203 4399 
42390 2525 1599 
42171 
42169 
42167 
42214 6610 
44151 4900 599 
42215 
43488 2394 3095 
42225 779 2394 3405 335 63 217 
42156 
42558 
42530 6370 
42284 1391 2394 1166 214 92 
47274 
42257 16 77 2 25 15 18 15 
42256 
43605 2394 
42282 6973 
42193 6332 895 
42375 
42267 99 1963 2759 
42242 210 2364 8 1591 8 1176 213 214 284 15 
42383 426 435 472 597 84 482 324 435 472 368 643 1762 70 182 121 129 135 313 
42279 
42172 
42321 23 99 1734 
42482 
42228 765 30 1115 1249 30 
42297 4935 57 8 
42525 4511 1742 
42322 4300 129 77 
42358 
47767 
42312 
42180 
42368 36 857 2 2392 2 1205 21 812 557 18 629 390 135 
47087 1412 
42357 
42183 
48806 
42145 
42334 707 2394 1779 307 
44535 1599 
42373 6898 
42144 
42356 
42359 4970 
42336 
42376 
42247 98 60 
42379 
42340 4716 
42384 6370 
42391 6644 
42394 
42400 
42401 43 1173 2394 
42429 1013 1017 1377 1700 1920 
42431 31 346 352 1353 689 352 3809 464 
42433 4385 43 
42846 687 1707 687 2454 
42434 
42447 486 384 1045 965 384 1192 2356 
42468 2154 1599 848 559 
42469 1221 2394 986 885 
44508 2564 1206 1029 
42474 5059 427 
42522 
42484 
42500 
42510 
42513 370 42 689 223 526 223 691 42 689 177 1516 
42353 946 274 2120 274 985 1428 
42518 
42519 
42531 
42537 6126 62 
42547 579 2394 
41785 
41630 1749 1198 1196 403 548 147 437 910 161 414 877 
43684 2394 863 
41875 4737 68 245 59 159 39 
42035 201 2113 2580 
49072 69 
41579 1008 2394 
46608 304 28 40 75 115 140 
41832 2643 
41598 
41661 1116 442 679 121 1152 442 2286 21 10 856 604 
41646 1388 1130 406 298 560 741 298 1481 30 
48619 
41640 102 935 505 704 47 1138 505 
41757 
41568 
48973 
41761 
41791 2123 
41756 26 162 114 6 647 217 243 4 113 27 42 72 29 101 59 306 74 19 13 14 332 204 218 307 217 243 4 113 27 42 72 29 101 59 167 218 387 96 390 407 131 873 190 70 239 66 
41584 
41753 1282 2394 1414 
41586 
46152 
41924 2207 
46595 
41650 9 2597 331 4 10 61 16 167 5 33 23 1280 4 10 61 16 167 5 33 23 1093 65 17 16 14 28 65 68 273 19 564 11 51 794 
41578 1008 2394 
44185 86 
41712 1582 61 2333 61 2728 
41999 5881 1485 
49006 
41814 
42045 262 
41599 1012 2394 
41636 33 6579 801 15 324 
41606 
41589 2175 
47126 
41789 11 296 698 159 1 5 296 224 360 39 358 16 21 63 155 697 159 1 5 296 224 
41861 12 13 141 39 5 24 37 1673 22 615 503 1599 554 388 
41607 93 27 57 175 101 591 116 437 50 270 378 23 85 1035 116 437 50 270 749 396 574 
41739 935 2394 
41608 708 316 112 862 511 909 112 862 677 10 
41821 6309 
41752 
42024 
41622 3256 9 1590 9 1452 
47992 
41648 
41620 585 1593 
49395 381 
41625 2528 
41583 1012 1163 1231 
41624 2330 88 2879 241 
41676 623 15 5130 509 1358 155 
42008 910 2394 2791 
41823 
49492 
41594 
41632 5064 
41743 935 1256 1138 3816 
42020 1792 84 422 42 2269 
41723 
41860 5920 
42380 8 8 7 645 25 1094 1275 25 1144 313 80 379 4 102 865 
41637 50 979 2394 2467 
41701 256 
41662 768 31 42 458 938 213 348 197 698 901 507 1137 327 
41588 2175 
41612 
41909 342 74 310 1404 990 1693 
41597 
42089 37 76 1001 806 312 61 1215 1048 176 42 29 743 
41641 
41673 1012 413 329 444 708 500 413 329 357 1703 37 835 471 21 
41649 
41672 57 916 166 1096 1132 166 1841 1022 429 
41652 445 566 4 1265 1125 4 3049 
46838 617 656 
41733 135 2409 118 41 2211 197 280 1714 747 
41611 2555 668 1599 1168 101 354 28 87 20 146 125 
42848 2394 1404 1075 1169 721 88 
41828 8 585 33 2165 302 1297 302 209 893 1842 
41680 962 186 88 1331 789 186 88 
42067 19 1717 649 
42107 
49397 
41683 
41689 1960 2394 2358 109 1005 
46939 15 25 180 
41631 
41935 272 82 48 1069 689 18 1687 
41746 935 675 245 336 372 66 700 675 245 769 910 
41702 256 
41921 909 160 26 5 329 14 244 546 95 975 160 26 5 329 14 244 1965 148 6 
41713 237 1345 2394 
41764 
41732 1206 490 1046 219 639 490 470 1364 309 1260 
42459 
41734 166 219 405 263 1172 294 21 27 178 6 696 1791 862 17 358 
41736 349 104 482 24 927 1443 24 927 2681 68 512 
41744 935 1256 8 1130 
41903 728 2394 
41693 156 214 676 532 1520 342 532 725 1926 
41767 1617 2394 
41758 1384 483 351 706 854 483 262 1422 14 25 
41576 
42246 18 106 6102 22 30 
42000 1918 
41769 126 79 8 94 850 2394 2855 18 598 795 
41773 7034 650 
43163 2394 4283 
41908 935 2394 
41943 767 784 1236 374 784 441 700 68 550 461 462 
41779 295 5216 
41786 2322 261 214 26 41 14 11 70 29 26 12 1370 26 41 14 11 70 29 26 12 1202 13 109 192 23 44 24 261 27 37 175 781 
42159 
41616 
41798 6944 
41801 
41945 767 460 1934 460 
41803 2153 
41605 
41806 1193 1122 1272 2754 
41577 
41818 457 380 2394 
47152 
43574 2394 
41615 
41820 3100 1599 1577 
41834 1615 419 366 595 1014 585 793 
47261 
41839 1230 47 583 1764 47 583 2830 508 
41845 117 160 1741 653 2437 2716 
49291 
42036 19 182 198 25 26 13 13 1838 87 
41852 246 18 11 669 1693 5 696 
42481 36 2106 1599 746 44 617 
41871 
42019 1792 2817 1346 1118 
41872 
42133 
41877 11 1384 995 1399 3939 
41882 
49453 
41911 726 2394 2618 1166 772 
41912 726 743 1651 743 
44555 1599 
41918 1094 2394 2303 
41923 1065 1142 1252 1650 1253 
41925 1105 2394 
41926 1105 1101 28 1265 
48630 
42847 2394 
41928 
41933 768 885 16 1493 885 16 3130 499 147 
41934 768 709 540 1145 709 
41938 767 2394 1504 120 
41940 767 195 2199 195 
41941 767 672 1722 672 
41953 
41963 1722 2394 
42026 1800 
41975 
41979 444 591 2394 1290 330 317 139 2138 
41987 204 730 2394 1674 
41998 104 
42003 215 274 759 2394 3267 899 
42056 7832 
44940 1599 
42010 
47339 
42011 2303 156 3951 
42013 1119 186 998 389 821 186 592 339 266 341 573 128 219 20 464 53 512 207 24 10 86 6 228 46 
42014 51 1830 127 83 18 22 24 148 49 67 12 130 53 25 44 30 21 47 20 8 16 26 16 31 12 1250 53 25 44 30 21 47 20 8 16 26 16 31 12 1071 84 15 36 60 20 341 35 111 13 15 42 
42094 6262 
42018 16 201 1575 538 2279 2104 
42115 2184 
42070 1731 539 115 3717 20 
49864 
42025 1793 79 422 42 
46812 
42037 1659 2394 2729 
41585 
42039 2281 361 1599 1461 1631 97 
43587 2394 
42044 1488 2394 
42048 161 479 2394 1594 
42057 
42092 6102 12 775 
42108 
48235 
42123 2577 1599 1520 
42131 
41246 350 
41210 1355 
41361 1770 239 75 48 2032 239 75 48 
41506 1003 7056 
44217 
41213 
41211 
41313 
42309 
41263 1031 4936 57 
44932 1599 720 
42670 2394 
41838 128 1300 2394 1990 1643 
41222 350 582 426 2 1161 786 445 2 1152 438 981 
42399 4440 537 
41346 379 2308 
48468 41 12 
43777 
41224 351 
41248 347 1015 1165 1229 
41229 352 1008 2394 
41231 
41225 
41472 1701 2394 
41232 
43264 2394 
41530 2780 457 1599 1454 1615 280 176 
41216 
41405 428 20 12 142 92 18 11 94 185 510 14 236 288 604 267 140 15 9 5 123 85 48 67 10 483 14 236 288 368 85 48 67 10 340 3 193 658 51 142 288 136 74 17 515 
41318 140 208 471 487 91 374 88 8 61 639 26 1107 91 374 88 8 61 
41395 160 7118 48 53 960 138 
43087 30 2 2362 30 2 
43352 2394 3046 
41362 1608 2394 1918 48 280 250 272 765 22 
41218 
41236 
41484 2195 106 692 1596 1744 
41345 
41233 349 583 429 1163 784 447 1152 1420 
41240 
41563 576 1580 799 1595 
41215 3755 
43178 2394 
41271 226 117 24 20 30 88 7 205 13 31 15 12 174 27 204 24 39 159 1208 192 10 78 172 734 1601 171 54 217 42 
41226 348 1011 1165 1229 
41559 
48831 709 
43591 2394 
41230 
41560 314 32 359 368 1485 909 2816 
41411 62 1701 2394 
41561 1589 2394 1082 816 1433 
41254 
41540 356 238 156 485 1314 150 930 1722 745 
41407 89 913 760 112 26 28 12 20 27 667 18 151 197 1136 112 26 28 12 20 27 984 236 53 
41412 3330 1599 2903 4 
41247 
41221 350 582 426 1163 786 445 1154 438 981 
41394 
41282 829 
41376 433 1396 1009 1385 
41252 
41535 
41249 
41294 6763 28 378 7 41 
41253 
41299 
41439 
41259 6610 
41306 3503 1599 1895 
41519 8095 
41217 
47332 
41262 1610 1215 1179 
41322 178 
49226 
41406 1002 760 892 1502 1209 
41264 
41328 11 168 495 44 148 19 32 195 50 14 36 8 1627 184 577 1599 636 776 1369 
41267 70 162 2598 3069 1222 
41505 
47566 
41379 704 2129 4348 
41305 316 817 49 18 147 127 206 204 1073 784 127 206 204 1249 1230 116 19 692 
41276 421 607 585 962 786 646 953 433 
41277 421 607 585 962 786 646 953 433 
41278 138 290 3 21 10 372 535 28 23 45 38 38 72 333 25 222 382 55 56 57 82 103 55 34 37 709 28 23 45 38 38 72 333 25 222 806 1260 
41281 
41488 
41227 
42566 
41308 8 733 367 8 290 39 82 26 224 27 102 212 588 164 930 39 82 26 224 27 102 212 3987 
49027 
41279 57 162 
44544 1599 
41237 
41289 740 810 2394 1876 
41533 227 8 456 64 436 147 14 98 161 241 242 36 43 272 308 72 760 147 14 98 161 241 242 36 43 750 10 6 400 
41287 560 169 45 225 454 529 546 633 62 276 348 529 722 247 226 56 197 
41389 
41303 5320 28 101 8 69 39 54 104 355 29 12 2319 
41298 1389 74 1236 1084 74 4574 
41307 
41315 8 19 66 35 7 18 8 52 82 19 24 10 23 17 59 8 43 16 15 25 30 23 14 19 36 39 79 11 501 22 18 8 20 14 10 42 17 34 54 37 12 41 14 8 14 31 117 6 12 2 32 8 6 15 37 5 20 135 29 3 68 14 26 33 15 28 23 44 137 30 20 7 16 21 36 3 9 17 24 77 10 9 17 27 66 71 15 79 7 79 26 17 500 22 18 8 20 14 10 42 17 34 54 37 12 41 14 8 14 31 117 6 12 2 32 8 6 15 37 5 20 135 29 3 68 14 26 33 15 28 23 44 
41300 690 310 15 28 106 16 78 5411 
41285 159 551 842 2394 1728 57 
41463 2918 
41351 191 1231 28 615 1751 28 615 
41335 5686 
43383 691 7 1696 
41314 161 2169 232 2162 1839 66 446 
41347 2070 2394 
41348 93 12 189 33 1288 236 287 733 213 61 864 236 287 2955 
41320 23 127 64 5 129 163 70 92 121 512 23 42 65 12 39 55 70 43 163 10 9 36 4 14 14 54 134 25 475 59 17 19 76 20 118 71 15 80 632 23 42 65 12 39 55 70 43 163 10 9 36 4 14 14 54 134 25 
41324 2287 224 510 1660 
41385 1430 344 64 1183 103 700 344 64 1788 1167 
41295 6884 578 343 224 
41531 
41565 
41471 
49759 
41333 
41349 3002 4124 579 
41352 1422 28 172 466 231 113 1384 28 172 466 231 1387 640 
41553 941 568 1807 587 1012 996 392 266 
41431 1759 2394 
41357 
41363 
47096 
41234 932 2376 1599 1420 
41364 
48547 
46583 
41319 348 958 1287 1107 
41368 56 768 288 726 763 911 720 879 643 1529 289 412 292 58 83 28 21 
41344 7080 
41369 24 44 3021 3 53 78 50 1549 50 545 871 394 420 52 
41370 1107 285 79 250 111 264 221 297 217 40 686 7 222 79 250 111 264 221 445 7 2792 
41367 94 265 753 814 230 445 1719 230 2182 
41490 
47983 
41388 3031 
41479 2230 2394 1155 73 504 407 
41391 
41392 597 768 644 672 1078 644 
46957 
41383 3021 5486 3 
41400 2826 
41410 529 767 2394 
41419 6521 
48385 
41415 1492 2394 3519 
41417 
41432 202 43 30 15 9 10 172 35 35 130 526 9 28 20 86 34 84 35 30 226 245 32 34 288 119 37 99 158 93 737 9 28 20 86 34 84 35 30 226 245 32 34 1499 
41399 2052 774 197 1423 
41467 1580 2394 
41474 2135 1148 1246 353 
47451 
41235 
41272 385 25 729 105 853 26 671 775 7 915 26 651 7 531 24 41 473 206 2022 
44766 16 1583 16 
41212 1351 1170 1233 
41478 
41485 1757 292 2102 292 
44056 4232 201 425 663 112 
41486 3092 1599 2414 164 651 
41491 584 2227 2459 189 83 2526 
41492 301 1689 2394 
41508 37 724 609 625 369 408 992 625 3440 
42483 
42104 848 892 35 1467 
41510 1359 120 31 1127 524 64 91 115 10 312 120 31 856 64 91 115 10 623 497 22 36 434 18 69 15 22 41 163 270 821 
41514 
41557 8258 
46683 416 17 
41537 1545 2394 3403 
41538 2328 307 118 
41543 665 433 274 697 1423 274 697 619 23 599 819 974 198 
41552 
41562 576 1580 799 1595 
41564 
41566 574 416 1170 795 1599 2490 
41066 19 866 
40409 2360 1243 569 46 536 1017 46 1650 36 254 
40767 
40369 7387 22 
40432 422 1073 1099 200 416 491 731 49 507 200 416 427 49 
48295 
40798 
40400 145 370 81 2307 2394 3039 86 266 210 199 51 
40892 
40729 
40341 6236 2050 
41200 
40335 893 352 1008 1165 1229 1590 
42520 
40331 
40670 
40328 892 350 582 426 1163 786 445 1154 438 981 1071 
41600 1012 2394 
41207 3313 273 28 1571 28 1898 4 
40521 6 1270 10 729 4455 2376 60 328 
41084 889 2755 1599 529 302 1749 
40323 
40357 893 351 1012 1165 1229 1586 
44463 
40352 892 349 583 429 1163 784 447 1152 437 983 1067 
40397 
40668 
40636 2571 180 2214 180 853 21 51 1388 
40503 6239 
49416 362 
40473 881 607 797 371 88 495 304 235 901 371 88 495 660 470 129 530 987 21 606 73 132 
41000 5685 397 23 70 177 17 
40381 4081 131 1599 1449 
40608 
49247 303 38 
40792 34 292 5628 
40673 1712 1185 300 982 1112 487 1609 22 1461 179 
40935 322 103 22 19 17 3 48 32 25 15 17 230 24 85 33 205 156 512 84 277 16 263 3 8 13 478 145 3 21 74 14 13 12 13 58 103 24 772 84 277 16 263 3 8 13 1651 341 147 259 
40501 2537 2394 
40354 
40350 892 349 583 429 1163 784 447 1152 437 983 1067 
44891 1599 
40371 8851 
43676 1146 1248 351 1902 1240 
41149 
40492 3918 
40543 
40326 
48613 
40794 353 
41613 
40355 
40727 
40336 
40358 
40327 892 350 582 426 1163 786 445 1154 438 981 1071 
40362 893 348 584 432 1163 783 448 1151 434 989 1061 
42428 904 1125 1269 
42031 46 13 218 434 151 34 928 12 33 107 323 806 151 34 1352 105 45 231 1094 
40733 17 353 45 248 13 57 16 153 159 504 100 648 31 871 551 348 9 584 31 975 9 220 81 351 333 489 47 129 36 189 137 53 979 
47042 1064 
41792 6348 
40363 893 348 584 432 1163 783 448 1151 434 989 1061 
44532 1599 1418 
40337 
40399 
40338 
40843 8834 
40366 
40833 
49817 
40401 166 80 12 58 67 11 355 37 
41094 7057 
40555 34 82 68 273 90 24 
40789 34 211 468 413 347 69 81 310 164 53 480 59 12 331 323 972 164 53 480 59 12 1961 369 998 193 382 
40850 
41202 
41105 49 1122 126 6610 
48726 
40419 498 1413 975 2394 2741 16 
40421 426 216 19 54 27 17 90 246 238 753 554 3 45 6 531 200 76 478 482 573 3 45 6 531 441 180 67 89 1076 111 79 480 136 233 46 295 47 320 113 14 6 103 
49005 
40588 8080 
40375 444 34 5 14 29 
40393 911 367 14 444 100 234 273 24 249 94 115 241 336 223 23 1089 24 249 94 115 241 826 30 11 7 260 40 57 5 39 6 42 22 6 59 12 30 62 140 2064 
40423 35 673 597 378 205 1029 137 48 379 26 37 44 187 417 1119 137 48 295 1425 915 
41145 
40766 
40367 1307 255 1232 1136 1258 
40396 
40418 129 49 2 318 273 186 87 346 521 33 942 240 781 472 61 840 240 458 61 608 524 325 72 335 118 16 514 97 32 314 51 43 74 133 
40345 
40408 1026 290 1567 102 27 614 28 823 800 102 27 670 1276 72 
41183 
40631 
41089 
40517 1260 1498 319 108 122 201 330 1314 319 108 539 78 482 33 1197 102 
41122 1350 4302 1184 
40376 269 3 261 143 133 364 7 67 24 188 666 423 12 82 52 11 166 38 24 53 702 552 101 242 359 12 82 52 11 166 38 24 53 459 101 242 153 319 589 143 37 109 101 351 299 685 413 65 55 
40387 440 21 2203 2394 2630 186 503 
40899 1642 357 2394 1774 1071 86 
40388 18 177 257 89 212 37 358 179 142 970 49 230 102 52 94 54 88 643 107 975 49 230 102 52 94 54 88 1113 774 4 
40410 
40384 2898 2394 2011 431 
40621 814 60 2697 4255 718 
40440 
41327 877 6839 
40842 89 349 439 662 1191 4 2390 4 654 28 217 542 12 64 
40368 522 463 60 23 319 26 231 1280 515 116 106 164 122 280 1091 508 896 804 140 66 348 232 486 603 67 
40385 2902 767 1627 
40451 8052 484 
40333 
41511 772 587 210 1068 469 325 10 312 210 742 325 10 623 426 20 20 1121 
40471 75 70 78 118 102 71 54 2263 2394 
40392 2075 1519 3082 429 327 
40394 230 180 3 228 109 125 224 983 348 489 53 126 751 561 414 489 53 126 517 251 30 111 41 40 175 32 44 57 55 40 119 4 60 145 168 523 186 29 4 16 13 33 944 15 30 
40488 2695 694 412 418 870 729 2642 
40697 
41245 
41175 8509 
46837 
40737 
41870 
40687 2219 2394 
49402 
44231 
40975 634 1336 374 515 1505 374 
40360 
40873 
40321 
40324 
40398 621 2052 564 1830 564 2852 
41380 45 22 637 1363 766 20 145 11 13 27 47 8 1357 2720 
40553 8579 
40745 6 
40505 
47007 
40403 510 1558 1692 2447 632 84 52 68 80 431 1007 275 
40404 558 7004 
40420 40 970 30 196 82 677 244 14 161 202 160 344 410 115 766 222 14 161 202 160 344 496 1903 365 147 427 329 78 4 
41040 
42730 2394 
40665 1249 2229 
40405 558 
40411 532 17 2417 2394 
40395 230 411 615 9 620 1977 312 3 16 2 12 61 14 169 5 56 7 1254 3 16 2 12 61 14 169 5 56 7 340 224 520 46 21 17 16 3 37 39 28 68 273 19 5 411 210 12 782 16 
48469 
40378 44 2024 86 688 2394 
42514 
40945 9 348 144 1550 57 54 1823 460 57 54 1028 382 258 870 379 9 
40361 
43545 2394 
40412 
48607 
40356 
40415 76 32 115 249 1094 570 2368 1599 481 1661 246 208 13 86 
40799 551 1454 2394 
40489 4184 1599 1442 10 9 
48253 
40508 
40414 
40565 4218 60 1539 60 741 242 1362 
41177 326 537 782 292 95 64 227 1190 20 14 492 292 95 64 227 395 20 14 379 950 14 84 406 280 99 894 177 160 119 
40635 1282 1427 806 1588 2920 
41069 
40678 6514 1499 305 105 
40349 892 349 583 429 1163 784 447 1152 437 983 1067 
40774 2550 1047 249 66 1032 501 66 1338 123 164 
40416 9454 
49156 
40340 7213 
40417 25 
40425 2733 2394 
40426 
41197 770 2115 291 2633 1288 136 
40475 217 465 5502 1554 
40428 120 74 
43760 
40344 
41420 2013 2394 
40447 4196 1599 1942 109 110 1367 
40325 
40479 224 106 197 37 125 1642 435 313 159 1121 23 343 435 313 159 326 23 737 1393 104 190 252 43 25 53 120 9 14 121 
40802 
40433 
40434 152 430 316 7753 760 
48117 
40365 
41969 
40478 2987 464 271 135 1524 3177 
49798 
47488 
40444 
48741 
40431 34 45 212 
40449 2579 862 245 24 209 306 70 29 26 12 611 851 70 29 26 12 800 524 192 379 398 
41155 7590 
40342 
40435 
40436 7102 
40438 182 1299 1094 2394 3856 546 37 
47201 11 13 
40439 
40441 
40445 3969 
40391 6975 1451 
40374 
40516 1430 7534 
40764 2884 2394 3594 19 
47522 
40959 3206 5393 
40650 150 280 787 24 5162 1841 545 174 191 6 
41114 257 51 679 1035 102 394 338 409 1151 102 394 1985 256 265 1038 265 
41457 3322 1599 2530 
40735 
40339 7213 
40389 
40891 3821 1599 1535 605 273 1082 
49830 
40446 682 
40643 
40455 6881 1430 
42615 2394 
42125 
40456 
40486 175 357 
40490 1255 231 526 178 353 91 812 226 912 353 91 3315 185 327 125 
40773 
40320 
48007 
41113 
40813 2039 566 71 1757 566 71 858 1393 
40373 444 11 41 27 2 9 48 12 12 3 284 8 55 27 16 55 29 56 6 6 23 71 25 52 70 40 89 22 90 48 217 31 116 212 53 10 54 17 27 73 16 15 10 37 2 13 22 19 4 8 35 13 18 21 11 122 44 99 3 22 2 23 38 14 30 155 136 51 12 15 47 19 7 14 31 11 21 33 63 6 23 22 25 63 23 49 49 70 185 79 170 53 87 53 10 54 17 27 73 16 15 10 37 2 13 22 19 4 8 35 13 18 21 11 122 44 99 3 22 2 23 38 14 30 155 180 79 170 53 128 10 12 3 25 17 18 70 77 143 46 44 48 129 64 46 389 341 19 194 175 521 
40347 
40461 2925 689 1705 
40319 
40726 
47770 
40464 114 
49617 
40452 353 9 37 13 446 177 1259 349 52 137 41 53 242 57 304 1159 349 52 137 41 53 242 57 952 501 
40549 2751 2394 
48488 
40424 779 5 126 89 41 103 574 192 30 128 66 310 538 322 256 23 94 116 264 42 739 538 322 1794 487 209 359 
40595 782 499 11 194 2129 4348 
40911 
40653 1825 7083 169 
40466 16 8341 691 
40348 
41086 
40468 15 12 35 
40469 67 8336 298 
41023 
40613 1285 1754 186 1079 41 1088 470 41 2749 
40836 
40353 
40379 756 1831 255 260 610 1269 255 260 2495 
40885 
40472 4001 
41633 1801 753 1641 1506 
40474 7411 
40676 213 8897 
42609 2394 
40677 2806 1150 1244 355 1936 786 
42292 181 1197 2394 887 340 11 5 652 
40524 
41156 1168 
40644 
47057 
40669 
48609 
40380 27 1403 522 100 228 2394 4608 
40322 892 2522 1233 
41037 135 311 2046 2394 
44559 1599 1420 
40708 8828 
40477 7284 1635 
40837 97 2176 2394 1719 1693 6 6 
40484 
40351 892 349 583 429 1163 784 447 1152 437 983 1067 
40679 109 87 46 505 14 14 68 608 163 129 1038 132 257 43 131 101 22 24 332 256 1096 132 371 309 111 34 290 125 107 75 637 247 437 46 222 105 21 380 
47120 
40485 9 2 132 36 3 151 52 27 11 60 12 3 42 23 28 1 88 165 29 22 47 10 10 11 54 2 33 6 65 25 10 50 12 50 50 9 16 23 2 14 97 123 21 151 29 112 108 137 10 16 64 17 80 51 44 71 67 16 24 4 13 18 2 32 8 15 2 44 52 31 60 49 36 22 75 80 136 63 15 66 8 44 45 180 65 107 13 27 37 109 58 81 14 32 20 39 91 12 39 90 10 16 64 17 80 51 44 71 67 16 24 4 13 18 2 32 8 15 2 44 52 31 60 49 36 22 75 80 120 58 81 14 32 20 39 91 12 39 76 23 55 17 23 38 23 8 18 84 94 20 22 137 60 18 37 7 50 46 9 15 30 122 25 16 172 46 55 179 41 22 37 70 19 12 44 18 49 11 17 15 121 168 111 228 49 197 65 52 119 40 40 23 106 19 33 
40487 33 1185 2751 
40534 197 
40386 
40707 94 196 
40497 
40370 
40656 
47219 
43044 2394 2525 708 579 428 
40329 8288 
40498 
40688 11 189 166 831 69 14 386 698 8 637 191 160 142 1256 8 637 957 1825 205 
40343 4200 1599 1420 1067 
40706 2999 2394 
40540 4070 1599 624 781 
40500 6299 
41645 1180 1244 175 387 588 1011 1558 
41096 5853 
40562 
40502 
40504 321 3596 
40761 500 366 94 53 567 393 17 2377 17 
40525 17 158 820 440 2439 473 1599 294 910 529 867 330 238 66 21 26 
40526 
40514 14 33 36 58 378 99 52 214 82 298 24 52 93 2 415 174 15 669 54 427 177 146 212 31 116 9 110 190 139 783 54 427 196 139 343 163 258 33 11 608 309 71 62 45 36 211 177 77 503 271 121 153 
40476 
44794 1599 
40590 800 7 433 722 197 1643 25 726 1630 9 
42554 
40532 6347 3007 
42021 264 1534 2823 215 
40535 
40443 20 219 13 125 9 164 265 63 112 284 185 50 28 108 225 22 123 91 78 13 57 28 25 131 20 102 427 32 7 577 126 32 363 454 13 57 28 25 131 20 102 427 32 7 303 490 221 641 127 307 12 100 340 7 244 655 25 46 300 4 188 
47582 
40537 7 316 1805 1775 156 463 1136 2980 684 
40551 
40531 355 310 714 132 594 1440 53 198 29 290 8 376 1215 8 1094 531 127 217 169 427 819 
40364 
40585 430 
48024 1555 
41010 
40778 
40539 65 105 8249 52 
44893 4 1595 4 2047 
40600 8069 503 
40493 45 4060 1599 1342 1524 340 
40702 490 1792 419 901 114 214 297 449 419 434 297 262 968 167 107 135 264 691 
40924 2382 293 2101 293 
40550 258 291 5 373 713 48 20 16 162 19 34 543 481 116 532 576 12 91 586 481 116 313 12 91 205 38 13 125 25 200 35 133 160 102 464 5 594 17 153 72 165 59 46 87 280 175 
40359 
40556 4 39 553 6033 21 
40383 807 176 313 32 286 723 70 166 25 112 197 421 78 20 49 174 18 273 449 146 37 159 70 166 25 112 197 421 266 146 37 484 754 45 374 47 90 
41031 
42763 659 52 419 302 962 659 52 
41884 6975 1021 
40734 
41081 904 526 999 338 2056 761 756 1271 424 13 672 23 
47584 
40557 937 1738 2394 3856 
40662 504 
40558 
41964 5924 
41283 14 43 515 137 303 43 284 68 81 103 182 136 215 8 468 111 33 58 101 86 115 546 83 68 81 103 182 136 215 8 723 160 421 319 701 611 109 570 319 
40658 289 574 23 1329 1215 1179 
40570 4173 1599 3047 5 
40573 141 
40346 892 349 583 429 1163 784 447 1152 437 983 1067 
41130 179 32 61 40 608 198 98 147 261 51 31 329 226 151 415 38 184 41 8 198 722 51 31 329 226 151 2716 650 
40559 
40632 398 
40672 1446 668 1129 43 342 273 607 992 904 1658 635 197 
40834 693 3225 1599 609 194 1795 473 
40715 
41312 740 198 98 94 53 1686 
41195 2618 2817 
40563 194 452 896 205 85 836 672 711 1011 588 1425 874 4 14 15 8 
40566 522 110 2438 2394 1103 1552 486 305 
40377 378 570 179 292 31 31 47 27 54 107 300 27 7 81 42 150 118 94 336 38 184 38 697 363 79 8 13 11 37 155 223 118 94 336 38 184 38 265 79 8 13 11 37 155 223 32 76 485 6 19 208 163 7 26 24 122 149 150 35 197 27 10 308 305 307 8 175 172 
40569 7075 21 
41775 
41042 342 233 1075 2394 3665 260 474 
40572 174 
40615 
40575 
44357 
40372 8330 631 
40609 
40576 
42618 1163 1231 
40577 8430 652 
41106 7278 
40579 944 773 699 29 33 56 127 118 2031 29 33 56 127 118 2034 
40649 
46591 
40879 3877 1599 
41275 389 32 607 585 268 694 601 185 646 268 685 433 
40580 252 284 
40581 
40480 143 321 32 7576 873 
40430 
40582 8679 
40584 
43146 5 829 1560 5 
40878 3928 1599 1895 
40382 983 313 32 286 13 710 200 61 112 9 29 159 27 76 43 275 98 223 18 263 459 183 159 200 61 112 9 29 159 27 76 43 275 266 183 215 19 28 159 817 45 179 89 22 
40592 2706 2394 
48260 
47106 84 939 696 
40816 25 27 27 35 36 330 236 186 41 258 206 500 145 24 90 161 261 117 47 58 14 22 154 38 123 5 23 66 54 133 27 21 811 145 24 90 161 261 117 47 58 14 22 577 30 28 57 101 16 30 40 83 
40861 
40593 
40594 203 84 90 910 572 493 1332 1062 2432 803 259 26 77 108 113 353 
40601 
40725 24 
40754 
40723 
40448 61 
40844 239 1772 39 10 97 388 36 60 16 179 1045 524 39 10 97 388 36 60 16 179 250 1090 352 347 593 364 340 217 46 66 
40390 1653 275 1475 247 3322 
40602 
42195 256 
40603 6535 
40334 
40690 369 111 
43571 2394 
41626 294 1095 22 1119 1253 22 3274 598 287 158 
40605 
44136 
40845 
40606 8368 
40607 1252 
40922 
40701 41 1228 2206 2481 2458 6 7 695 
47685 159 185 50 399 28 81 
40610 6236 531 1392 
43322 2394 
40614 
40457 55 17 1162 160 105 1520 490 231 416 1257 342 2107 899 
48551 
40626 
44242 
41134 
40835 690 1398 2394 3807 
40675 
40629 2164 2394 
40999 387 877 57 29 443 370 384 49 589 150 852 370 384 49 862 96 146 51 1869 11 161 67 
40630 378 21 46 22 
40413 98 101 2731 2394 1971 298 
40716 136 
44501 
40459 48 110 20 26 147 73 120 105 68 6 156 20 71 23 13 190 35 47 53 27 25 8 87 166 7 14 290 5 127 100 7 19 32 25 41 10 53 32 86 36 226 45 68 34 54 83 31 305 7 3 110 10 260 37 27 7 97 78 27 148 79 107 210 7 19 32 25 41 10 53 32 86 36 226 45 68 34 54 83 31 321 79 107 367 799 232 189 138 19 66 93 67 29 6 431 96 194 45 17 425 51 
41073 
44608 1599 1405 5 284 34 40 33 
40633 
44759 143 33 1423 143 33 1428 
40691 
40830 8362 
40639 300 689 209 9 61 399 415 1563 831 3008 294 793 496 
40499 323 240 67 131 33 454 935 418 353 485 145 341 652 418 353 1000 421 191 823 100 1111 289 81 
40640 
40619 8826 51 
40641 
40618 8700 
40646 
40651 
40684 8234 
49660 
40541 152 
40652 1056 87 31 105 495 273 118 987 902 16 371 118 1094 16 1838 1050 67 
48644 
40427 35 8 98 23 321 16 4 17 41 5 73 197 36 16 87 41 10 210 49 37 71 34 197 83 181 89 11 81 125 252 132 159 131 587 26 143 5 353 606 252 132 159 131 913 46 50 69 56 42 43 55 203 238 55 11 13 40 
40657 
49089 
40642 
40786 306 1305 403 2394 4542 
40666 408 3635 1599 765 2207 224 137 
40821 2631 971 1423 1421 1919 19 186 150 145 
41171 
40674 1341 7 11 201 907 483 10 7 173 6 155 372 1188 483 10 7 596 798 645 1649 
40685 766 453 302 339 4477 96 1625 876 130 2 
44553 
42914 1990 404 1195 
40696 281 43 31 832 2620 2215 664 84 597 315 196 10 343 382 74 15 292 66 
44741 1599 1163 
40574 
40698 352 3 37 5720 1069 387 
40704 
40705 2859 2394 
40933 2130 1862 532 1067 219 484 
42210 2682 1599 
40710 448 
40782 3901 187 20 1392 187 20 1229 8 17 72 243 49 94 15 380 
47973 
40450 31 34 966 200 538 8 50 74 94 283 103 9 71 179 30 56 280 60 80 42 29 125 160 85 145 68 40 832 103 9 71 179 30 56 280 60 80 42 29 553 7 356 13 54 328 21 3 
40711 448 133 3082 4703 254 
40712 
42448 486 2394 
41193 
42091 
40713 8287 
48874 
40718 
40683 7319 
40988 732 1617 743 1651 1942 120 562 
40719 
48909 
40720 
40791 
41489 2054 2394 
40453 9078 
40721 
40724 
40728 16 
40506 1872 
47668 
40730 
40454 349 3 462 1555 542 126 1726 542 126 768 141 41 40 175 188 159 209 877 
49518 35 
40732 2732 735 1659 3262 644 7 
40402 
40736 
40533 1106 96 798 375 40 590 1129 635 40 590 334 428 823 309 
40942 349 970 
40738 
40740 
40467 
40429 251 239 182 273 695 11 988 304 428 30 35 344 57 73 105 10 248 153 607 304 535 153 480 658 230 8 420 34 273 368 122 
40743 
43556 2394 
41771 
40741 
40747 
40900 880 1123 19 1017 57 841 23 437 19 1120 23 2083 555 126 648 
41173 646 1679 2394 3090 683 
40796 
40748 
43759 
44487 4941 10 
40752 
40330 
40753 
40660 29 
40756 517 421 110 200 74 919 848 157 117 1272 1509 1678 642 302 
40554 459 8 132 
40758 
40998 1537 
40759 4 8 6466 
40762 
40937 8176 
40765 
40768 
40769 
40770 13 
41750 
40862 
41551 2564 
40772 1424 773 2394 1997 1008 518 363 81 
40981 3307 3575 1066 18 
47344 
41142 18 
40775 
41032 
40776 1247 1794 4789 
41014 2690 2394 
40777 7205 357 957 
40627 
40518 4 640 816 6 836 2394 3202 
47110 
40779 
43802 
40564 438 25 
40780 1007 1764 558 261 214 92 70 29 26 12 1132 238 92 70 29 26 12 1215 109 192 68 284 27 37 175 
48641 
40519 92 23 47 5 372 81 1367 28 2055 1599 620 414 1641 3 126 127 186 299 161 
49079 
40781 
40513 
40760 2490 2394 
40787 1573 4588 1513 
49041 
40790 1283 456 197 69 883 428 406 199 409 69 883 238 1153 368 916 273 812 35 
40571 436 37 125 245 3448 1599 2307 610 
41815 961 2394 
40793 324 5630 653 678 
40654 2196 2394 
40437 
40811 
46966 2442 
40815 51 27 13 58 14 531 8 12 17 459 248 17 609 62 134 30 291 108 75 78 216 408 481 143 368 62 134 30 291 108 75 78 310 143 136 105 1223 11 6 116 1184 
48891 
46985 376 1300 
43514 2394 3873 
40824 
40831 
40846 
40838 80 18 6401 
41049 
41223 350 582 426 2 1161 786 445 2 1152 438 981 
40839 86 26 
40849 78 23 
40332 
40855 
40856 
40857 3284 2589 280 1657 266 265 683 
42342 6986 
41387 
40859 
40863 
40865 
40867 27 71 319 609 101 635 109 51 93 515 76 185 198 590 343 234 109 51 93 515 76 185 336 274 1121 531 
41087 4 947 626 1775 619 2995 59 332 354 595 54 418 
40871 
40874 
40876 450 1113 4387 48 
40877 97 
47523 
40880 5901 2388 
40882 
40884 315 
40902 
40903 2 
40904 2064 2394 3525 
42323 
41878 11 3 
40910 6952 
40920 
40926 2162 465 70 1127 732 465 70 332 523 1037 784 
40938 
40940 350 969 7518 
40552 449 124 7357 10 418 129 582 
40941 5 
40948 602 973 397 2019 375 1224 648 1345 35 591 618 
43049 1591 803 796 433 
43535 2394 1455 369 
40952 
40953 3380 
40956 
43267 2394 
40957 1569 
40986 7999 857 
40958 
47543 
40961 2658 2394 1220 624 643 
40992 13 2668 1080 1314 285 609 196 
40969 7124 739 
40970 6224 
40785 2343 2394 1476 1898 54 491 137 17 17 16 38 
40972 8584 
40973 7076 
40984 3668 18 14 135 16 1416 18 14 135 16 1168 59 10 8 7 5 28 8 17 72 198 16 29 143 15 3 93 23 37 62 38 23 32 69 
40587 430 
40987 8639 
43311 2394 
40989 
40991 2329 2394 1570 
40994 2571 2394 
44547 1599 
41004 
41009 440 300 94 642 59 106 538 1049 147 264 396 538 665 1927 66 
47763 
41684 5298 
41011 13 17 290 
41022 
41239 
41026 3604 1599 1926 695 
41028 1756 2394 
41038 136 7631 
40923 7298 
41045 8571 
41046 
41047 241 475 9 76 214 225 454 302 219 8 323 856 62 624 302 219 8 323 721 147 4 30 15 175 60 52 61 3 62 2164 
41055 
41056 743 
41057 
42851 2394 
41127 
41060 
41061 
41064 3334 
41065 
41251 351 1012 2394 
41067 3 23 7 
41071 
41072 301 695 11 988 304 428 30 35 344 57 73 105 10 248 153 607 304 535 153 1138 230 8 454 273 
41078 29 30 44 8226 
41079 
41095 870 76 615 311 87 1270 367 359 311 87 842 413 1048 698 87 1152 
44916 1599 
41098 5943 268 485 271 340 1228 125 
44625 1599 1407 236 31 13 380 
41109 753 2777 1599 655 182 
41110 
41111 2680 
41112 
41115 263 704 393 1736 553 1599 955 1241 
41119 
41120 
41167 
41121 6173 
48640 
41123 6325 
41124 2466 20 73 2301 20 73 703 665 1510 
41133 566 1067 2394 1662 42 33 418 916 851 13 
47401 
41138 63 2897 759 1599 539 699 36 1 458 
41140 831 1871 884 1599 
41143 18 3738 1599 
41146 
41151 
47200 
41164 
41179 
47450 
41879 11 5623 
41186 786 1416 99 2295 99 1483 553 1034 124 271 269 
41188 7534 
41191 751 767 2394 1861 36 136 788 207 76 855 
43597 2394 
41194 92 25 44 48 267 22 56 63 13 16 23 165 23 21 15 124 6 14 18 3 75 20 14 25 55 55 241 101 91 241 67 92 2 90 36 54 181 22 114 29 63 40 39 68 113 14 35 35 80 20 64 40 153 167 343 101 91 241 67 92 2 90 36 54 181 22 112 167 1221 17 59 75 109 160 22 66 27 81 9 24 238 100 
41204 
41205 
41206 
===Document Endings===
[www.washingtonpost.com/local/on-the-eastern-shore-a-mysterious-45-acre-russian-compound-is-being-shuttered-by-the-obama-administration/2016/12/30/b6a69c32-cea4-11e6-a747-d03044780a02_story.html?utm_term=.fb9b137ade72, 41210, 891]
[www.washingtonpost.com/world/national-security/fbi-reviewed-flynns-calls-with-russian-ambassador-but-found-nothing-illicit/2017/01/23/aa83879a-e1ae-11e6-a547-5fb9411d332c_story.html?utm_term=.310c7863e30d, 41568, 358]
[www.washingtonpost.com/world/national-security/flynn-in-fbi-interview-denied-discussing-sanctions-with-russian-ambassador/2017/02/16/e3e1e16a-f3d5-11e6-8d72-263470bf0401_story.html?utm_term=.527a0a575cbe, 42142, 574]
[www.washingtonpost.com/world/national-security/us-counterintelligence-officials-are-examining-possible-ties-between-russia-and-trump-associates/2017/01/19/7e10f31c-debd-11e6-918c-99ede3c8cafa_story.html?utm_term=.ad321c14d6bf, 42558, 416]
[www.washingtonpost.com/world/national-security/national-security-adviser-flynn-discussed-sanctions-with-russian-ambassador-despite-denials-officials-say/2017/02/09/f85b29d6-ee11-11e6-b4ff-ac2cf509efe5_story.html?utm_term=.21d705518513, 43728, 1170]
[www.washingtonpost.com/world/national-security/justice-department-warned-white-house-that-flynn-could-be-vulnerable-to-russian-blackmail-officials-say/2017/02/13/fc5dab88-f228-11e6-8d72-263470bf0401_story.html?utm_term=.7d1ac653610d, 44523, 795]
[www.washingtonpost.com/world/national-security/meet-the-acting-attorney-general-fired-by-trump-and-accused-of-betraying-the-justice-department/2017/01/30/05d4478c-e750-11e6-80c2-30e57e57e05d_story.html?utm_term=.ff3f24becd88, 44963, 440]
[www.washingtonpost.com/world/national-security/national-security-adviser-flynn-discussed-sanctions-with-russian-ambassador-despite-denials-officials-say/2017/02/09/f85b29d6-ee11-11e6-b4ff-ac2cf509efe5_story.html?utm_term=.b743820b3c1a, 46122, 1159]
[www.washingtonpost.com/world/national-security/meet-the-acting-attorney-general-fired-by-trump-and-accused-of-betraying-the-justice-department/2017/01/30/05d4478c-e750-11e6-80c2-30e57e57e05d_story.html?utm_term=.1957ff7ba7b3, 46562, 440]
[www.washingtonpost.com/world/national-security/intelligence-community-investigating-covert-russian-influence-operations-in-the-united-states/2016/09/04/aec27fa0-7156-11e6-8533-6b0b0ded0253_story.html?utm_term=.6d9ef3404926, 47542, 980]
[www.washingtonpost.com/world/national-security/acting-attorney-general-an-obama-administration-holdover-wont-defend-trump-immigration-order/2017/01/30/a9846f02-e727-11e6-b82f-687d6e6a3e7c_story.html?utm_term=.a2978a193ee5, 48612, 1070]
[www.washingtonpost.com/local/everybody-is-still-in-pain-but-is-it-finally-getting-better-in-riot-scarred-baltimore/2016/07/30/1671667a-559b-11e6-bbf5-957ad17b4385_story.html?utm_term=.975781062ad6, 49894, 1282]
 986 942 
25714 6285 945 2006 2835 986 942 
20535 
20694 54 162 563 763 849 748 3920 45 1208 1102 30 680 1188 596 349 596 279 1806 319 806 437 598 596 390 596 346 596 
20522 9048 7048 
20514 16630 
36401 
20541 
27451 
20977 1338 
20565 53 
20734 111 483 284 152 72 317 177 40 492 262 9 62 415 262 9 62 474 760 173 61 749 173 61 343 240 32 241 423 72 167 13 1496 561 1241 238 377 945 938 469 484 1248 6 310 990 396 986 941 
20544 3718 
21154 
25083 983 
20790 666 246 851 717 192 557 192 1548 1592 277 295 4378 113 832 113 1458 422 208 2640 113 873 113 829 113 
20710 
20532 
36415 161 
21110 3731 
21135 4879 
27985 
20844 1525 2091 
25379 983 9063 
20604 451 122 820 155 21 17 348 9287 238 68 16 60 11 258 294 238 68 16 60 11 258 1854 199 544 223 25 43 8 13 241 354 686 238 68 16 60 11 258 335 238 68 16 60 11 258 290 239 68 16 60 11 258 
29550 
20932 
20647 
20605 94 76 142 56 163 65 382 121 1121 55 336 358 54 337 347 12 302 127 1123 938 357 111 531 2120 1326 21 928 945 583 551 1980 1068 659 986 942 
35658 
20832 
20561 369 
29201 
20957 112 2013 748 
20968 
23167 748 959 
20547 
20552 
20520 3718 
21153 37 3389 552 983 1515 
20709 5055 207 6004 945 1233 1636 1972 986 942 
20740 847 1468 748 10923 
20550 
35722 
32286 945 4841 986 942 
21104 4612 
20559 2725 749 9876 
27321 10 66 3787 
20563 6 41 72 89 30 18 27 36 41 27 8 59 42 11 8 29 7 29 187 240 67 403 140 186 411 34 55 6 23 45 35 17 15 10 25 126 14 16 11 13 119 2 183 34 54 6 23 45 35 17 15 10 25 126 14 17 11 13 119 2 274 1 52 155 85 155 163 16 127 65 12 20 19 7 15 65 29 71 34 115 25 17 9 15 105 20 6 116 13 44 77 4 80 65 12 20 19 7 15 65 29 71 34 115 25 17 9 15 95 25 49 14 95 260 42 22 340 22 25 190 38 91 204 7 242 38 199 33 5 11 153 139 16 51 5 29 75 20 237 10 27 27 229 209 25 37 54 313 101 91 241 67 92 2 90 36 54 181 22 73 10 9 32 136 21 17 141 18 22 343 22 46 199 190 105 18 22 343 22 46 199 190 82 100 110 256 31 99 14 21 18 10 5 21 638 80 86 20 15 7 19 5 35 13 14 68 22 55 49 20 30 39 26 29 3 69 33 82 8 94 7 5 11 126 27 10 3 36 51 11 120 21 12 8 40 12 331 41 19 26 220 20 18 27 50 33 93 29 61 207 18 22 343 22 46 199 190 146 18 22 343 22 46 199 190 101 18 22 344 22 46 199 190 
20955 9860 
21118 1709 152 597 151 7846 941 945 3297 580 964 986 942 
20560 53 35 114 328 13 29 43 3395 
20815 15 1051 797 354 152 596 152 1012 372 269 57 162 495 269 57 202 93 260 9 879 8 7 17 90 49 42 47 823 92 469 41 8 485 14 161 202 160 344 303 69 545 37 161 747 37 161 695 41 1276 159 1446 207 819 37 161 788 37 161 744 37 161 
30317 
20838 4995 3488 6469 1201 247 
22525 6315 
20536 
36085 
22160 864 748 512 43 147 738 18 965 18 1327 33 2102 4022 592 595 216 
21004 
21401 295 
20773 30 212 837 1016 748 5005 1601 3695 1243 199 76 30 175 497 467 
25422 983 3304 7258 
20594 153 45 105 73 92 11 73 18 35 745 3 42 28 48 374 34 102 85 1871 2808 15 51 864 1060 26 19 936 145 24 90 161 261 117 47 58 14 22 260 288 105 51 252 272 265 105 51 252 272 264 100 15 554 65 69 19 49 21 23 12 45 6 97 61 49 1340 7 43 572 91 659 105 51 252 272 306 105 51 252 272 261 105 52 252 272 
20627 61 228 50 20 166 51 682 31 89 170 27 478 5 1900 2784 34 314 624 521 340 207 208 524 1268 56 267 945 3391 369 55 20 697 309 986 942 
20570 252 209 34 590 244 30 48 4 87 96 273 170 30 17 222 75 36 442 195 75 36 443 2887 481 385 755 93 12 14 52 6 44 323 304 781 103 9 71 179 30 56 280 60 80 42 29 463 8 40 87 68 51 151 34 32 139 165 9 15 33 11 27 75 8 40 87 68 51 151 34 32 139 165 9 15 33 11 27 292 64 1280 39 49 31 34 23 40 130 22 16 150 61 50 53 212 56 130 168 7 133 27 340 293 13 258 8 40 87 68 51 151 34 32 139 165 9 15 33 11 27 116 8 40 87 68 51 151 34 32 139 165 9 15 33 11 27 72 8 39 87 68 52 151 34 32 139 165 9 15 33 11 27 
21083 214 3377 63 3292 1791 4655 47 618 1123 838 118 
20571 25 412 196 920 9378 
30144 
22493 
20530 5146 2201 2305 
25486 983 
20517 5148 2205 680 2779 5824 
20904 10832 496 61 388 496 61 2036 2248 496 61 429 496 61 384 497 61 
20558 109 466 3436 9 2745 9 32 351 18 1881 403 59 552 1475 241 704 241 3131 787 682 241 745 241 701 241 
20525 
20812 79 50 368 166 78 169 53 944 446 308 440 309 529 55 62 226 983 1371 208 65 18 52 237 511 469 523 23 64 185 25 5 188 81 5 29 4 314 538 322 100 160 85 644 301 644 301 1501 798 95 10 519 762 15 840 301 685 301 641 301 
20873 537 1856 178 571 178 2721 81 623 4524 945 814 3082 945 986 942 
21009 14343 
20749 349 376 78 169 3994 207 1174 519 184 262 946 380 277 198 247 818 137 48 2715 1122 1569 30 4 
30661 
20592 29 17 8 43 22 4 8 34 80 25 17 28 22 10 23 3 15 26 15 15 53 11 17 8 9 40 6 26 12 
20708 6616 
20582 1092 165 517 423 40 709 40 3855 1335 1521 1561 945 1424 599 522 422 480 645 448 301 986 941 
20598 78 8 92 19 97 9 44 7 381 512 161 274 192 215 14 1721 756 983 582 1679 182 162 59 22 105 64 55 351 11 777 252 132 159 131 670 40 221 9 9 49 19 12 22 31 25 13 15 21 11 34 26 19 73 61 54 29 38 70 19 286 9 9 49 19 12 22 31 25 13 15 21 11 34 26 19 73 61 54 29 38 70 19 428 1300 32 94 23 104 24 31 7 60 139 271 75 50 7 176 173 144 17 349 678 9 9 49 19 12 22 31 25 13 15 21 11 34 26 19 73 61 54 29 38 70 19 327 9 9 49 19 12 22 31 25 13 15 21 11 34 26 19 73 61 54 29 38 70 19 282 9 9 49 19 12 22 32 25 13 15 21 11 34 26 19 73 61 54 29 38 70 19 
28986 
20606 1499 9155 2577 2218 81 467 
20880 
21144 3782 54 19 5692 3561 
36705 197 
31151 
20513 7340 
21050 15466 
31671 945 4838 989 942 
20868 1315 604 328 421 327 437 242 18 69 200 2149 77 203 1250 870 30 19 1126 255 260 2951 207 520 390 718 1396 
28314 
20614 494 4525 7 976 7 
20587 432 
20591 699 1957 749 681 652 983 2158 1399 
20572 14 86 34 164 3716 4150 729 1997 9 4328 
22511 
20595 260 641 361 182 419 16 66 1834 90 227 534 178 805 178 588 257 1039 191 12 902 936 147 14 98 161 241 242 36 43 217 393 14 9 280 210 432 14 9 280 210 426 878 8 34 1743 377 862 14 9 280 210 473 14 9 280 210 428 14 9 281 210 
22918 748 4177 
20697 34 177 20 
20662 2142 749 4402 1235 1286 1864 945 4841 986 942 
20767 851 853 2993 491 492 1521 239 1149 45 1164 3396 2314 612 211 
26961 
20806 10312 1400 945 433 4408 986 942 
20600 9980 30 1555 82 863 82 4759 82 904 82 860 82 
20714 13740 19 
21463 3787 269 29 318 367 269 29 4659 3917 1227 392 
20603 14229 
20678 3873 294 337 94 225 232 76 32 36 288 94 225 523 496 184 949 19 251 83 760 630 370 384 49 291 411 14 74 454 403 14 74 454 352 75 267 1166 102 1646 261 87 343 14 74 454 444 14 74 454 399 14 75 454 
36592 
20612 
20624 429 3943 2346 2432 1134 2965 396 49 138 78 394 2457 
20811 1043 3079 160 222 761 222 1081 1489 60 17 294 632 1192 3787 1472 
20696 11 205 23 1021 316 21 31 61 162 143 699 749 5343 2050 34 79 416 945 2195 2646 986 942 
20858 995 2500 6 3678 2084 129 4 1703 130 815 130 4711 130 856 130 812 130 
20528 
20629 
25688 
20630 
20631 218 6539 608 2498 1685 945 2992 1849 986 942 
20820 814 240 65 164 46 32 439 620 749 775 89 333 983 1761 51 28 412 199 361 478 860 110 846 27 261 663 182 763 182 251 108 352 166 61 1980 698 261 107 5 670 182 804 182 760 182 
29034 
20807 11712 945 4841 986 942 
20960 15242 
25233 983 8477 
20633 7571 186 1331 1780 5888 
28707 
20841 10275 417 11 22 2265 
21025 264 98 7 33 54 63 24 461 817 138 17 26 20 36 95 73 28 176 6 134 137 17 26 20 36 95 74 28 176 6 63 104 28 276 13 634 32 951 32 551 50 310 353 340 372 82 68 28 7 531 337 239 47 210 141 719 483 10 7 279 2235 42 15 1586 10 341 473 614 8 372 166 
38400 
34045 
24813 
20635 230 291 1269 364 749 819 917 153 830 153 729 355 500 373 459 28 211 408 813 118 1012 2653 551 292 830 148 
20523 
22454 9473 945 4841 986 941 
20934 9506 
32413 945 808 4033 986 942 
28982 
20645 
20741 
20677 1532 3308 983 2755 2561 75 147 3 278 67 97 10 268 75 147 3 278 67 97 10 2806 1358 75 147 3 278 67 97 10 309 75 147 3 278 67 97 10 264 75 148 3 278 67 97 10 
35988 
20989 15322 
20653 996 3170 2585 938 4161 945 4841 986 942 
25677 
20654 79 93 206 682 12904 2600 30 
22567 11410 452 51 
20663 2142 749 4402 1235 1286 1864 945 3150 1691 986 942 
22517 384 748 1235 3351 265 8620 296 
20761 
20889 29 20 64 10479 
20778 1042 686 53 
20556 190 13857 
20579 433 447 295 915 2946 983 3676 74 3269 2884 514 196 104 
21095 602 389 1061 748 3338 455 72 2613 1857 945 570 316 32 595 3328 986 942 
31310 3738 
30867 3465 
20755 302 11 11213 945 3454 10 399 978 986 942 
31994 945 3649 1192 986 942 
20661 1567 575 749 1846 983 1573 1235 1286 268 2992 472 
36981 85 
20524 
24886 
21072 855 1333 749 509 851 983 398 1742 440 1188 533 745 865 945 1299 3542 986 942 
29552 
20777 3620 872 435 548 4900 3271 2341 
20679 1165 287 3052 162 821 162 410 1188 491 199 1163 5968 
22856 748 7433 3640 982 
20649 332 113 2007 148 118 482 149 118 563 14 2199 1163 3239 265 
34242 
20589 
22649 4630 9724 
21168 525 12112 2410 
20683 87 32 529 1536 748 805 2322 2689 1955 2530 1481 
21023 
20685 15647 
20543 
21054 
21589 1234 234 22 55 438 233 22 55 883 31 3025 27 676 1417 7406 
21087 
20691 1223 74 30 5334 1089 
20698 145 113 584 3120 1090 85 28 1729 782 3534 945 1308 768 816 1514 435 986 941 
20847 6890 2397 
20759 365 606 740 2098 625 983 1764 347 1612 939 4277 228 216 561 
34599 
20760 614 1916 749 792 4837 888 5583 403 
27295 
20593 1808 2475 687 417 566 1550 1926 246 675 245 190 883 945 688 483 213 3457 986 942 
21196 244 121 115 1194 243 107 33 365 243 108 33 281 420 1193 1000 528 240 530 510 463 349 1277 919 9 123 355 458 9 123 355 490 94 24 453 1499 532 1262 9 123 355 499 9 123 355 455 9 122 356 
20700 82 12927 1606 1344 
21130 4385 983 1221 2095 286 
37471 
28866 2008 1089 945 2210 988 1643 986 942 
20713 918 5 351 372 1987 2859 495 661 458 817 275 220 748 702 668 945 2168 1905 768 986 942 
20835 6094 9244 140 
20716 7060 12 2265 
29568 
25997 2445 3388 945 4500 341 986 941 
20744 
20574 634 347 120 2623 218 396 2186 955 1082 98 1039 413 329 374 226 91 95 850 95 2359 208 923 684 572 95 891 95 847 94 
20527 1265 943 749 1573 617 366 623 1204 7 3461 3729 899 16 644 
22605 
20769 768 3070 3659 466 3056 945 3147 1694 986 941 
20719 4414 736 247 2601 1525 7166 
34672 
20764 674 116 8 752 1009 749 443 225 417 332 406 245 332 274 2420 1230 435 472 310 954 945 239 92 350 4160 986 942 
20982 313 1724 748 1699 983 608 910 246 193 2456 319 108 1094 945 744 101 527 2434 1035 986 942 
35993 
21138 4678 88 1751 2181 275 1717 189 198 185 373 189 198 185 3569 700 189 198 185 414 189 198 185 369 190 198 185 
20726 693 3356 746 404 76 503 2309 460 1048 17 1928 945 2278 1286 518 120 639 986 942 
20730 1769 6565 858 
20671 325 578 1565 748 924 3528 39 1010 
20546 9047 7047 
20616 
20736 13043 526 
31946 945 4841 986 941 
28478 8827 
20737 
21666 
20738 382 7857 2263 172 75 2764 
20851 2270 748 7032 922 246 699 246 2173 30 111 28 48 321 1884 246 740 246 695 247 
20739 698 130 301 432 518 293 38 68 133 7 73 137 292 38 69 133 7 73 1024 983 1035 324 22 1243 802 394 565 419 622 103 635 310 635 1857 120 149 166 63 367 1484 635 351 635 307 635 
20751 1074 7538 424 911 926 749 102 843 102 896 1373 251 1093 1126 102 884 102 840 102 
21041 
20752 1172 50 2820 
20622 6678 2815 2330 945 568 4273 986 942 
21287 20 1664 200 8 540 200 8 1104 2465 340 600 1519 728 1112 945 2026 2815 986 941 
21176 7254 
20772 
22836 225 524 224 12021 1208 
20774 11060 445 146 354 445 146 4250 445 146 395 445 146 350 446 146 
20625 3816 3781 5902 
20779 10489 3224 149 
21913 8972 
21081 4670 2930 617 85 923 200 61 112 9 29 159 27 76 43 275 217 194 45 109 168 96 131 55 51 34 89 56 111 45 109 168 96 131 55 51 34 89 56 287 878 240 233 68 307 68 955 971 45 109 168 96 131 55 51 34 89 56 152 45 109 168 96 131 55 51 34 89 56 108 44 109 169 96 131 55 51 34 89 56 
20785 
25696 
20788 
20557 86 476 2302 749 6801 951 3 942 3 1813 3025 3 983 3 938 3 
20545 
20680 119 22 7782 38 6 118 137 317 221 861 39 82 26 224 27 102 212 2943 
20805 20 32 15 330 207 526 629 390 11 49 178 14 237 259 11 49 178 15 237 338 13 555 94 65 555 269 94 65 458 214 705 525 352 16 101 18 337 122 12 115 32 1408 304 648 136 111 287 376 42 19 110 111 287 376 42 19 2933 427 239 407 111 287 376 42 19 151 111 287 376 42 19 106 111 288 376 42 19 
35078 
22941 748 
20808 788 4287 6637 945 4841 986 942 
20809 11712 945 4841 986 942 
20810 11712 945 4841 986 942 
21166 4764 7873 2410 
20814 863 801 2236 2478 8223 1536 
20816 863 741 2547 3315 2007 709 1156 89 856 89 1654 3098 89 897 89 853 89 
20818 403 925 6266 2143 4822 56 
31467 
20824 5015 
21099 
21111 
20828 9801 
20850 9048 
20856 15 537 526 629 390 11 49 178 14 237 259 11 49 178 15 237 906 94 65 555 269 94 65 672 705 525 368 101 18 337 122 12 115 32 1408 304 648 136 111 287 437 110 111 287 437 2933 427 239 407 111 287 437 151 111 287 437 106 111 288 437 
20863 
20953 
21170 11406 945 4841 986 942 
25681 
20875 11262 945 4841 986 942 
21441 3561 3436 559 
20876 10158 1104 33 10 902 33 10 4798 33 10 943 33 10 899 33 10 
21116 2108 749 2832 9223 11 
20881 40 3978 4264 1181 644 3204 478 1791 
20890 4205 983 3740 5674 427 
25890 
20884 80 11023 945 4841 986 942 
20896 10 1646 13155 460 
20899 16085 
21882 797 4844 1926 
22650 11442 
20900 
34317 
20903 1759 1958 2809 1193 6669 512 382 
33691 
20905 4110 9785 
20913 6 
20914 6 
28462 
20915 52 118 973 4737 961 1444 5 1245 1457 945 1133 3323 385 986 941 
20566 169 31 32 144 146 3484 1002 983 216 894 55 300 10 14 11 1556 2150 385 41 519 385 41 1461 1644 71 260 979 385 41 560 385 41 515 386 41 
21071 8901 2602 945 4841 986 942 
21182 
25663 
21354 5 9272 6037 
20937 191 45 1100 6607 3588 945 1080 733 3028 986 942 
20943 3338 56 25 1417 3400 5527 407 180 822 307 
22703 13844 
21030 
20946 133 66 272 493 43 54 154 762 58 96 119 475 58 96 119 957 99 92 50 74 33 87 29 24 66 84 372 97 67 50 74 33 87 29 24 66 84 401 14 89 16 10 163 347 40 7 610 69 176 174 18 401 324 26 87 191 234 40 545 14 236 288 400 70 43 49 103 186 211 172 86 211 79 186 211 172 86 211 209 46 75 168 880 228 39 26 228 106 66 19 80 201 236 433 107 73 105 52 59 7 40 28 51 31 14 6 362 186 211 172 86 211 120 186 211 172 86 211 76 185 212 172 86 211 
34450 2627 
21044 267 4244 983 3292 1062 1058 945 4841 986 942 
20947 1061 8747 801 549 945 799 1324 831 183 372 1332 986 942 
20948 1061 452 28 8267 112 26 28 12 20 27 576 549 148 797 148 651 1280 9 211 135 13 19 27 34 26 181 12 80 40 88 21 17 38 17 90 372 20 25 1287 148 838 148 794 148 
21813 
20974 189 874 1269 68 681 68 978 850 133 2508 803 932 529 727 626 147 79 719 147 79 319 19 19 12 51 462 960 167 821 58 407 150 7 59 1104 147 79 760 147 79 716 147 79 
21028 163 239 119 211 1093 124 21 104 161 23 316 123 21 104 162 23 334 187 136 148 37 486 983 559 40 669 72 636 18 23 13 11 10 34 53 554 975 7382 
20833 776 5191 366 
21179 
20975 12763 12 466 
20976 681 5069 343 1024 23 200 2993 3738 
20978 6432 7995 
20998 
31362 
25784 69 5037 1054 945 4841 986 941 
20979 8356 5004 
20985 2250 749 395 573 4368 976 1445 945 1306 98 807 41 232 691 59 6 185 197 726 493 986 941 
21000 3732 832 983 1098 1081 1005 518 868 2778 730 1925 721 
29533 1200 5 3152 2005 
20990 1233 13425 514 
20995 1611 1902 3897 454 1017 1928 945 2197 736 1908 986 941 
20999 
21010 894 115 27 14 601 11865 104 352 219 633 30 38 3 1204 
29589 
21171 1032 88 
21022 15 1870 748 
21026 139 263 1423 420 111 218 420 111 389 319 522 652 331 559 709 708 716 4766 2410 
25596 11 972 11 8053 261 4 
21039 
21500 4052 23 960 23 791 3847 3252 183 322 44 
21042 
21047 9587 
21051 4553 983 
36704 
21064 5819 3431 1410 945 4841 986 942 
30438 
21086 
21084 3637 597 419 564 
32110 945 2636 2205 986 942 
21093 1144 2102 4742 
21097 84 2 
35957 409 812 5 
21188 5934 10 5270 945 3349 1492 986 942 
21101 
21102 
30882 1052 945 3703 1138 986 941 
21105 8717 
25817 88 1784 329 679 386 11 4 403 239 634 1400 121 196 433 195 121 196 433 518 2557 63 134 819 121 196 433 236 121 196 433 191 121 197 433 
21052 109 7956 16 625 1676 
21106 
21112 1412 271 749 
34185 811 
21113 1859 748 1370 381 602 381 708 3813 99 
21121 3220 7617 945 1507 1323 2011 986 942 
21122 2016 748 3440 989 3163 340 493 200 252 493 200 923 27 1229 258 1711 493 200 293 493 200 248 494 200 
21127 1878 748 3270 1169 3824 945 743 4098 986 942 
29423 
27275 1992 2673 945 1263 3578 986 941 
21585 6231 2120 
21129 5910 679 2095 286 
29310 7474 
25720 
21131 6589 49 2046 286 7216 
21141 250 1794 748 6359 
21158 12808 512 
21159 6202 673 10 8202 
21160 836 2949 4185 3380 945 1580 852 1219 1190 986 942 
21162 
36617 
21167 12637 831 123 29 17 43 1367 
21245 1494 749 749 2419 2916 
21185 1009 18 3700 31 5804 526 419 526 789 697 1031 1798 526 460 526 415 527 
21187 18 435 203 282 8 574 1740 369 123 368 321 662 321 219 610 369 818 1302 710 8 637 233 905 37 908 37 378 85 12 155 37 57 52 305 1344 863 614 902 37 949 37 905 37 
21189 8944 1139 
34939 
21192 1695 748 659 2399 6926 149 582 
21193 4117 983 8404 
21211 
21212 15016 
22728 
21213 7400 124 312 111 93 4 2183 179 3601 66 
21217 5938 1623 255 1996 390 
21370 3196 3119 2006 5547 
20114 
20291 2754 748 3948 5902 1982 
22229 5432 934 682 520 325 551 956 22 1959 363 789 1460 590 8 
20115 
27849 
20494 115 19 64 1050 1387 104 644 105 1173 10 73 29 871 10 73 29 1011 418 1776 533 45 225 24 927 1041 945 854 320 826 171 140 234 367 466 115 1348 986 942 
20128 6536 1202 
20117 398 720 544 951 749 748 825 609 374 615 806 401 691 1012 604 1163 337 945 953 1497 896 409 247 836 989 942 
32282 945 4841 986 942 
20260 1126 94 1365 258 265 40 186 257 266 40 115 416 11 3206 41 557 1107 47 7177 6 25 337 166 
20177 
20220 794 1385 2730 507 193 283 507 117 948 2343 1380 4210 620 522 
20180 601 150 719 2626 31 257 69 115 72 143 1991 40 27 153 88 22 24 1075 128 3993 945 259 18 22 450 17 84 1032 817 99 713 1330 986 942 
20122 396 722 1498 749 748 825 983 612 806 403 693 1008 
20123 7339 403 2314 6443 
20134 395 3714 822 610 373 618 1209 683 1623 1161 
27882 
25600 983 7077 
21665 5581 
20149 7751 
20153 6535 
20360 2966 749 3502 1723 332 4754 
20154 7741 
32550 945 4841 986 942 
24287 43 
23200 749 
20459 
23384 749 
20148 7742 2314 6440 
20144 395 720 544 953 749 748 822 610 373 618 804 405 692 1008 606 1161 336 945 953 1496 901 411 1080 936 4 4 3 39 942 
27513 
20161 160 40 631 202 258 284 11 527 28 42 79 68 45 78 157 119 228 402 118 228 836 209 75 506 58 184 741 58 564 879 29 47 27 107 983 18 620 323 360 19 1391 16 87 47 795 16 87 47 2316 1274 1101 16 87 47 836 16 87 47 791 16 88 47 
20944 7296 660 167 7 3297 945 2052 2789 986 942 
20335 18 367 63 520 184 906 2928 444 67 167 305 724 20 915 142 597 1733 1970 945 773 1608 1058 286 64 1052 986 942 
21502 1326 749 1181 3773 3011 730 945 2340 2501 986 942 
20358 923 971 2237 221 567 243 740 243 1986 214 8010 6 243 
20172 16 25 10 59 25 11 9 48 1357 27 3162 11 36 75 3 1678 25 23 16 14 256 17 25 51 17 92 644 33 64 40 24 7 38 27 13 23 25 35 12 163 46 
20133 
20404 23 1607 897 24 321 38 365 24 322 38 351 757 738 245 577 179 91 35 159 71 1029 100 344 231 77 73 5 103 31 2142 5825 
20383 505 1594 722 749 4845 7897 
20146 
20293 600 9 118 1680 280 748 1246 2216 251 1238 3195 670 275 670 4171 670 316 670 271 671 
20138 
20274 30 1247 506 330 1983 505 489 983 1490 380 1529 210 58 952 440 629 945 2232 47 50 624 587 580 721 986 942 
20130 
24715 
22289 
20464 541 346 181 453 96 2380 896 983 711 376 6 210 1349 10 339 173 755 418 353 3109 3112 
20482 404 86 68 20 66 258 164 60 323 162 145 398 338 397 351 398 337 123 120 50 55 1092 44 814 143 222 10 123 355 1064 148 206 117 392 330 145 288 217 243 4 113 27 42 72 29 101 59 383 2823 136 1150 309 1354 
20483 1640 9874 945 4841 986 942 
20283 
20437 1535 6196 7481 
29218 22 2137 
20607 533 628 59 491 74 169 566 748 974 314 983 806 60 665 16 223 416 17 16 61 1560 45 1226 955 5 940 5 1663 1726 376 347 724 5 981 5 937 5 
20241 4470 2926 
33568 
21321 1372 237 167 581 167 568 757 983 577 179 91 35 159 71 882 147 100 344 231 77 73 5 134 96 1804 242 2956 125 2744 
20195 119 17 15 1900 263 611 748 1339 983 884 620 74 22 582 65 7 4 70 745 26 251 304 197 26 16 519 22 1485 945 573 3619 649 986 942 
20194 1403 1240 229 520 228 521 219 216 2270 118 988 832 2407 2530 2508 161 317 
30899 
22456 31 14275 
20238 2577 749 4282 
20400 2 26 1864 84 226 368 117 87 158 79 307 117 87 159 79 782 69 23 75 120 210 10 366 44 233 120 210 10 1101 302 181 23 495 206 520 47 10 32 176 76 46 176 25 106 765 186 593 212 67 878 67 965 9 295 14 53 29 330 28 64 150 53 1400 622 762 67 919 67 875 66 
20431 6441 1247 7576 
20143 395 720 544 953 749 748 822 610 373 618 804 405 683 1017 606 1161 336 945 953 1496 1558 519 312 989 942 
20145 395 720 544 953 749 748 822 610 373 618 804 405 692 1008 606 1161 336 945 953 1496 901 411 1080 986 942 
26060 
20433 7819 1195 392 569 5772 1241 
20131 11 395 720 544 953 749 748 822 610 373 618 804 405 683 1017 606 1161 336 945 953 1496 1312 246 530 301 989 942 
20205 1799 9252 
20237 4217 2414 2766 276 113 1681 750 195 750 1445 369 1070 1207 750 236 750 192 750 
34737 540 
20319 6467 1411 4199 945 4841 986 942 
21499 
20152 
21506 40 545 934 21 256 37 6 27 401 21 257 37 6 27 1634 2894 61 370 928 607 1241 945 939 1761 73 853 615 21 579 986 941 
20157 
22316 8144 
20804 2646 749 334 
20287 23 64 265 424 84 1173 74 4682 948 649 3 170 307 92 24 940 68 81 103 182 136 215 8 389 407 945 3077 442 1322 986 941 
30970 3677 122 
21623 7186 
20301 2735 748 4495 2952 847 945 2334 1446 154 907 986 942 
20388 
29364 1780 2522 304 532 
22996 748 
20140 4931 983 
24810 
20179 
24642 
20279 116 453 1218 198 3 776 748 1207 2522 7 747 32 744 100 33 21 38 440 18 81 134 153 155 1926 945 1165 103 323 1070 527 1653 986 942 
20277 36 17 15 6 351 140 758 7 6 152 372 703 230 3 49 14 18 77 5 353 229 3 49 14 18 78 5 787 17 14 24 16 11 15 55 228 8 975 8 578 70 160 271 330 122 18 50 37 28 24 82 22 44 11 309 13 14 22 25 52 92 10 461 939 23 33 45 1250 946 945 461 530 1913 197 417 30 56 153 42 279 111 13 639 986 942 
20147 395 720 1500 749 748 822 983 615 804 406 696 1003 7600 
20124 7748 
20567 449 10188 2619 3408 
20366 
20167 20 25 10 47 15 18 24 63 35 1302 32 3176 35 70 8 2034 8 855 58 46 18 5 10 8 9 136 10 163 21 1699 4116 3189 
22117 6229 
22604 4285 2187 1777 5599 
20120 1118 544 951 749 748 825 983 615 806 401 1703 604 2 1498 945 953 4 1493 1552 6 830 989 942 
20280 1790 198 3708 2672 142 1467 4994 55 997 
35948 
30765 
20164 14 24 157 22 17 9 37 23 40 66 46 15 39 52 29 35 45 25 110 38 17 14 85 165 52 4 61 21 36 31 12 9 44 61 33 30 26 26 229 881 58 64 17 17 26 58 60 33 36 37 61 106 7 17 152 57 64 17 17 26 58 60 33 37 37 61 106 7 17 81 87 40 38 49 7 25 32 18 55 3 55 25 28 50 41 56 140 16 4 51 9 13 6 28 47 6 20 51 7 16 14 4 15 32 19 23 17 656 9 13 6 28 47 6 20 51 7 16 14 4 15 32 19 23 17 301 61 45 25 15 32 13 34 5 9 19 10 20 13 27 34 14 38 57 34 61 24 23 47 38 132 24 22 15 13 64 35 30 173 33 117 64 103 11 49 12 21 26 15 11 30 51 150 155 59 604 181 46 23 29 91 78 40 68 32 11 94 7 5 149 1449 945 4534 22 40 121 33 91 986 942 
20343 
20988 
20165 258 1809 443 420 748 676 518 760 967 315 863 454 693 68 59 32 16 38 823 1246 21 65 19 127 
22512 
20247 485 217 109 84 2274 749 524 1089 4544 304 110 899 103 945 1834 64 2943 986 941 
20166 1559 3313 2042 863 2183 
20171 1560 3311 1681 1180 246 5709 
20476 2056 99 379 245 503 246 399 2539 77 2025 401 73 1934 59 105 2975 597 661 999 8 14 
20232 41 428 898 1240 230 3 516 229 3 1022 1878 230 601 1436 2290 946 945 460 2444 614 30 1293 986 942 
20263 1054 3159 3066 
20189 119 20 44 75 1319 301 105 4 322 21 606 748 565 723 223 221 539 223 221 422 363 302 239 304 58 54 55 1599 45 1923 235 217 66 427 235 217 66 484 147 30 107 305 23 74 2002 206 945 235 217 66 468 235 217 66 424 235 217 66 
20493 
20285 1443 862 5671 3316 2182 2807 
20141 4931 983 
20185 1495 5448 1028 
20369 1473 15470 
20173 477 2221 288 460 288 835 1967 67 1581 2045 344 64 648 4787 
20174 199 20 27 6290 1415 3588 840 105 840 1958 1566 477 840 146 840 102 840 
20175 115 62 42 27 77 134 162 89 415 307 141 9 471 445 190 101 49 79 42 28 72 377 101 49 79 42 28 73 435 27 345 56 13 43 92 29 155 983 553 15 65 7 203 6 58 18 113 70 77 203 125 52 20 167 25 44 40 276 17 47 56 11 36 494 18 200 242 11 100 92 354 116 68 1298 3136 1612 1008 15 89 56 
20176 229 57 39 110 343 194 71 96 163 25 143 53 351 100 100 123 235 49 34 178 17 337 31 11 27 17 20 6 282 17 338 31 11 27 17 20 6 190 195 4 51 73 269 332 13 172 93 499 16 190 13 172 93 423 93 234 8 8 104 49 159 2 20 12 16 9 34 33 20 28 90 609 76 19 193 343 21 353 27 96 67 82 28 85 34 63 24 49 649 481 116 181 97 42 223 172 134 59 37 97 12 97 121 216 172 134 59 37 97 12 97 121 180 76 24 40 18 22 26 119 293 4 9 44 25 60 49 677 91 8 27 19 55 143 346 71 186 214 87 70 41 552 60 251 225 172 134 59 37 97 12 97 121 257 172 134 59 37 97 12 97 121 212 172 135 59 37 97 12 97 121 
35985 
34634 
30578 
20224 1602 5287 8286 
28386 
20182 3244 749 3190 285 1056 7 2550 3298 50 2809 
20656 9597 
20184 380 53 278 423 31 33 208 125 186 37 645 80 170 25 20 43 101 36 35 164 26 299 24 20 43 101 36 35 165 26 348 12 85 142 24 8 65 50 439 789 194 530 221 10 15 163 92 15 314 27 247 176 157 368 10 1120 289 37 656 25 1524 409 536 409 473 84 96 152 25 462 1655 538 67 258 622 409 577 409 533 409 
20259 704 401 14 17 122 3405 2870 1694 6228 732 91 
20162 46 238 40 25 163 297 105 61 147 210 14 324 44 906 16 14 88 3 40 72 178 14 7 32 15 270 16 14 87 3 40 72 178 15 7 32 15 483 21 36 178 51 119 16 234 137 11 46 30 423 336 137 11 46 30 747 15 52 171 162 234 18 8 210 163 29 16 15 16 212 29 179 23 16 168 40 25 9 14 96 79 333 199 66 71 40 81 128 33 13 12 17 48 75 53 10 54 17 27 73 16 15 10 37 2 13 22 19 4 8 35 13 18 21 11 122 44 99 3 22 2 23 38 14 30 155 279 389 127 78 76 42 13 37 16 34 27 22 5 468 127 78 76 42 13 37 16 34 27 22 5 383 89 735 11 11 224 21 61 276 1287 79 257 518 13 136 263 127 78 76 42 13 37 16 34 27 22 5 509 127 78 76 42 13 37 16 34 27 22 5 464 128 78 76 42 13 37 16 34 27 22 5 
20191 37 64 50 40 9980 3846 
20198 6 17 6 89 7 24 66 26 31 18 11 1241 3180 11 35 63 15 109 983 625 1213 241 90 1808 247 28 615 
26855 5228 945 738 259 3844 986 942 
20211 365 26 110 85 264 572 421 738 92 223 35 399 91 223 35 536 155 366 34 33 167 983 584 696 258 143 88 448 243 801 898 24 249 94 115 241 683 129 28 176 8 96 82 82 2 239 103 129 28 176 8 96 82 82 2 239 751 830 978 106 512 37 785 129 28 176 8 96 82 82 2 239 144 129 28 176 8 96 82 82 2 239 100 128 28 177 8 96 82 82 2 239 
20264 3121 749 11902 314 
20338 1028 13 775 513 1766 1589 1138 40 847 134 73 2782 408 729 945 1728 1267 1846 986 942 
23227 749 
20521 
20206 10 20 253 155 21 21 757 300 81 42 112 210 843 748 530 483 6 118 56 15 129 177 21 149 246 248 142 177 21 149 658 869 507 244 1490 13 57 28 25 131 20 102 427 32 7 755 59 145 171 27 15 6 148 60 15 78 221 59 145 171 27 15 6 148 60 15 78 1219 1212 7 233 9 141 120 455 3 9 709 59 145 171 27 15 6 148 60 15 78 262 59 145 171 27 15 6 148 60 15 78 217 59 146 171 27 15 6 148 60 15 78 
27899 
20196 29 151 659 979 2322 1031 118 865 118 1536 371 78 332 12 78 18 1472 403 483 824 122 5 818 122 5 997 7 1058 357 57 287 811 266 130 744 122 5 859 122 5 815 122 5 
20163 5 194 1130 231 10 293 600 286 30 303 415 30 304 554 186 412 983 576 57 51 246 18 424 6 462 163 342 177 16 169 33 7 19 126 705 490 109 51 93 515 76 185 360 383 349 596 349 435 273 96 338 314 132 513 272 1225 894 349 637 349 593 349 
20200 184 443 176 8 356 677 3 869 86 357 305 86 358 387 5 213 265 2416 612 251 67 78 30 360 72 209 192 245 1001 12 82 52 11 166 38 24 53 1153 462 483 462 367 36 201 581 107 56 79 7 168 173 192 53 140 9 72 33 155 71 105 192 363 2 64 519 634 462 524 462 480 462 
25712 
20127 
22168 13101 
22308 
20258 535 407 392 283 960 225 524 224 498 226 14 46 176 1932 706 418 2120 2266 345 600 345 1829 5 864 71 1080 647 345 641 345 597 345 
20201 262 1220 1031 2474 279 123 581 279 123 403 2067 401 4490 1376 924 
29971 832 1014 945 1189 424 512 208 2508 986 941 
20125 
20203 1508 8593 3442 
36862 
35134 
20207 
20324 6797 8720 
20209 587 98 172 269 3089 755 983 1021 10 249 4443 443 502 443 4398 443 543 443 498 444 
36486 
20169 6537 730 471 253 
36410 
20261 603 824 1257 353 33 15 18 5 40 284 354 33 15 18 5 40 1173 55 492 436 55 1140 1429 199 9 32 18 110 318 1751 49 226 
20357 14789 298 
29498 1003 
20193 104 39 18 75 23 6 125 75 46 17 272 41 181 89 57 46 35 46 39 1789 749 225 44 559 89 158 161 21 256 6 10 51 86 269 123 161 21 256 6 10 51 141 81 2 305 794 13 27 115 22 72 29 186 31 33 166 237 34 254 18 46 407 440 1713 945 1112 1984 1381 364 986 941 
20155 
34396 
20367 16651 
37437 
20210 391 54 682 411 1393 748 1291 983 1681 1053 540 2125 38 486 139 806 139 445 46 402 3809 139 847 139 803 139 
27487 
20248 1288 7197 3441 401 544 401 512 110 717 355 482 2264 401 585 401 541 401 
20136 4931 983 1422 6106 
20217 1389 243 1242 748 767 367 329 983 1265 164 17 207 85 493 162 417 384 401 162 2017 8 937 8 667 3229 478 459 8 978 8 934 8 
21604 1513 748 
20118 398 720 544 951 749 748 825 609 374 615 806 401 691 1012 604 1163 337 945 953 1497 896 409 247 537 299 947 42 942 
27420 3754 1198 945 1003 611 274 1002 1951 986 942 
22999 748 
20183 181 213 46 18 87 2164 399 103 246 400 103 337 95 310 547 983 410 541 1135 1107 201 215 1095 2778 
20132 
20411 2079 11731 4 2728 
20129 
25602 983 4484 477 2294 
20126 6534 
34963 
25255 983 
20170 238 60 122 744 401 1178 512 236 513 249 361 7 250 258 983 425 15 22 7 86 97 126 374 145 569 13 9078 14 166 
20214 646 17 59 2031 748 640 2439 462 392 411 880 795 57 58 515 442 848 2327 824 1040 
20197 4760 12042 
21808 
20215 646 17 491 1599 748 640 852 711 272 1458 338 73 4 340 536 795 57 58 698 872 235 2327 824 151 50 839 313 141 620 
20121 1118 544 951 749 748 825 983 615 806 401 1703 604 2 1498 945 953 4 1493 1552 6 830 989 942 
29294 
28495 
20472 6578 
20218 2060 20 7208 2872 945 1979 508 244 1190 920 986 942 
26863 4 7 2157 6641 
20135 4109 822 983 618 1209 683 3120 945 2449 888 409 1092 989 942 
20219 25 573 12 391 598 327 118 260 698 749 482 835 983 2141 1655 177 311 87 3225 3 45 126 30 31 46 587 176 466 56 405 38 450 1084 
20442 
22618 27 13 598 37 712 37 7575 
20309 31 1172 763 6083 1633 49 7005 
36975 
29783 
24363 1261 983 
20386 597 863 1 147 287 258 105 2157 3118 986 573 10 1095 57 54 876 339 111 245 150 439 111 245 150 524 2431 483 490 407 111 245 150 480 111 245 150 435 112 245 150 
22595 
22027 
20226 3 926 293 658 10 3 28 270 60 974 749 412 338 491 12 80 3 292 596 12 80 3 342 4 19 44 697 2135 2319 88 9 270 578 88 9 270 940 1241 253 6 7 337 137 16 382 21 212 7 141 24 3 5 4 5 733 88 9 270 619 88 9 270 575 88 9 270 
37146 
20422 2121 2345 1936 102 2301 44 102 148 1208 483 296 2277 878 97 494 484 479 650 442 
21184 
20231 57 83 107 302 89 341 86 568 491 453 74 139 191 345 73 139 192 383 357 45 61 18 187 388 248 6 356 373 248 6 64 100 366 92 111 20 28 308 14 107 404 262 89 38 117 11 55 26 59 40 159 47 257 211 457 730 54 427 147 331 215 30 304 67 329 215 30 304 67 702 4 803 26 87 57 177 78 90 716 73 573 217 3 3 3 33 236 170 174 215 30 304 67 370 215 30 304 67 325 216 30 304 67 
20139 4109 822 983 618 1209 683 2784 
20233 6 175 250 63 1274 161 868 748 612 259 359 918 1674 130 227 281 780 57 186 463 361 68 155 1312 124 598 347 598 501 25 289 17 63 154 258 2936 598 388 598 343 599 
20156 
20234 12 4202 221 282 2430 
20235 61 
20186 136 26 251 91 39 29 55 85 89 42 38 209 69 122 114 21 13 112 133 345 53 11 13 12 13 4 14 23 495 150 45 72 59 14 409 149 45 72 59 14 828 14 1993 324 35 86 77 343 75 437 202 288 378 8 232 147 84 371 21 126 117 116 7 19 32 25 41 10 53 32 86 36 226 45 68 34 54 83 31 275 200 19 13 241 158 787 158 1630 118 105 29 1729 425 647 158 828 158 783 159 
21681 2995 
20240 2390 4956 9 163 2385 
20119 1118 544 951 749 748 825 983 615 806 401 1703 604 1500 945 953 1497 1552 836 989 942 
20242 4719 656 983 7545 1474 287 
20441 1049 
20243 1360 3062 
20249 929 1980 748 483 22 94 1500 703 67 84 223 714 1092 989 229 1970 99 846 99 1804 389 80 209 221 89 1950 99 887 99 843 99 
23146 748 849 6795 2878 
20341 1998 5087 1305 2308 4177 
20250 12275 945 2698 2143 986 942 
20192 5241 983 1001 3476 293 4297 
20251 4342 
20252 4342 1193 94 3917 
20399 104 5405 1414 9380 676 
20350 104 468 613 1062 362 748 1737 10 125 191 657 10 125 298 766 292 2491 292 95 64 227 1361 49 896 49 597 61 52 178 584 613 309 49 1 365 274 193 376 13 1127 49 937 49 893 49 
30761 
20245 508 1158 946 748 3448 1050 369 7103 
20378 309 7369 230 6592 2219 
20253 4342 
20305 1581 509 32 250 2466 181 481 321 181 660 20 1001 3872 639 306 639 161 69 265 986 399 46 1600 457 219 639 347 639 302 640 
20254 4342 
32532 945 4841 986 942 
20160 394 719 543 954 749 749 819 611 372 621 801 410 688 1009 608 1161 333 945 956 1492 903 412 244 834 986 942 
25221 117 30 190 646 117 30 190 7761 13 
20150 
20255 4334 2392 5571 945 479 1359 937 2066 986 942 
20256 535 407 1633 408 341 408 602 166 980 7934 1656 869 1144 
34184 
20181 1461 6 13 439 819 195 5 106 442 195 5 107 303 158 32 313 38 401 288 695 288 434 101 289 29 3953 224 2243 395 375 1955 475 89 16 131 
20257 4287 47 2108 10286 
35135 
20457 47 4901 26 957 26 7401 2288 
20262 141 23 876 70 317 64 280 913 218 111 38 34 18 5 40 284 218 112 38 34 18 5 40 706 467 55 492 436 55 411 97 210 572 103 252 968 353 188 101 171 51 26 96 103 1066 300 9 25 161 2026 29 365 93 31 222 834 2169 
22096 265 44 2166 11155 
21984 5181 8308 
20294 4488 714 983 
20265 
20199 71 33 76 37 75 848 26 146 2 228 2762 651 552 431 935 903 24 2115 247 28 172 466 231 
20266 4233 218 104 3490 
20116 
20334 100 19 6314 1194 292 20 4281 945 1958 1549 1334 986 942 
20267 10178 
21209 1574 134 519 96 133 520 1287 983 356 307 607 115 964 12 805 616 538 3136 302 10 618 164 1522 6 
20268 4736 
21716 1432 748 5149 401 2093 5852 
20271 1163 767 1027 749 624 36 1269 4589 40 590 657 64 881 64 1197 836 111 466 208 1051 908 64 922 64 877 64 
34118 
20387 1485 372 18 88 10 56 280 8565 570 945 4841 986 941 
20380 126 1153 179 160 306 177 417 26 88 634 26 88 591 160 371 37 75 568 162 821 636 594 382 34 74 497 161 221 906 598 3 45 6 531 198 905 945 401 706 219 47 958 856 1654 986 942 
21255 
20281 8834 6801 1091 95 139 16 61 5 7 31 4 9 20 3 8 
20496 174 169 206 234 33 159 1107 98 330 72 28 648 72 28 494 842 983 1105 129 778 1579 37 30 478 164 53 480 59 12 706 570 17 358 570 17 895 245 1196 140 71 901 229 363 214 570 17 399 570 17 354 571 17 
34295 
20272 4758 399 983 4365 
20276 598 537 359 1360 315 433 316 972 580 403 766 99 605 61 241 413 1655 45 2109 945 583 1645 1490 11 18 6 25 37 1026 986 942 
20278 
20286 39 443 16 977 315 220 27 342 135 229 520 228 770 889 133 387 463 133 441 277 230 55 179 252 315 407 405 113 44 132 367 1278 132 307 38 775 945 683 18 594 258 122 258 31 330 304 46 354 34 230 183 639 757 986 942 
20275 1907 2962 983 2055 738 1565 5199 838 
29804 
20230 2576 749 3861 1870 792 40 218 5303 257 
20430 5 
28728 
20295 545 3597 168 255 1835 33 355 223 2922 274 697 2631 324 58 1970 784 
20298 286 75 46 19 270 222 1688 413 335 414 225 603 89 1787 1182 177 72 29 217 199 237 34 318 407 86 115 239 504 6631 
20329 96 155 113 24 26 144 22 104 473 408 213 172 149 7 13 651 308 440 309 397 603 313 356 314 313 388 198 54 37 56 96 91 336 89 123 25 157 43 585 219 15 118 39 681 195 5 53 36 37 1029 378 4008 221 1136 224 
34015 
20377 14 1662 2593 226 53 65 26 1 510 15 4 964 15 4 745 295 946 1115 1229 573 447 289 227 66 363 289 227 66 682 903 178 986 338 914 258 289 227 66 404 289 227 66 359 290 227 66 
22699 4647 8193 
20300 37 18 85 47 235 101 346 55 81 38 72 74 197 144 48 2 70 32 40 34 52 36 34 42 65 37 25 32 43 9 10 25 10 20 39 20 17 14 1 16 20 30 19 17 105 19 84 29 90 173 19 150 91 94 19 83 29 90 173 20 150 91 110 44 42 34 66 16 143 128 86 48 70 43 93 78 38 22 155 42 2 82 33 13 53 7 81 45 4 14 17 11 42 128 15 101 78 38 22 155 42 2 82 33 13 53 7 218 28 44 37 23 65 59 46 50 48 50 80 7 15 22 202 17 199 126 52 23 42 6 19 29 29 38 34 161 214 20 64 189 34 109 35 29 57 88 271 136 86 9 106 113 126 161 10 16 64 17 80 51 44 71 67 16 24 4 13 18 2 32 8 15 2 44 52 31 60 49 36 22 75 80 178 17 347 77 10 17 67 49 80 10 44 28 11 56 66 30 31 22 50 25 22 22 16 10 49 153 77 10 17 67 49 80 10 44 28 11 56 66 30 31 22 50 25 22 22 16 10 49 104 179 44 37 7 23 14 86 8 69 33 19 31 7 12 27 7 95 32 184 22 42 123 59 52 25 25 18 74 47 140 167 40 30 42 13 52 21 11 32 23 62 18 110 50 13 81 213 22 434 91 46 24 2 33 105 49 69 61 28 321 141 77 10 17 67 49 80 10 44 28 11 56 66 30 31 22 50 25 22 22 16 10 49 194 77 10 17 67 49 80 10 44 28 11 56 66 30 31 22 50 25 22 22 16 10 49 149 77 10 17 68 49 80 10 44 28 11 56 66 30 31 22 50 25 22 22 16 10 49 
20585 35 40 10090 729 159 
20306 1583 3513 983 900 517 2121 507 965 636 228 303 414 228 303 1738 2572 228 303 455 228 303 411 228 303 
37031 
20311 10821 5373 
20370 5547 5886 377 568 377 1618 2277 309 260 377 609 377 564 378 
35782 
20190 1694 1041 84 664 84 1126 2241 11 2149 443 115 521 1618 30 915 30 683 1576 1839 13 700 30 956 30 912 30 
20312 32 324 717 3391 2989 227 851 226 103 20 828 78 56 80 28 23 45 38 38 72 333 25 222 425 13 96 2775 
22573 
20315 2471 749 2092 983 1198 648 717 755 3707 1408 2008 
20495 6807 5165 945 4841 986 942 
22111 
20332 5298 983 5677 945 3112 1729 986 942 
20159 394 719 543 954 749 749 819 611 372 621 801 410 688 1009 608 1161 333 945 956 1492 903 412 244 834 986 942 
20289 1456 3602 983 468 968 848 194 246 653 381 68 
35271 
20867 356 8922 774 499 427 227 205 513 227 205 4409 227 205 554 227 205 509 228 205 
20299 370 961 1180 508 241 508 225 603 1876 235 721 226 40 94 43 72 29 72 152 429 34 318 407 86 46 240 65 249 151 34 3603 
20500 957 366 320 482 189 123 57 384 28 157 122 57 385 28 311 40 268 435 983 899 85 534 71 318 814 129 140 144 117 556 634 31 1163 105 77 39 134 45 8 164 373 105 77 39 134 45 8 164 593 652 992 343 787 128 34 740 105 77 39 134 45 8 164 414 105 77 39 134 45 8 164 369 105 78 39 134 45 8 164 
20317 1407 6716 154 862 870 532 702 25 2611 45 1110 99 183 1070 178 12 
20320 1260 1244 96 131 57 126 339 95 131 57 127 769 100 2959 719 1401 7401 
21001 9836 
20333 319 394 531 3449 2744 23 9501 
20349 8757 1979 5668 
20356 4733 983 7858 2 3197 
20339 51 246 30 52 32 37 79 118 72 93 8 65 126 32 103 410 73 112 73 230 45 38 125 369 45 5 698 45 5 861 30 332 39 257 113 31 9 115 715 113 31 9 115 614 70 176 109 85 209 41 165 263 110 35 390 13 21 28 10 14 35 152 214 194 361 50 64 146 192 118 94 336 38 184 38 322 10 825 43 48 17 93 11 34 67 632 43 48 17 93 11 34 67 131 389 25 34 156 90 28 258 234 670 95 18 70 35 32 159 76 73 78 91 50 5 19 10 158 5 27 39 159 207 3 3 3 117 31 20 30 97 803 43 48 17 93 11 34 67 673 43 48 17 93 11 34 67 629 43 48 17 93 11 34 67 
20137 
20151 
20363 3941 1221 983 2345 17 26 1528 5739 85 
31271 945 945 4841 986 942 
21356 65 5870 2414 39 4 11 1978 509 48 388 509 48 4284 509 48 429 509 48 384 510 48 
20385 
20509 166 652 46 238 45 107 1114 75 36 135 32 470 75 36 135 32 925 42 289 190 793 190 383 38 24 176 271 49 142 134 116 78 37 144 300 76 315 440 100 76 189 124 437 12 
21533 3733 983 583 550 3670 3716 
20368 16604 47 
20448 5064 983 7553 
25705 2904 2774 5425 66 
20392 1859 252 8110 200 416 941 945 1345 14 3482 986 942 
20396 5514 969 1142 15 2477 6684 
31338 
20397 22 696 4280 983 1140 844 425 74 1664 490 1199 945 3830 370 641 986 942 
20401 1269 24 263 181 60 13 36 2066 169 116 36 86 617 158 13 16 33 204 126 137 296 158 13 16 33 662 61 70 960 495 14 33 389 17 479 670 84 277 16 263 3 8 13 315 473 283 177 485 283 177 421 104 302 1032 603 347 1227 345 283 177 526 283 177 481 284 177 
28639 1742 159 1 5 296 224 3214 
20406 6611 2159 5514 103 43 
20597 
20409 333 23 196 439 163 302 388 50 62 250 235 344 130 108 167 343 131 108 99 122 161 178 417 325 7 651 325 7 274 580 1778 398 163 198 533 435 313 159 1209 945 386 350 209 353 1775 70 1698 986 942 
20410 
38391 
20471 
20505 454 6010 4263 3694 
20412 739 12887 2911 192 110 
20415 618 49 57 521 391 1236 749 462 54 256 322 160 823 160 674 1084 279 172 1202 758 39 10 97 388 36 60 16 179 1228 945 858 635 93 1132 807 287 1029 986 942 
34668 
20417 1654 2278 110 806 143 840 143 440 4220 698 698 247 698 1268 945 8 1922 698 288 698 243 699 
28653 16 168 15 19 6 21 26 536 890 659 52 540 175 615 330 615 4226 615 371 615 326 616 
29392 14 2126 511 945 4042 799 986 942 
20418 208 2267 748 6234 
20432 
36298 
20436 1386 80 197 463 22 124 2853 28 12 943 28 12 5255 394 551 394 600 3847 394 592 394 547 395 
20158 
20438 
27240 190 
20443 112 33 54 781 2 262 274 64 7 208 541 118 343 154 134 117 344 154 239 20 87 234 1085 907 226 1188 48 173 47 51 141 1018 47 40 770 62 134 30 291 108 75 78 1187 945 293 47 23 56 13 53 93 21 158 226 184 186 60 21 59 1832 69 35 11 6 8 34 336 1017 986 942 
20445 2653 748 11386 53 
27755 1917 
20449 1635 37 279 399 749 1406 961 954 685 617 1479 1447 2719 1342 344 10 106 612 97 
20450 1767 8577 180 3351 
20451 2126 2 2558 983 8917 2068 
20455 6511 71 2847 3756 1884 77 1455 81 
20456 46 5348 8264 1566 422 
20460 
21922 6819 8299 
20365 7417 2096 3886 981 686 
20461 284 1411 2653 1090 68 971 1021 115 12 9 13 228 123 3316 945 2131 854 117 526 1213 986 941 
28634 386 599 221 699 
20484 369 195 26 2314 749 375 214 170 211 116 60 57 30 67 408 245 116 60 57 30 67 1550 239 485 384 1014 364 120 31 5079 1291 
23471 749 
20465 110 352 705 745 398 214 403 132 213 404 819 958 1181 602 353 40 577 161 380 106 319 139 10 127 219 213 371 88 495 88 128 191 428 176 341 428 176 634 322 63 1051 230 1486 451 428 176 382 428 176 338 428 176 
34110 324 49 1743 856 
21873 
20466 2104 6819 1898 231 4579 
20469 811 
23211 749 
20473 
20474 622 6731 529 850 1107 69 883 262 867 945 1148 1422 2271 986 942 
20475 8280 
31976 945 4841 986 942 
20477 2520 748 10268 
20479 13599 829 
35452 
21834 43 348 12924 314 237 116 
20480 
34337 
20481 714 1061 2039 246 2976 2268 
24401 5114 
20508 4989 983 7600 886 
30889 3756 
22075 
20485 369 195 26 3438 214 170 211 116 60 57 30 67 580 73 116 60 57 30 67 1550 239 483 1400 364 210 
26661 
20490 
21903 13451 
20492 1245 1036 132 617 131 1331 165 983 626 1219 239 2175 5403 
20497 8146 79 61 90 458 
20510 71 76 46 288 223 295 1269 19 518 212 19 518 225 434 158 11 408 20 393 570 20 465 1182 177 101 217 477 246 18 97 1301 1833 945 444 982 1403 1023 989 986 942 
===Document Endings===
[www.washingtonpost.com/world/national-security/fbi-officials-text-message-about-hillary-clinton-said-to-be-a-cover-story-for-romantic-affair/2017/12/15/23205bee-e1b6-11e7-bbd0-9dfb2e37492a_story.html?utm_term=.9949510bf7ff, 20512, 398]
[www.washingtonpost.com/politics/fbi-once-planned-to-pay-former-british-spy-who-authored-controversial-trump-dossier/2017/02/28/896ab470-facc-11e6-9845-576c69081518_story.html?utm_term=.02e6aa90fcc2, 21225, 713]
[www.washingtonpost.com/world/national-security/fbis-andrew-mccabe-leaving-deputy-director-job-will-retire-in-march/2018/01/29/35b1bbd4-051c-11e8-b48c-b07fea957bd5_story.html?utm_term=.af35b60fa40d, 21776, 551]
[www.washingtonpost.com/world/national-security/russian-government-hackers-penetrated-dnc-stole-opposition-research-on-trump/2016/06/14/cf006cb4-316e-11e6-8ff7-7b6c1998b7a0_story.html?utm_term=.615767b5bcca, 22720, 944]
[www.washingtonpost.com/world/national-security/trump-asked-the-acting-fbi-director-whom-he-voted-for-during-oval-office-meeting/2018/01/23/2cb50818-0073-11e8-8acf-ad2991367d9d_story.html?utm_term=.98106eeb8bd4, 23474, 754]
[www.washingtonpost.com/world/national-security/trump-asked-the-acting-fbi-director-whom-he-voted-for-during-oval-office-meeting/2018/01/23/2cb50818-0073-11e8-8acf-ad2991367d9d_story.html?utm_term=.d9324ee98917, 24223, 749]
[www.washingtonpost.com/world/national-security/facing-republican-attacks-fbis-deputy-director-plans-to-retire-early-next-year/2017/12/23/b4802b8c-e67a-11e7-a65d-1ac0fd7f097e_story.html?utm_term=.0d2745429fc7, 25048, 825]
[www.washingtonpost.com/world/national-security/trump-calls-conduct-at-fbi-disgraceful-before-appearing-at-quantico/2017/12/15/4f4a4fae-e1a7-11e7-bbd0-9dfb2e37492a_story.html?utm_term=.12d63cb9633e, 25656, 608]
[www.washingtonpost.com/local/md-politics/protesters-gather-outside-gov-hogans-residence-demanding-he-take-on-trump/2017/02/04/64ef2328-eafb-11e6-b82f-687d6e6a3e7c_story.html?utm_term=.432fd27f3a70, 26027, 371]
[www.washingtonpost.com/world/national-security/trump-calls-conduct-at-fbi-disgraceful-before-appearing-at-quantico/2017/12/15/4f4a4fae-e1a7-11e7-bbd0-9dfb2e37492a_story.html?utm_term=.0210cefd5916, 26639, 612]
[www.washingtonpost.com/world/national-security/fbi-director-to-face-lawmakers-quesitons-about-bureaus-handling-of-trump-clinton-probes/2017/12/07/15608948-db58-11e7-b1a8-62589434a581_story.html?utm_term=.6938e550c47f, 27449, 810]
[www.washingtonpost.com/world/national-security/fbi-official-andrew-mccabe-asks-justice-department-not-to-fire-him/2018/03/15/f3f220c0-2871-11e8-b79d-f3d931db7f68_story.html?utm_term=.f41f2d815948, 27849, 400]
[www.washingtonpost.com/world/national-security/two-senior-fbi-officials-on-clinton-trump-probes-exchanged-politically-charged-texts-disparaging-trump/2017/12/02/9846421c-d707-11e7-a986-d0a9770d9a3e_story.html?utm_term=.8859572609ea, 28540, 691]
[www.washingtonpost.com/politics/michael-flynn-charged-with-making-false-statement-to-the-fbi/2017/12/01/e03a6c48-d6a2-11e7-9461-ba77d604373d_story.html?hpid=hp_rhp-top-table-main_flynn-937am%3Ahomepage%2Fstory&amp;utm_term=.014708d3ea9a, 29555, 1015]
[www.washingtonpost.com/world/national-security/fbi-disciplinary-office-recommends-firing-former-deputy-director-andrew-mccabe/2018/03/14/c1d0dc1a-208a-11e8-86f6-54bfff693d2b_story.html?utm_term=.033d31a99d9a, 30159, 604]
[www.washingtonpost.com/world/national-security/national-security-adviser-flynn-discussed-sanctions-with-russian-ambassador-despite-denials-officials-say/2017/02/09/f85b29d6-ee11-11e6-b4ff-ac2cf509efe5_story.html?utm_term=.790ad5fb335b, 31315, 1156]
[www.washingtonpost.com/politics/flynns-lawyer-shuts-down-communications-with-trumps-team-a-sign-he-may-be-cooperating-with-mueller-probe/2017/11/23/75de75ea-d09b-11e7-81bc-c55a220c8cbe_story.html?utm_term=.66b3bf8f265d, 31660, 345]
[www.washingtonpost.com/world/national-security/obama-administration-announces-measures-to-punish-russia-for-2016-election-interference/2016/12/29/311db9d6-cdde-11e6-a87f-b917067331bb_story.html?utm_term=.c60b3dc98008, 32605, 945]
[www.washingtonpost.com/world/national-security/obama-administration-announces-measures-to-punish-russia-for-2016-election-interference/2016/12/29/311db9d6-cdde-11e6-a87f-b917067331bb_story.html?utm_term=.53801e025739, 33550, 945]
[www.washingtonpost.com/world/national-security/nearly-the-entire-national-security-establishment-has-rejected-trumpexcept-for-this-man/2016/08/15/d5072d96-5e4b-11e6-8e45-477372e89d78_story.html?utm_term=.84eab3f1affc, 35051, 1501]
[www.washingtonpost.com/world/national-security/trump-and-putin-a-relationship-where-mutual-admiration-is-headed-toward-reality/2016/12/30/f900b3e2-cebd-11e6-b8a2-8c2a61b0436f_story.html?utm_term=.47bd7ae6212e, 35954, 903]
[www.washingtonpost.com/news/powerpost/wp/2016/12/30/trump-praises-putins-response-to-sanctions-calls-russian-leader-very-smart/?hpid=hp_hp-top-table-main_trump-putin-425pm%3Ahomepage%2Fstory&amp;utm_term=.c4ba7cb55b44, 36353, 399]
[www.washingtonpost.com/news/worldviews/wp/2016/12/30/russia-slams-obama-administration-and-cnn-for-lie-that-it-would-shut-american-school-in-moscow/?hpid=hp_hp-top-table-main_russiaschool-11a:homepage/story&amp;utm_term=.d9ae5b901e79, 36609, 256]
[www.washingtonpost.com/world/national-security/group-of-50-former-gop-national-security-officials-trump-would-be-most-reckless-president-in-american-history/2016/08/08/6715042c-5d9f-11e6-af8e-54aa2e849447_story.html, 37143, 534]
[www.nytimes.com/2018/03/01/us/politics/justice-dept-andrew-mccabe.html?hp&amp;action=click&amp;pgtype=Homepage&amp;clickSource=story-heading&amp;module=first-column-region&amp;region=top-news&amp;WT.nav=top-news, 37443, 300]
[www.washingtonpost.com/world/national-security/obama-administration-announces-measures-to-punish-russia-for-2016-election-interference/2016/12/29/311db9d6-cdde-11e6-a87f-b917067331bb_story.html?tid=a_inl&amp;utm_term=.7cfe81755543, 38391, 948]
[store.nytimes.com/?action=click&contentCollection=NYT%20Store&contentPlacement=2&module=SectionsNav&pgtype=Homepage&region=TopBar&t=qry542&utm_campaign=NYT-HP&utm_content=hp_browsetree&utm_medium=HPB&utm_source=nytimes&version=BrowseTree, 38427, 36]
[www.washingtonpost.com/world/national-security/obama-administration-announces-measures-to-punish-russia-for-2016-election-interference/2016/12/29/311db9d6-cdde-11e6-a87f-b917067331bb_story.html?utm_term=.752f991c86d1, 39377, 950]
[www.washingtonpost.com/world/national-security/obama-administration-announces-measures-to-punish-russia-for-2016-election-interference/2016/12/29/311db9d6-cdde-11e6-a87f-b917067331bb_story.html?utm_term=.9384043992fb, 40319, 942]
