===STATS===
unique words: 2616
number words: 8371
number docs: 12
===========
28304 
28465 
28329 
28306 
28390 
28344 
28342 
28300 
28507 
28327 
28314 
28295 
28350 
28499 
28296 
28548 
28338 
28388 
28345 
28346 
28347 
28302 
28324 
28596 
28318 
28383 
28629 
28420 
28331 
28337 
28320 
28520 
28422 
28638 
28430 
28433 
28340 
28447 
28489 
28606 
28503 
28559 
28508 
28531 
28545 
28533 79 
28537 
28539 
28627 
28565 
28566 
28572 
28589 
28605 
28607 25 47 23 
28642 
28646 
28652 
28656 
28680 
28704 
27451 
27388 
27888 
27636 
27373 
27806 
28248 
27885 
28139 
27384 
27350 
27368 
28237 
27360 
27444 
27351 
27996 
28211 
27654 
27405 
27407 
27361 
27522 
27819 34 
27519 
27632 
27503 
27571 
27476 
27479 
28083 
28202 
28196 
28256 
28251 
27386 
27644 524 
27638 
27565 
27650 
28226 
27633 84 
27682 
27525 
27746 
28058 
28241 30 
27808 
27369 
27779 10 
27713 237 
27687 
28219 
27664 
27667 
27683 
27688 
27715 
27726 
27901 
27744 
27804 
27745 
28284 
27880 
28266 
27427 509 48 
27906 
27748 
27422 691 145 
28118 
27385 
27843 
27961 
27854 
27410 247 
27875 
27883 
27884 
27797 
28282 
27946 
27426 
27979 
28247 
28059 
28240 
28274 
28120 54 
28148 
28212 
28220 
28285 
28286 
28291 
27101 
27096 
27093 255 
27112 245 
27128 
27213 
27192 
27115 
27153 162 
27120 
27200 
27097 
27182 
27333 
27119 
27149 90 
27100 
27167 
27092 
27142 
27256 
27282 
27136 
27318 
27095 
27114 
27137 245 
27341 
27145 
27144 
27117 
27166 
27139 
27105 
27099 
27258 
27263 
27268 
27279 
27222 
27243 427 
27275 
27288 204 
27134 
27294 
27330 
27332 
26574 288 
26627 
26276 
26320 
26266 
26311 
26849 
26270 
27069 
26271 
26296 
27083 
26337 2079 
26263 
27051 
26284 
26287 
26298 207 84 620 
26464 26 386 
26378 321 175 
28532 
26502 
26635 583 
26258 
26972 
26811 
26827 
26308 412 166 
26322 1487 
26262 2050 
26385 
26329 
26257 
26368 84 
26349 2266 
26281 
27066 
26408 
26381 
26952 5 
26783 
26484 
26410 
26494 
26244 
28619 
26447 
26375 
26449 572 
26666 21 230 
26475 
26851 1301 
26477 1309 
26706 
26736 
26268 
26521 
26544 
26853 
26626 970 45 375 462 
26545 
26261 1104 958 
26962 
26608 49 1020 
26796 
26569 1048 
26923 1620 
26571 1048 
26772 
26586 68 27 266 31 631 
26594 1261 82 
26267 
26612 929 
26647 
27009 
26347 
26658 1802 
26662 
26755 
26676 
26614 795 
26691 
26805 
26698 
26389 
26702 
26709 
26715 
26716 
28288 
26718 
26732 
26719 
26881 
26727 
26728 
26737 
26504 473 
26740 710 
26742 
26558 1910 
26777 1800 
26286 1104 959 
26802 
26857 
26861 78 
26866 
26912 1222 
26882 
26895 
26899 259 635 241 376 92 34 61 17 61 8 
26904 31 
28039 453 
26931 126 469 633 
26942 
26953 
26958 
27002 
28332 
27003 
27005 1062 
27086 
27048 20 
27050 
27073 
27078 
27087 
25865 1 1256 1 
25858 397 
25859 
25885 
25902 1418 491 
26080 
26044 2154 
25872 
25922 
25892 28 71 99 91 48 1074 44 
26071 
25933 
26717 1922 
26026 
26092 
25845 
25961 
25880 
25886 
25869 1257 
25864 1257 
25938 
25899 
25850 1256 
25950 
25910 
25862 
26019 
25921 
25925 
25929 314 
25952 
25923 
25941 
25949 
26103 
25893 
25944 
25958 1463 
26031 
25857 
25971 
26226 
25981 
26043 1518 
26083 
26014 
25878 
26007 1862 
26061 23 2133 
26009 
26059 2156 281 22 
26022 1182 10 121 
26032 
26047 
26114 2250 37 16 33 64 10 39 36 10 67 
25956 
26062 2156 
26074 640 1449 
25965 575 
26081 
26093 
26110 
26112 2249 
26119 
26214 
25879 
26202 426 
26172 
26144 
26146 1 
26165 1746 
26171 
26176 
26187 25 
26220 
26233 
25524 1145 852 
25409 
25386 
25408 
25426 
25425 
25400 
25394 
25402 
25406 
25403 
25392 
28044 
25537 95 
25686 
25582 35 23 
25620 
25427 
25433 
25416 
25419 
25478 
25732 
25395 
25499 2618 
25390 
25430 
25766 
25391 
25538 177 
25387 
25448 
25618 
25407 
26557 
25704 
25748 28 
25393 
25415 
25485 1792 
25455 110 
25503 10 5 28 18 4 77 
25479 197 
25556 196 28 57 1829 
25451 
25832 
25580 16 
25454 
25598 
25456 76 
25457 
25459 
25461 
25477 
25432 
25745 1418 17 32 68 4 
25404 
25687 2804 
25467 
25576 9 29 54 
27129 
25389 
25396 
25711 
25609 
25486 23 83 13 3019 
25578 13 
25790 
25501 82 32 11 43 39 
25472 
26664 
25710 
25800 
25637 
25803 
25511 4 16 19 152 23 
25512 
28317 
27127 
25533 77 20 
25535 77 
25536 
27043 
25663 21 
25548 
25552 217 
25801 
25682 
25553 
25410 
25789 
25579 
25844 
25558 
25586 
25414 2912 
25600 
25589 18 106 11 
25602 
28427 
25603 18 43 1 31 
25975 1799 
25572 
25619 
25742 
25638 15 42 
25646 6 
25674 
25685 
25689 
25690 
25699 27 681 
25712 
25758 
26451 571 
25721 
25722 
25727 
25728 
25730 
25731 
25734 1321 
25736 
25741 
25743 1453 
25746 
25411 
25750 
25761 
25762 
25775 4 
25767 
25774 
25429 
25768 52 
25777 
25782 
25783 
27743 
25796 
25807 
25829 
24803 
24808 
24955 
24813 599 852 2061 
24816 
24814 1 598 
25143 2547 570 
25197 938 219 78 33 134 907 75 147 3 278 67 97 10 210 191 
25005 
24805 
25050 222 1073 35 306 35 197 762 78 133 82 540 
26630 1634 195 
24881 1249 71 1108 144 385 41 
24820 
24995 267 1593 
24829 
24827 
25327 
25285 
24826 
24848 
24959 29 
24831 
25158 
24938 2240 
24844 
25268 3156 
25170 
24847 
25046 1024 
24853 363 132 9 
24855 
24960 29 
24942 
25863 
25340 1484 
24887 
25121 
24866 809 3006 
24812 
25302 
24850 
24802 
25250 412 21 
24830 
24818 599 852 2061 
24882 131 
24804 
25100 2 720 
27630 
25373 
24986 71 52 114 73 49 
24824 
24970 
25068 
24892 2114 
24823 
25016 1415 2152 
25011 312 
24902 
27370 
25225 13 1096 1676 180 
25232 16 16 11 11 82 
24983 173 158 1434 
25347 1223 1048 
24939 9 
25028 
24947 
24957 
25031 
26938 
25434 
25298 
24932 628 
25344 
24922 29 2474 557 
25010 2181 
24927 1831 
24979 
25222 
25269 1399 
24963 27 
26618 
24883 
25594 
24996 
25007 
25034 
25003 
25024 1839 1690 
24921 77 191 38 13 130 936 544 
24846 368 341 
25037 1515 668 1370 
25122 31 51 11 
25172 272 933 1143 
25039 1510 680 20 1298 
25052 
25074 
25079 
25080 217 3138 
25083 
27140 
25106 
25115 639 1646 227 
25184 
25291 
25118 
25186 
25174 
25179 
25195 
25241 2367 335 
25249 
25267 
25278 3111 
25299 
25352 
24168 
24437 
24135 
24585 
27686 
24156 
24136 
24150 
24134 
24182 365 
26085 1827 
25431 
24637 
24266 91 1794 335 154 
24609 
24441 
24237 
24790 
24148 
24675 
24201 
24149 
24747 365 354 
24497 
24715 
24310 
25571 
24167 
24476 
24146 
24199 673 
24133 
24499 
24350 
24245 
24490 
24145 
24177 1860 443 197 495 263 34 31 222 61 40 107 201 
24179 
25867 1257 
24421 
24186 
24371 
25882 
24660 
24225 
24159 
24163 
24155 
24511 3034 
25868 1257 
25494 314 261 
24213 
24216 
24549 423 3464 
24619 
24633 21 639 
24184 
24613 1417 1251 
24241 
24246 
24470 
26207 
24249 515 2434 
24316 
24250 77 
24751 
24326 2 
24330 
24648 1295 
24240 
24451 
24261 
24567 
25196 
24278 144 74 
24311 
24279 
24281 
24678 
24788 
24166 
24344 
24460 29 2036 
24132 
24251 
24365 
26211 1831 
24312 1665 
24381 3685 31 74 109 
24383 334 
24151 
24385 
24825 
24495 
24469 1595 140 
24276 139 
24393 2134 1836 
24726 3397 
24401 26 23 1314 
24773 
24793 
24244 
24413 
24417 
24711 
24425 
24568 
24152 
24429 
24431 2176 1550 
24203 197 3327 
24688 12 
24493 2003 
26708 
26786 34 178 
24446 
24445 
24447 
24449 
24452 
24214 
24694 
24509 640 1762 
24147 
24504 571 206 1442 1447 
24173 172 29 2943 
24154 
24555 
24598 3630 
24160 
24750 
25590 
24593 24 2283 612 917 
24626 
24595 
24597 1626 325 349 
24395 241 
24614 963 1442 
24632 
24283 
24642 
24439 
24653 4048 
24659 
24685 
24292 
27148 
24702 
24709 
24730 15 
24741 
24754 
24759 
24771 
24783 145 
26189 
24786 154 609 920 220 8 330 502 394 
24789 
24791 
24792 
27230 20 
23435 
23310 
23426 33 21 500 291 
23721 
23232 
27751 
23513 
23739 
23306 2610 
28210 
23255 
24248 
23863 7 
27285 
23991 
23528 
26245 
23935 1369 
24680 
23583 
23495 
23286 
23747 
23247 
23913 1012 
23245 
23897 
23244 
25881 402 
24122 
23767 1802 
23233 
23253 
23264 
23268 
23830 49 10 
23855 
27267 
23256 
23445 772 
23942 1291 3323 
23850 
23351 340 
26446 
23610 
28297 
23231 
23993 
23269 
23265 
23432 1930 
23844 
23230 
23670 
23851 
23930 
23275 3361 
23353 277 1725 961 
23361 
27337 
23891 
25978 1328 
23396 
23578 424 13 275 16 263 630 177 1423 10 1587 85 114 
23267 
23251 2602 1256 
23285 
23666 
23903 2524 1715 
23409 53 
23955 1737 717 
23795 287 
23807 
26285 1104 
23305 2610 
23829 3820 
23321 
23318 
23587 985 
23328 
25324 
23606 
25388 
23861 
23685 
26048 
23336 
23342 
23248 
28316 
23471 
26885 
26010 
23348 
23417 1597 245 1091 
23357 
23368 
23358 4782 
23279 5394 
26711 
23323 297 776 4016 
23287 
23373 909 3267 
23782 
23937 
23246 
26279 
23333 
23604 
23953 
24525 
23352 
23383 
26663 
24924 13 516 
23819 
23812 
23388 382 
24056 1040 3 1512 867 1187 
23397 66 
23404 1840 543 
23235 
23995 
23411 565 4481 
23424 
23541 441 3858 419 138 85 
23420 3513 
23922 
23442 1173 
23726 29 
23443 3565 
23451 4471 61 
23551 
23602 
23457 
23458 
23460 
23570 
23303 494 1709 407 861 709 
25322 
23823 1281 888 2495 
23836 
23419 
23502 2584 2287 
23508 2532 1491 
23512 
23521 
23540 
23523 2463 
23675 61 188 373 
23536 43 532 86 62 1859 2155 
24004 
23543 
23553 56 1573 1589 
23557 27 436 11 81 4109 
25798 
23657 196 2202 85 466 36 
23572 
23581 2079 
23944 
23590 1152 3734 
23740 2604 1621 
23603 
27976 
23898 
27551 
23613 2702 191 
23355 
23762 
23300 1607 1192 312 
23629 
23717 2417 245 
23615 
23704 2129 1009 427 
23522 
23647 
23651 
24517 
23252 
26359 571 
23380 2066 
25861 
23654 1791 3242 
23718 1303 1805 30 
23667 
23737 
26988 
23917 1386 
23668 427 2387 
23680 
23672 
23679 
23681 
25123 1496 
23708 1643 
23820 2 4453 
23517 300 4611 
23725 
25279 3289 
23734 
23319 
23746 
23768 
23787 
23790 
23839 102 16 113 
23832 
23834 
23838 
23840 1911 
23945 
23250 2602 1256 259 
23848 
23857 
23875 
23882 
23883 1438 737 
24862 115 31 
23890 3294 92 
23892 
26169 
23899 
25228 3436 28 
23649 
23902 
23904 
23909 2693 1046 
23910 58 
24049 485 39 630 953 500 1808 
25778 
23915 3025 
23921 1570 2107 1042 
23927 1072 
23936 
23943 
23946 2933 
23971 4162 
23972 
24016 
24026 1916 
24036 
24052 
24077 3 
26260 1104 
24115 
24123 
24126 
22979 
22309 
22405 
22524 1683 379 
22407 
22453 1233 63 23 222 14 35 4 10 44 1133 833 926 78 468 328 
22339 
22569 
22308 
23003 
22440 1636 
22316 
22800 
22985 
22529 
22672 1588 
22424 662 
22322 
22305 1839 
22717 
28236 
22310 1 
23090 1973 
22300 
22676 389 1111 231 94 44 
22697 
22370 117 412 241 
28594 
23064 8 
22323 
22427 
22348 2852 
22329 3554 397 2068 
22325 
22350 
23173 222 17 379 186 463 2716 1405 
22330 
25350 
23162 1887 1038 2287 
22564 25 
22840 3097 
22473 2415 1469 35 140 83 960 443 
22709 
22382 
24980 
22364 772 1049 
22393 
22327 1842 
22694 
23191 1945 210 
22621 
27098 
22312 
22381 4131 
23556 
22384 407 
22542 83 814 1873 26 
22303 
24412 
22386 444 312 470 95 565 31 1735 1746 
22404 
22390 2016 
22391 
22490 21 19 144 177 38 11 26 18 11 
22970 
22415 4234 
24428 
22612 
23071 
22417 
22458 2235 500 461 186 164 1859 518 
22547 
23147 1237 2 453 984 1166 1398 
22431 5166 
23021 277 399 3801 194 
22537 1059 
27185 
22433 693 
23217 1989 
22627 1068 1338 244 101 527 80 512 188 231 391 86 111 52 7 92 74 38 24 56 778 
22313 
22984 4722 
22383 
22396 
22702 
22445 3449 
22379 
22894 
22454 
22459 
22975 
25335 
23063 
26282 
22426 
22301 
28523 
22618 1910 3184 
22763 
22471 
22852 3567 615 
27205 18 5 14 
22477 350 
22541 
22336 3892 1240 314 
22479 540 35 1369 7 1030 29 73 152 1454 15 262 17 76 49 371 41 130 57 38 29 
22343 733 476 56 405 38 305 6 1854 186 368 46 
22481 341 1589 278 
22482 2143 
23017 
22315 
22824 2221 226 
22917 
25855 
22484 
22478 3948 1035 
22328 
27828 33 10 
22532 
22470 
23211 
22510 1027 
22515 2694 
23204 
22517 
22519 3846 502 869 
22452 
22650 
23761 
22421 
25465 
22525 
22550 251 963 2147 272 1646 
27056 9 
24157 
23653 105 4599 210 
22534 1091 
22546 93 
22474 2415 1504 140 62 388 59 377 1067 
22314 
22555 1784 3691 
22664 3142 1211 
22560 
23014 3154 
28653 
22805 1055 1685 18 81 1617 
24121 
22670 5852 
22584 
22574 
24819 
22602 3502 
25044 1789 
22371 1804 14 2471 1575 
22603 2609 
24584 3177 
22861 
25428 
23007 1202 
22748 
25876 
22380 523 243 429 
22604 2609 
22580 910 79 209 221 89 233 609 2006 63 81 686 99 
22836 
22759 
28321 
23160 
22608 742 2545 183 768 120 332 497 584 
22610 
23111 1418 
22611 3324 
27372 
22726 
22613 
22614 
22617 
22523 4171 1420 
22901 
22922 
22859 130 55 270 719 2502 233 691 1041 81 
22321 
23729 476 211 188 2215 782 25 
22631 225 1681 454 38 1333 10 63 66 74 222 152 45 932 51 
24280 623 1928 
22774 176 1024 492 620 6 88 126 762 1205 
22635 1627 2133 146 
22646 
22864 
22652 2223 1425 1195 45 987 
23135 
24596 
22667 5215 
23656 827 
22675 
22680 
25480 
22691 188 229 302 1049 29 215 74 
22488 2366 3097 
22706 
22793 1597 1936 1853 
22712 
24342 
23978 
23114 
28301 
26094 26 
23266 
22727 
22728 84 2348 579 
22737 3801 
22750 818 1098 1519 
28371 
24817 
22783 5840 
22792 5709 
22873 207 59 
23599 
22795 211 94 98 811 51 
22629 2411 1510 2097 
22559 4025 1076 14 
22799 4046 
22808 
22916 2109 177 355 2998 
22814 345 1490 1162 
22815 872 878 
22819 1416 
22823 5 2103 1519 557 298 1268 
28497 
22719 
22657 765 4299 228 303 
23107 
22839 
28705 
23077 1264 2911 
22846 
22357 238 972 67 1699 
23219 746 3700 928 
24124 
22867 228 3938 380 
23530 
22874 126 970 
22877 2860 
22878 
27394 
23152 
22918 
22893 
22911 2648 
22931 
22941 3297 1742 
23166 
28305 
22942 1055 2932 
23005 275 4122 
22943 1400 77 1716 191 
22948 833 8 998 800 1852 698 254 201 70 29 7 
22951 186 
23190 
22855 480 343 10 106 384 55 61 42 43 84 879 779 97 2448 
22969 3362 
22972 1515 
22976 
24562 
23001 
23002 2339 1484 
22489 
23018 
24647 
23022 4299 303 
23023 1396 81 
23026 4185 
23052 2203 
23029 
25027 
22767 
23030 4604 
23035 430 31 710 672 126 103 163 83 629 327 3 117 740 33 252 204 316 71 54 139 273 
23210 4208 
23056 2013 901 1266 520 926 
23066 2293 
23070 220 180 2536 1154 
23081 
23092 4490 
23110 
27041 
23116 
23118 
23119 258 3295 38 21 354 665 
23123 
23176 
23128 
23153 3394 1047 
23164 1343 
23165 1401 
23187 1040 40 619 1679 23 387 637 3 839 
23220 
23221 
22640 
23222 
23223 
23224 
20892 2350 2614 15 
21097 2075 3 1827 957 1216 56 20 172 
20876 6215 1207 
20968 
20956 
21180 
20907 1413 940 2163 452 400 858 247 956 
21486 3476 1511 
26254 859 245 
21101 729 
21386 3 66 725 1166 2033 4 663 1186 337 289 227 66 
22292 
21189 314 3037 1406 81 1315 
21794 82 4180 384 
25435 
20952 186 565 180 16 308 345 121 198 2823 388 647 1378 
20900 
22832 4730 637 
21981 
22113 
21001 
22102 
20888 3918 2304 252 
20942 
20886 
21073 
20894 
25317 
20887 
21468 1665 260 1237 1930 
20921 4998 11 
20891 
20895 
26318 482 18 173 
25439 
20998 291 5179 228 299 31 
28103 
21263 
22251 144 
21649 1999 2429 
21133 227 129 635 121 9 80 733 2087 1059 263 
21185 486 1806 344 807 2575 
20896 
22713 
21784 
26971 
21363 
22067 
21457 
21669 5196 
22204 4467 373 10 
28091 
24981 
20890 
22026 143 1929 6 681 381 495 468 312 1087 
27614 
21205 
21119 400 2063 735 2408 1298 
22090 395 28 86 169 
22575 26 
20916 
21415 
28521 
20946 
21513 
28414 
21222 
20906 1413 940 2163 452 400 858 247 956 
21634 
21450 5024 487 9 
21224 
20912 
20943 
20914 
22188 
21279 147 2800 752 28 53 3379 
24264 
21385 2013 224 1683 
21447 1761 4119 357 
21970 204 380 1784 618 
26579 151 354 
20904 6473 
21106 216 1141 288 2789 99 415 85 
21898 
20922 97 29 145 13 42 704 5 160 17 24 101 16 334 232 466 9 210 135 13 19 27 34 26 181 12 80 40 1803 21 17 38 17 90 768 452 20 25 452 148 436 
20879 
28663 
22125 
21357 
22239 2267 3497 
20951 3774 
25733 
23514 
20935 1804 55 1404 1893 
26756 
24165 
20947 460 3908 1543 444 
23295 1759 943 1656 
20903 6473 
20936 309 1128 41 543 130 451 653 3748 
21100 12 184 41 347 125 20 231 1439 2725 1847 
24535 
20915 
21108 
22925 
21421 
21974 
22241 477 1138 1628 509 
21077 
25551 
22366 529 52 44 
20974 2565 682 
20940 
21082 236 729 3262 10 1695 939 487 
21237 6 
27076 
24969 
22866 
21475 680 561 142 49 90 999 214 43 278 1622 245 1090 
21387 
21432 1690 
22132 2201 1291 1114 
27111 
22196 1531 
24473 698 823 
23312 
20953 973 
21084 1363 935 1683 1033 1964 
21401 2014 
21010 
21668 164 3978 
22236 2545 1984 1248 373 
20917 2346 
21123 69 1942 1090 
21665 2826 2943 598 
21365 590 33 16 228 433 390 818 321 649 13 320 515 147 59 507 213 
21303 315 
20985 
25287 
21483 
21608 4467 
23261 
20963 64 439 172 830 1203 115 984 
20950 70 
20880 2349 
20889 
25792 
20939 
20955 21 10 17 69 38 159 64 10 277 41 25 45 15 14 117 45 238 19 18 89 383 181 12 312 158 93 123 87 141 253 91 403 381 111 93 33 213 10 616 420 81 14 285 308 76 17 54 2 91 380 46 535 
22372 6158 
21748 32 
20967 977 2415 9 23 1382 
21091 627 1072 100 1195 348 115 1236 1148 1152 
21196 5732 
22077 1002 1589 1983 604 
20970 2150 
25520 14 20 149 88 
20908 
24577 598 
20873 2355 909 2109 
21160 4559 
20965 6025 
22163 
23381 4166 868 
22291 4076 
21372 
23824 2229 2307 
21109 235 335 41 2351 1086 
25181 9 1 193 540 2028 
22104 
21218 
20905 4968 1258 247 
20981 1939 1055 
22290 
25849 
21151 7247 85 
22189 23 32 911 
22413 
20878 
20987 1296 2109 2648 
21897 5881 
21197 6358 
22284 
20989 
20990 1745 2215 217 1189 682 386 557 23 
21650 
21057 288 3179 
24398 1427 2586 127 
22208 
21034 
23163 274 361 192 51 
21137 519 132 105 
21506 1145 1905 1452 2347 174 
21642 
20913 3915 2307 252 
26528 15 
21427 609 4112 500 1283 
21411 
25744 
21648 2397 
21025 78 496 
22521 
21064 
20996 
21326 156 217 468 231 939 198 76 30 175 717 806 689 363 148 164 41 599 1120 
21726 973 1212 3171 355 526 
26592 
21274 1149 662 5338 
21095 718 835 1153 1372 298 3159 56 2 7 
20877 
20984 609 166 263 2 8 700 233 
21146 35 2150 7 31 180 111 83 189 136 1775 302 1723 605 
22758 1734 
20928 817 593 403 28 28 143 22 32 1206 32 114 29 3110 1163 
22764 
21526 
21024 581 1057 4537 
21210 42 
25747 
24164 
21015 
21954 553 414 
21016 5162 
21018 181 268 545 385 895 227 216 1831 445 
22243 692 923 3636 
21579 
21038 
25588 16 
22231 249 2593 1220 163 106 117 212 22 1228 20 19 
21257 483 1463 
21276 868 4040 767 5 4 5 116 1361 
21029 33 541 231 2033 3933 
27825 
21056 7094 
21012 123 523 15 194 57 6 
21031 6814 
21032 33 138 348 59 383 960 247 588 683 73 160 541 223 27 24 2 2 134 15 1061 279 194 820 426 
21995 
22226 
20927 
21584 2302 
21035 4458 
21232 906 4039 
21367 
21076 
21170 
21479 
20932 811 
27300 
21235 5 3083 2 2946 
21089 
21155 
21374 907 1909 1302 179 2343 
21052 2339 481 1762 1250 980 401 
21036 38 101 176 225 1058 1977 279 1504 98 1284 139 556 203 
21635 31 276 
24494 499 
21058 
21063 774 2031 
21013 
21039 
21066 845 62 246 63 351 1669 861 14 1159 934 70 863 
21556 
21422 
21069 
21772 5385 
21049 
21614 3550 102 
21701 
21087 1747 2308 663 2181 
20954 17 6 376 6 33 535 14 19 7 41 15 6 10 209 15 
24181 
22164 
21004 
21688 
27075 
21850 
20872 
21090 12 2170 1160 223 2384 468 
21335 849 2985 1132 1195 
21965 
22115 1908 1015 1198 317 623 45 26 1344 
21094 
20995 
20883 
20982 609 105 31 974 
21690 
21885 
22127 
21099 59 26 1578 2526 285 1024 64 363 265 
27805 
20909 
24046 2509 305 
21913 
21113 516 
21725 
26741 
21739 
21114 
21258 
21118 782 5425 
24868 493 2176 
21050 
26629 
22256 
21803 982 
21341 193 801 310 197 81 265 1172 1395 
21124 
21125 4260 
21126 
24254 119 326 
22200 
23434 155 3436 190 31 
21128 5316 
21316 
21647 3923 
20941 1470 221 1918 30 546 36 1360 1735 
22130 
21136 33 490 3202 230 
20934 28 83 138 18 30 1030 1951 652 1076 11 1535 
21525 4402 314 
21005 1658 66 
23447 
21141 1070 5081 
20945 
21689 
21142 
21302 
21014 1442 3681 
21153 1232 61 
21157 3763 77 46 558 
28086 
23454 
21159 
21820 249 471 298 928 720 825 
20992 706 347 4784 
21161 2128 
27577 477 
20884 
21164 2473 169 4295 
26817 
22268 563 73 239 431 18 51 206 459 263 185 1664 873 548 7 231 315 85 
21166 3856 
21168 240 746 616 388 2162 584 92 28 556 636 85 21 14 242 74 27 16 9 12 86 
21130 224 614 3482 347 15 
21173 151 93 57 79 640 1186 77 28 66 55 12 196 116 969 1081 34 781 1411 
21569 
21246 6472 
21002 
26186 
21268 2620 
27799 
21663 919 2021 1160 761 
21371 215 1778 30 110 28 48 321 675 2937 246 
21107 4376 166 51 2219 524 
23906 
22909 
22288 
21396 1523 1041 2380 
21187 
21191 5193 538 
21481 36 
21304 
28313 
21314 14 794 307 83 78 1431 
25257 
20874 
21202 2457 1524 
21810 850 449 220 120 148 166 63 473 581 338 690 965 533 634 453 
21286 39 1034 83 62 179 5 33 903 696 318 903 
21208 5774 
20930 337 486 166 178 29 95 25 160 35 292 298 260 227 265 35 404 461 177 59 171 816 94 179 16 20 221 42 5 16 688 21 9 122 219 28 53 148 170 41 411 
21174 1344 118 145 563 367 333 475 221 
20926 49 25 71 295 590 51 
21217 745 200 
21221 
21227 6788 
21229 
20938 977 4828 1392 
23343 544 1397 3270 
21234 
25525 1285 
22278 540 
21236 6 1664 689 357 115 16 6 220 6 7 9 370 67 1578 2053 85 
25117 
21418 36 206 129 3569 
21244 774 2282 4 3137 48 
25418 
22619 2401 
21247 6472 
26760 
21294 
21346 186 220 88 19 174 28 1032 266 64 198 152 29 183 99 33 
21278 193 
24807 
21249 521 4461 1017 
21255 6940 
21152 
21171 
26665 
23446 772 
21440 2065 5 2579 71 1740 345 131 
21083 
21078 155 17 16 153 514 1071 79 126 9 65 602 1475 184 31 9 363 1120 465 283 177 
25667 
21260 110 215 1821 494 
21544 1424 4182 
21261 29 761 798 2124 
21270 
26457 2071 7 78 
20973 143 661 105 
21841 
21334 1135 1018 890 390 71 1287 278 1981 
21842 
20969 
21277 
25611 20 62 
21280 877 5172 
21284 4218 
21443 1708 31 1578 
22118 5213 
21307 594 13 1705 4417 
21088 348 161 2163 
20925 488 39 1292 
21765 933 2220 
20875 
21420 182 1337 872 258 1726 1713 493 200 
21299 1390 33 3290 
21140 222 67 61 481 238 8 852 4188 30 4 
21802 2372 368 3276 
21300 15 903 879 489 256 32 498 752 
21301 782 663 670 207 2193 1064 1111 113 
21149 
21349 4280 
21306 468 
21406 5880 
21766 
21310 728 381 138 502 
26265 
21311 3142 3126 
27225 
21947 
25144 
21317 228 542 126 133 250 587 735 148 2335 2030 190 
21559 580 33 161 12 33 24 26 29 92 107 68 21 15 24 5 64 22 27 8 49 15 21 67 22 14 4 42 45 13 14 1465 
22267 
20949 
21518 2297 257 224 
21332 
21340 6504 89 
21342 377 197 90 
21022 492 1029 2178 642 
22287 
27179 
21409 
21350 
21060 
21006 890 167 4399 177 
27440 
22099 
21358 33 578 25 34 234 
24834 
20964 
21805 1008 938 
21105 936 
21148 
21382 119 1472 506 507 1959 2123 
21144 538 2876 17 2460 885 721 
21384 283 2344 302 1335 170 23 662 5 976 
21051 2820 3012 
23723 
21393 344 1217 
21352 742 57 1745 
21410 967 611 960 3904 
21423 3297 
21425 1602 461 3075 60 351 350 266 16 87 47 
21781 
21430 855 9 877 56 797 95 10 666 330 30 1482 453 120 783 301 167 246 
21397 
21442 2391 
21431 4526 1785 351 
21437 1338 3692 
21059 1655 72 682 511 2097 
21438 137 2964 361 1258 676 1064 
21356 
27189 
21601 679 2705 772 14 929 810 
27772 
21441 
21643 203 102 3192 
26259 
21445 19 1128 5055 130 
21376 1334 
21451 916 53 12 54 310 10 23 25 42 56 11 27 8 42 21 21 19 26 30 29 13 
21008 1928 193 
22307 3553 396 2066 
21460 
21463 
21751 
21469 240 114 5629 
21472 202 
21478 
21480 
21484 
25067 
21487 
21491 334 
22222 
25804 5 
21493 
22306 
21495 1497 186 227 2313 1501 
22058 1017 
21498 1188 5791 
21996 4 5 5684 
23628 
21500 1826 313 237 116 907 1855 
21721 
22111 2391 
21507 1965 587 32 3540 
21706 162 7 50 15 9 4992 
24234 
21521 2 
21524 
22019 1998 
21529 1054 
21538 27 797 30 73 33 195 240 79 34 325 374 189 673 13 72 21 53 111 239 796 89 14 181 108 44 170 115 12 159 19 66 20 76 457 74 17 87 197 110 32 129 20 69 56 216 
21540 
26973 
21627 
21633 60 35 254 
21542 
27018 
21548 6124 30 33 
21831 4189 2021 
21549 
27359 
21550 232 36 398 1097 717 2736 
21641 
21555 1321 856 947 3885 
21557 
21560 793 325 3437 297 1710 334 
23025 
21564 797 74 29 468 79 291 68 306 68 449 413 38 1873 127 264 76 278 137 44 109 168 96 131 55 51 34 89 56 216 
21570 6659 
21574 
21589 3172 295 2581 
21651 5345 49 
25932 
22205 4502 
21991 3758 32 18 1144 1159 
21595 36 14 220 
28193 
22074 160 
21598 
21617 
21622 4502 1430 673 
21624 
21054 
21729 
25953 
23963 
21695 
21628 1827 392 
21630 
21632 
21639 213 4467 
21664 
21675 304 
21678 
22199 
21683 74 82 
21685 
21687 1074 
24914 
21692 72 
28498 42 39 
22556 1784 2834 857 
21697 2905 2462 
21705 
22238 
22260 1170 225 855 1429 
21707 327 
21708 3064 
26335 
21710 1959 
21822 
21711 4831 
28328 
21904 
22150 
21713 
21715 1363 
21714 2111 
21783 1558 
21723 5962 
21849 
21724 149 48 
21117 
21730 
27274 
21732 
22135 
21581 4975 308 
21733 
21734 
21738 
21755 176 8 4 40 27 2178 1320 34 101 
21756 4948 20 336 535 
21761 
21762 771 116 89 1470 379 1021 34 682 186 1586 
23105 2990 435 
21767 
21768 328 304 38 84 157 26 2433 343 291 604 113 204 182 112 577 670 232 152 25 27 
24465 274 
22915 
21769 
28208 
21775 
22072 1077 
21779 
26871 576 
21786 
21889 
21792 1221 2977 46 703 432 265 63 327 171 133 507 
24418 
21796 4711 175 264 
21799 
21937 
22210 
21812 600 598 37 343 2243 201 340 837 384 749 414 
21815 
26188 
21862 
25424 
21836 4221 1578 
21843 
22225 40 1666 517 176 846 125 578 1666 
21847 
26944 
25976 
22270 3 1004 1833 38 3401 
21853 2931 
21070 932 
21884 
23835 3110 59 
21863 
21871 1787 
21874 
22857 31 
21878 
21907 
21879 
22168 5500 
21886 
21890 15 
22912 4559 
21891 
24480 
21894 
21906 
21864 1734 1124 817 1222 
21908 3916 
21910 1244 1147 941 1267 1093 
21912 60 2738 258 2723 753 
25729 
21928 
21932 3611 
21936 
21273 3327 136 296 21 198 1330 6 272 752 283 
21958 
21961 1338 975 338 17 2862 132 341 6 
22114 92 
25490 7 64 
22250 1188 
21964 6693 
22548 
22148 617 
21975 
21976 
22360 284 301 11 1750 51 2509 6 1223 113 60 
21978 
21980 
24456 29 
22528 3579 
21986 944 2034 
27260 
21989 
21990 
23689 
21992 2941 
21339 
21998 
22003 
22011 
25036 
22015 3720 
22017 
22401 5016 
22025 1271 4467 
22035 3750 
22093 578 1647 1379 62 574 726 369 
22037 
22043 106 91 1683 1594 
22044 1629 3605 733 8 2 646 
28299 
25452 53 123 28 61 77 21 
22289 5538 
27747 
22049 200 1397 1409 150 
22054 1457 2652 2079 
22055 6154 
22056 30 
22059 
22062 
22071 
22064 3261 
20897 
22066 
22075 160 1192 527 2736 187 24 25 1258 
25599 7 
22076 
22078 581 
24131 
20944 
22101 4 16 
22110 1770 425 246 30 546 1000 396 880 9 122 355 556 
22116 620 627 168 
22128 
22152 
22153 
23282 272 688 112 1535 176 76 
22229 1269 
26513 175 467 
22161 
26701 
23197 
22165 
22166 
22177 3642 
22186 
28434 
22187 1257 31 508 
22195 1125 
22220 
22230 785 19 26 237 144 83 172 156 86 1969 80 48 255 38 45 10 54 21 27 15 14 47 40 79 101 17 94 22 36 31 11 18 191 107 189 92 573 19 49 
22242 5235 
22247 445 346 143 1594 1313 720 805 175 587 
26667 
21259 3177 
22255 4521 684 
22272 1834 3828 
22279 
26180 
22293 933 902 666 713 143 73 1366 1204 413 
25442 
20581 4755 
20346 
26247 847 255 
20390 285 
22999 602 
20653 1975 824 198 913 1346 223 25 43 8 13 1089 205 238 68 16 60 11 258 420 31 
20361 
27972 
20562 6 25 935 999 38 160 3746 484 4 5 
20344 
20428 6101 
20576 8 14 2506 261 660 270 2150 71 382 
20340 542 1414 941 902 658 601 449 402 854 250 955 
20636 2525 3432 1156 8 
20510 
20519 644 1094 1379 86 83 302 467 803 5 2718 
20373 537 1414 938 908 1707 400 2064 
20646 3017 851 359 2538 1059 
20347 
20420 1271 2314 293 26 155 131 21 12 3469 37 309 
27197 
21211 
20813 
20492 555 615 975 2334 3683 
20350 1954 
20624 1947 2143 1079 
20525 
20366 535 1416 940 904 660 599 852 858 244 959 
20343 6 1950 941 902 658 11 1441 1104 955 
20648 578 103 762 32 307 84 77 9 1422 421 394 1213 141 
20770 167 130 1349 92 485 508 230 3666 427 176 372 
25848 1256 1215 
24608 37 2119 
20424 1421 93 6154 
21966 811 1443 803 590 38 8 39 62 1979 
20353 
20838 1511 1029 632 30 38 3 1120 
20341 1956 941 902 658 1452 1104 955 
20460 1554 2461 
20362 
20357 
23453 
20409 4 7522 
24130 
20628 225 459 423 396 50 400 74 466 598 221 307 85 807 29 360 260 981 23 1867 
20440 417 962 2410 62 16 263 3200 764 
20477 95 548 62 338 93 201 2397 773 772 970 1298 122 9 
20724 3549 
20367 535 1416 940 904 660 599 852 1102 959 
20355 
25574 
24686 
20382 53 13 24 65 66 34 77 39 24 39 
20338 
20371 4462 
21505 
20480 1132 25 189 2832 811 1994 
25380 
20384 
20351 534 1417 939 902 1711 16 383 2062 
20358 535 2356 904 1698 1256 256 3 
20647 781 1088 107 301 124 9 224 208 889 464 1284 1270 94 
20674 
20374 6767 
20482 551 574 575 1096 438 36 22 739 327 238 110 48 133 1524 949 439 229 40 128 
20417 555 333 715 541 191 4 171 164 263 31 329 304 46 273 62 73 200 273 97 19 195 271 606 34 387 31 25 436 199 744 450 
20376 
28222 
20381 538 1413 939 901 664 601 451 401 858 245 960 
20436 1160 85 304 1497 573 19 2048 481 351 9 244 
20561 91 910 580 500 240 126 29 143 1015 43 14 106 8 36 113 15 16 1556 7 43 245 410 680 105 51 252 272 274 
20695 4353 633 
20377 6766 
20356 6762 
20383 1257 1572 1380 
27190 
21458 1970 55 2711 864 
20342 6 1950 941 902 658 11 1441 1104 955 
25105 
20422 6812 7 
26830 
20378 
26843 
20372 1954 
23828 2923 1536 
20364 
20365 
20588 
20337 
20657 2647 212 31 98 65 908 1296 388 727 446 98 
24901 1938 
20386 3877 
20387 688 502 1915 
20388 985 1700 504 208 1352 228 1122 138 216 631 64 
20426 130 3899 397 1208 104 1746 209 97 74 
20707 1494 361 458 388 101 915 164 124 323 1264 56 223 127 344 525 14 74 454 469 87 
20486 513 637 2965 
23243 
20389 310 57 34 
26364 1611 
23170 
20765 
20549 3820 
20411 1926 168 172 63 
28343 
20385 5850 
26278 860 245 
20395 4015 150 3243 643 
20423 3930 
20658 
20461 
20392 340 
20393 73 105 52 59 7 40 29 51 31 14 6 1208 190 13 280 19 37 31 663 39 26 227 106 66 19 80 201 115 12 31 542 193 343 17 698 370 450 461 101 185 211 172 86 211 115 26 280 
20339 542 1414 941 902 658 601 449 402 854 250 955 
25707 
23588 
20394 292 
20745 
20484 1915 2673 3132 
20405 
20700 48 4750 
27773 
20421 37 941 825 251 193 40 566 1617 484 591 106 266 20 135 41 62 824 128 28 176 8 96 82 82 2 239 285 74 
20397 2 64 1105 144 304 261 495 10 102 8 149 107 29 111 173 191 53 140 9 72 33 155 320 28 12 7 27 86 457 411 380 58 105 192 819 776 462 
25405 
20433 197 
20807 2996 2491 29 125 98 350 
20398 81 326 687 
20611 240 1737 116 84 150 29 1752 140 108 1616 207 404 239 111 287 376 42 19 334 
20401 3492 15 738 3030 
20911 
20449 266 131 2339 201 356 57 287 1270 961 1448 122 5 677 
20608 1854 30 1067 272 454 463 365 215 1345 10 222 63 32 678 349 
20773 
20580 
20415 30 56 153 42 877 2683 270 12 1426 197 1753 
25487 23 
20521 1223 2533 221 137 282 124 575 6 79 850 21 32 321 401 316 235 217 66 
20369 
20499 1248 594 22 5 6 62 14 44 59 26 75 100 56 11 51 25 16 16 5 105 99 67 8 112 871 92 47 68 113 105 18 24 35 7 2 42 1581 131 106 10 13 56 29 9 50 57 37 59 20 41 21 10 100 94 80 352 127 78 76 42 13 37 16 34 27 22 5 576 
20403 150 7 59 424 396 916 53 93 34 31 27 88 97 24 66 324 207 166 721 375 35 212 311 112 198 572 58 254 1486 147 79 242 54 
20487 1371 1935 1267 1068 2500 57 
20688 500 2319 1809 723 99 2056 
20532 208 722 1914 158 1378 1740 130 952 37 161 476 108 
20719 628 2619 217 1343 3048 
20722 491 
20752 67 223 296 74 90 1333 2165 252 189 1783 650 409 
24503 2256 1648 
22743 239 1237 
20391 4561 338 
22563 
20375 
24552 1553 
20345 
20404 143 7 66 424 1312 53 93 34 31 27 88 97 24 66 324 207 166 621 100 375 35 212 311 62 50 1082 618 682 412 242 282 
20406 108 21 29 6 42 20 146 64 239 298 26 92 34 52 287 212 38 51 406 837 53 27 401 55 38 602 186 87 2 111 33 21 99 238 617 330 92 16 21 303 69 105 266 443 16 24 28 27 126 71 67 61 16 181 33 356 20 
20370 4462 
20779 1406 
22624 
20410 41 19 26 220 21 18 27 50 33 55 40 6 13 4 5 5 16 8 51 24 12 25 25 25 19 11 5 9 15 13 5 8 18 11 15 5 18 5 28 36 14 30 9 8 15 36 29 2 24 20 5 23 10 29 23 27 18 14 5 8 9 13 45 12 29 15 15 15 15 17 53 10 16 8 10 15 49 51 45 32 29 17 85 33 96 17 9 29 20 28 29 51 18 31 16 45 61 127 13 68 85 143 20 15 7 19 5 35 13 14 68 22 54 49 20 30 39 26 29 3 69 33 82 8 94 7 5 11 152 29 116 29 12 21 29 80 25 21 14 4 34 7 41 27 40 114 12 19 18 71 111 35 96 684 27 10 3 36 51 11 120 21 12 8 40 12 145 149 80 814 18 22 343 22 46 199 190 135 99 
26175 
23360 
20412 3642 
20379 
23042 
20834 293 20 1090 410 2518 482 
20414 30 1128 2683 64 1644 1950 
20437 
20416 2956 170 140 234 1110 813 159 341 973 628 
20354 
20543 
20419 1737 1902 32 4470 
20534 11 18 6 25 37 899 52 1911 1635 1238 1467 673 98 47 
24809 
24363 
23715 3346 
20425 46 24 2 33 105 49 70 61 28 135 229 8 24 15 194 17 46 28 27 12 38 36 24 124 17 167 25 21 10 133 91 105 6 76 304 136 7 16 227 65 8 135 166 40 30 42 13 52 21 11 32 23 62 18 110 50 13 81 171 50 36 12 72 30 28 67 43 18 93 13 195 117 31 141 16 27 10 12 86 68 187 34 7 29 107 17 211 22 306 84 45 70 23 159 34 104 22 24 63 23 54 271 135 77 10 17 67 49 80 10 44 28 11 56 66 30 31 22 50 25 22 22 16 10 49 98 32 1 87 25 10 16 37 22 33 70 
20427 200 7 49 131 
20431 178 12 666 11 256 511 27 53 49 8 208 158 212 24 174 216 333 99 183 867 234 311 89 20 
28303 
20429 69 35 11 6 8 34 469 772 307 309 42 35 50 541 1340 225 167 35 1759 144 290 1044 
20710 4582 
20430 
20402 624 357 2486 8 591 478 317 11 248 183 990 779 8 325 183 120 
20604 3 9 391 771 564 47 78 9 387 42 1182 7 220 90 40 212 60 53 1052 221 9 141 100 228 193 267 179 342 59 145 171 27 15 6 148 60 15 78 128 3 186 15 69 74 
27415 
20432 
20438 21 212 7 142 24 3 5 4 5 284 243 231 187 470 673 799 253 6 7 275 640 142 13 17 2 56 19 20 33 835 137 16 556 994 88 9 270 259 85 90 6 85 29 3 4 
20706 4037 39 171 577 680 12 613 
23448 
21547 542 126 383 2639 134 2164 227 205 
20439 128 34 576 150 561 218 84 213 292 62 69 277 654 343 249 916 72 954 364 57 109 696 105 77 39 134 45 8 164 276 86 
20380 538 1413 939 901 664 601 451 401 858 245 960 
20794 3111 446 2570 843 
20443 217 3 3 3 33 628 846 242 329 100 252 263 78 89 838 27 340 24 323 70 809 73 734 77 192 422 215 30 304 67 
23485 2549 619 
20494 3170 1210 32 164 975 262 25 96 1010 121 479 154 
20741 657 644 1001 125 239 71 619 6 1724 127 1527 85 481 4 
20446 377 13 2867 309 49 1 168 1005 445 156 306 607 515 874 49 172 150 89 79 22 
20542 
20734 438 151 93 57 79 640 606 705 113 851 307 187 413 722 109 267 680 162 654 141 317 
24352 
20450 414 267 522 137 4100 36 91 223 1189 840 
20520 
20452 207 3 3 3 118 31 20 30 361 13 215 90 308 234 41 85 133 29 221 386 4 182 15 517 95 18 70 35 32 159 877 110 127 602 5 70 73 78 91 50 5 19 10 94 22 81 15 334 96 364 5 27 39 638 43 48 17 93 11 34 67 103 74 85 54 40 11 49 
20810 
20858 
20577 8 950 960 1067 
22159 954 620 4229 
20441 6 243 3568 1365 896 
20726 664 884 
20454 2830 2941 
20711 7121 748 23 
20455 
28519 
20651 282 15 13 154 6 79 30 125 47 31 13 198 132 85 20 14 25 43 149 91 24 124 121 134 214 88 116 4 8 131 40 117 32 94 23 103 24 31 7 60 139 271 777 234 15 11 81 13 133 526 50 7 176 166 55 108 71 33 74 125 161 113 25 89 145 17 192 9 9 49 19 12 22 31 25 13 15 21 11 34 26 19 73 61 54 29 38 70 19 213 36 99 32 72 29 
20456 1348 2275 
20457 
20787 3735 
20462 1736 492 10 350 82 1421 1185 265 1398 66 
20434 39 
20502 2458 20 1574 1199 479 
20465 
28127 
20643 146 232 75 273 125 1147 1628 2423 1144 652 
20467 42 532 4862 92 28 186 953 92 314 91 347 64 192 
20407 
21694 6 148 
20468 827 
21111 
20531 154 2848 4235 
20538 3940 3307 326 
23225 
20408 10 400 2233 3404 1516 
24532 1867 1986 
20469 4052 38 1811 254 659 63 118 121 196 433 223 
20606 714 728 701 2365 656 
22340 245 1296 117 559 70 1612 383 843 
20994 1551 1062 1587 269 1340 
20769 409 
20512 4535 
23033 1968 252 
20474 4802 4 
23544 4517 305 53 
20517 287 64 2185 854 1157 1307 1724 
22845 
22266 
20475 5915 
20476 646 394 6 917 1267 65 21 54 101 34 94 360 1081 1940 403 
20478 513 1145 484 267 422 1173 423 8 421 180 1281 785 592 
23753 486 109 32 270 
20453 2877 
20352 6764 
20633 
24118 
20723 2094 
20481 
20573 6097 142 203 8 
20516 3284 1071 1525 1835 
20483 679 409 338 1385 481 1066 29 2024 
20485 876 817 507 38 19 326 740 319 1313 346 556 1354 596 
27053 
20442 
20491 229 496 132 27 341 81 336 333 264 256 841 140 71 724 873 1838 570 17 434 
21204 
20736 95 3261 1412 123 28 61 98 
20488 3841 2130 
20489 5092 16 
21892 
20490 4459 309 
24893 1467 299 865 445 146 
20767 3239 
20800 
20493 646 153 1130 1677 6 2129 229 350 1096 679 
20523 51 8 82 479 2723 
20464 857 1450 891 1012 457 30 1144 210 987 9 958 
20735 2898 2169 2442 
20500 1501 2751 335 6 214 
21368 1237 551 
20808 782 
20503 525 70 525 814 524 20 684 1412 110 360 193 634 114 274 90 1104 
20742 7263 
20504 4137 1332 1484 
25765 
20524 2163 33 
20505 1994 381 
23234 
20506 
20625 1947 
20730 558 147 211 147 110 147 57 336 253 115 22 11 214 16 71 50 1716 755 7 5 10 637 186 805 237 158 815 
20507 2974 
20511 
20508 
21132 523 136 4315 
21309 317 602 620 725 
20731 
26361 702 949 
20793 
20513 2900 53 1123 
20515 1340 
20579 8 13 937 960 1067 
20522 5446 
25399 
24994 267 1593 
23403 4755 
20396 
20527 1419 162 
22707 
20546 6485 1394 224 
20528 7294 207 6 
27381 
20529 
26752 
24677 
20698 1301 1113 388 46 4004 639 
25593 702 1565 
20536 66 378 770 200 4670 
20518 1062 
20368 
25447 
23920 
20539 
20575 8 1097 4623 
20929 30 418 47 293 362 2157 698 40 326 267 2709 
20363 535 2356 904 3213 
20540 8 956 54 542 4013 672 1577 
20899 
20400 4257 81 1997 711 229 
21606 250 3067 13 1714 
20541 
20717 1056 1185 130 4816 
25401 
20551 8 3002 10 341 1299 889 837 64 
20768 
27295 
20552 1813 581 179 605 474 71 139 47 16 122 53 18 59 6 475 2204 
27072 
20555 1008 139 441 500 227 13 126 1219 40 158 79 168 51 1691 64 87 410 212 405 14 9 280 210 263 86 
23694 
20557 
20566 
20578 958 960 1067 1124 
21611 
20586 
28644 
20565 1860 1700 2401 
20589 
20849 1128 411 3050 
23311 
20590 
20591 4556 
20595 890 76 580 740 550 483 865 510 819 962 1435 
20626 1947 
20596 807 46 60 843 1676 823 
20597 52 12 610 813 1345 527 6 
20599 1228 132 
20605 1340 164 716 371 310 422 2195 343 1064 923 
20869 
20610 240 1737 116 84 150 29 1752 140 108 1616 207 404 239 111 287 437 334 
23759 
20613 1907 58 175 1970 4 51 942 734 414 162 616 52 39 387 512 
20614 1879 613 1545 20 57 2060 118 
20761 324 4048 2757 572 
20615 212 213 1421 70 180 98 1886 249 1222 443 
20676 81 114 
22885 
20617 6286 
20618 
20622 
20629 1322 232 4564 414 162 
26822 
20638 35 149 848 137 1895 301 1082 750 
20639 2134 3226 2563 
20680 159 20 5773 
20691 90 16 4099 122 114 111 1120 278 406 5 175 
20640 1866 709 
20828 
25500 125 16 
20641 
20694 2072 99 3208 
20862 2465 1078 
25884 
20642 5992 884 189 198 185 
21821 
20747 
20863 1481 116 1927 282 481 42 2881 
21880 
20644 532 3081 1705 
20645 158 4343 1633 1796 
20650 274 5097 1313 
21381 756 2961 1680 
20655 3872 916 1847 612 5 680 
20656 
20667 330 26 56 71 131 10 6 83 14 65 40 11 5 18 61 15 176 10 6 10 49 75 117 21 7 23 72 58 161 54 96 82 35 155 200 78 21 64 166 39 49 31 33 23 40 130 22 16 150 61 50 53 228 250 41 308 10 18 18 28 49 20 7 47 16 6 6 58 108 48 5 13 3 640 56 130 155 31 41 48 40 21 122 140 40 8 5 26 16 24 30 13 98 157 7 134 27 70 8 39 87 68 51 151 34 32 139 165 9 15 33 11 27 305 
20672 149 190 123 523 15 152 42 57 6 1393 320 42 609 
20830 2487 1147 77 1613 2540 
20670 5427 19 237 63 157 25 329 673 4 870 
20677 193 
20679 516 80 1159 1157 1594 
20727 
20681 4414 
27527 
20687 161 109 570 2031 1132 
26878 
20692 
20693 532 3217 1033 21 553 385 166 386 1199 484 
20697 340 225 57 158 576 577 213 1518 47 128 129 1497 375 1379 182 374 
20785 81 2834 77 2646 
20701 
24397 
24708 
20526 639 269 519 1171 1510 486 15 112 959 370 98 4 921 111 245 150 
20703 4077 
20845 7707 
27226 
20958 
20704 
20705 3157 1392 40 1311 16 10 
20775 
20708 
20709 86 
28339 
20712 4270 
20713 
20718 
20829 2260 300 47 50 623 2329 821 466 
21844 
20721 
28467 
20725 76 471 216 597 1389 574 25 3996 
25464 
20728 1070 6000 
20774 5785 469 
20733 
24935 3221 
21600 5909 
20739 
20738 60 248 7 33 7 63 38 25 46 18 112 193 250 13 206 90 106 363 355 125 180 91 8 27 19 55 142 346 71 208 22 90 34 194 8 76 65 5 26 104 28 21 292 274 227 227 214 87 181 304 168 264 41 254 172 134 59 37 97 12 97 121 204 24 12 192 
20743 23 519 1337 1147 3068 1108 
20744 476 567 1209 2347 6 1084 405 32 370 1152 8 85 
20746 53 26 645 1680 4420 
20749 6744 377 
21030 574 231 2123 
20783 13 127 263 26 41 1607 532 2996 452 831 30 
20750 
20751 304 112 575 916 974 1294 1831 647 839 
22358 145 36 114 275 203 4335 615 
21763 155 
20759 4371 2603 
27244 
20760 
20762 428 2675 251 628 935 2384 102 
20763 1045 1241 298 690 59 6 651 464 441 344 197 226 1006 923 
26351 
23525 
20764 
20771 21 2885 73 708 559 2148 381 
20772 
26111 
20776 
27663 
22444 
20812 2606 566 231 
28551 
20780 841 406 428 746 5433 
20784 
24000 
20788 3016 951 474 599 
20791 
20802 
20931 823 344 636 298 1652 2956 
20806 3558 
21508 562 3918 
20811 3794 1512 300 2058 
26967 
20824 1983 5362 
20826 2060 2931 
20833 
20835 3228 891 108 411 1 2726 431 29 29 7 
20359 1 
20841 239 298 26 92 373 212 38 51 1724 55 38 988 391 92 18 12 495 330 92 16 21 303 69 105 709 95 126 138 61 16 214 
24801 
20855 
===Document Endings===
[www.washingtonpost.com/world/national-security/group-of-50-former-gop-national-security-officials-trump-would-be-most-reckless-president-in-american-history/2016/08/08/6715042c-5d9f-11e6-af8e-54aa2e849447_story.html, 20872, 535]
[www.washingtonpost.com/politics/inside-trumps-financial-ties-to-russia-and-his-unusual-flattery-of-vladimir-putin/2016/06/17/dbdcaac8-31a6-11e6-8ff7-7b6c1998b7a0_story.html?tid=a_inl&amp;utm_term=.3d42de854a73, 22295, 1423]
[www.washingtonpost.com/world/national-security/flynn-was-warned-by-trump-transition-officials-about-contacts-with-russian-ambassador/2017/05/05/b552c832-3192-11e7-8674-437ddb6e813e_story.html?utm_term=.27324754af7f, 23228, 933]
[www.washingtonpost.com/world/national-security/trump-and-putin-a-relationship-where-mutual-admiration-is-headed-toward-reality/2016/12/30/f900b3e2-cebd-11e6-b8a2-8c2a61b0436f_story.html?utm_term=.47bd7ae6212e, 24130, 902]
[www.washingtonpost.com/world/national-security/with-trump-about-to-learn-the-nations-deepest-secrets-a-sense-of-dread-in-the-intelligence-community/2016/11/09/e4206810-a676-11e6-ba59-a7d93165c6d4_story.html, 24796, 666]
[www.washingtonpost.com/world/national-security/hr-mcmaster-delivers-a-parting-shot-to-russia-as-he-prepares-to-bow-out-as-national-security-adviser/2018/04/04/d48f4df6-37b3-11e8-8fd2-49fe3c675a89_story.html, 25386, 590]
[www.washingtonpost.com/local/obituaries/frances-l-lloyd-scientist-who-made-key-contributions-to-voltage-standards-dies-at-94/2018/04/02/ae32de42-3557-11e8-94fa-32d48460b955_story.html?utm_term=.af35cb3237a9, 25845, 459]
[www.washingtonpost.com/news/powerpost/wp/2016/12/30/trump-praises-putins-response-to-sanctions-calls-russian-leader-very-smart/?hpid=hp_hp-top-table-main_trump-putin-425pm%3Ahomepage%2Fstory&amp;utm_term=.c4ba7cb55b44, 26244, 399]
[www.washingtonpost.com/world/national-security/trump-administration-sanctions-russian-spies-trolls-over-us-election-interference-cyber-attacks/2018/03/15/3eaae186-284c-11e8-b79d-f3d931db7f68_story.html?utm_term=.3084df0b5b6f, 27091, 847]
[www.washingtonpost.com/news/worldviews/wp/2016/12/30/russia-slams-obama-administration-and-cnn-for-lie-that-it-would-shut-american-school-in-moscow/?hpid=hp_hp-top-table-main_russiaschool-11a:homepage/story&amp;utm_term=.d9ae5b901e79, 27348, 257]
[www.washingtonpost.com/world/national-security/obama-administration-announces-measures-to-punish-russia-for-2016-election-interference/2016/12/29/311db9d6-cdde-11e6-a87f-b917067331bb_story.html?tid=a_inl&amp;utm_term=.7cfe81755543, 28295, 947]
[www.washingtonpost.com/world/national-security/cyber-chief-says-trump-has-given-him-no-new-authority-to-strike-at-russian-interference-threat/2018/02/27/41185978-1c24-11e8-ae5a-16e60e4605f3_story.html?utm_term=.447d591e2530, 28708, 413]
3 45 38 38 72 333 25 222 1106 950 58 39 707 782 217 2632 991 457 227 29 20 143 2186 138 502 1030 728 
20477 116 437 50 270 1834 50 61 29 120 60 11 255 28 76 1278 396 1698 304 481 978 315 37 3158 982 15 904 436 256 32 498 
20552 69 883 1383 244 1316 1501 812 1148 830 505 261 719 1283 706 100 980 627 1436 348 115 
20629 84 277 16 263 3 8 13 720 49 122 306 158 276 45 718 702 21 346 30 165 1046 211 283 177 421 104 302 1029 115 12 228 69 21 31 106 47 85 89 21 73 544 989 283 177 1012 79 126 9 215 209 215 155 17 16 153 514 418 603 1013 
35400 
21396 1177 7140 85 727 224 1254 74 466 361 59 99 451 423 397 50 606 221 307 85 
34705 
23813 4435 1212 7143 20 
20400 
32679 
20947 2654 
20481 1651 706 9659 1762 
21926 1042 20 5105 
20635 435 472 606 85 74 352 6 645 135 306 233 170 38 839 575 1327 239 92 350 1649 836 17 58 1505 154 221 1088 2678 30 
20802 406 11363 1702 
21101 319 108 261 635 526 339 708 355 768 78 482 33 1036 744 101 527 521 619 113 1385 736 271 116 3775 282 
20999 818 1471 205 272 6075 4612 256 
20485 14 161 202 160 344 276 2223 2545 37 161 695 41 1348 126 582 709 48 272 207 520 37 161 2309 983 158 
28171 
26059 4746 5707 
21108 5371 718 3095 933 4455 150 
21495 7298 
20486 1904 3721 34 31 222 61 40 107 201 4050 34 31 222 61 40 107 201 3894 811 288 
20410 
20905 519 3484 85 
32805 
20652 669 1765 3401 4746 4890 570 
21566 
20472 7 19 32 25 41 10 53 32 86 36 226 45 68 34 54 83 31 385 157 51 6 160 404 191 129 5 397 861 48 35 296 60 54 40 16 183 65 124 260 948 158 1630 118 105 29 304 4 350 280 28 20 123 14 10 8 14 49 65 244 150 259 436 348 158 732 253 115 22 11 214 16 71 50 350 522 147 211 147 110 147 57 2381 
27473 
20678 566 71 3911 1473 1497 3249 1875 400 1132 735 
20440 11312 
20456 53 10 54 17 27 73 16 15 10 37 2 13 22 19 4 8 35 13 18 21 11 122 44 99 3 22 2 23 38 14 30 155 195 118 17 508 7 40 28 28 137 53 64 18 49 22 54 15 22 6 16 117 7 9 452 356 314 8 65 20 238 232 151 38 13 31 34 16 4 161 10 12 3 25 17 18 70 77 143 46 44 48 129 64 46 380 127 78 76 42 13 37 16 34 27 22 5 383 89 735 11 11 224 21 61 233 100 28 9 26 25 32 29 28 31 17 190 50 57 11 23 77 40 40 13 87 60 33 16 97 106 14 85 27 20 168 99 62 170 631 127 78 76 42 13 37 16 34 27 22 5 259 22 5 6 62 14 44 59 26 75 100 56 11 51 25 16 16 5 105 99 67 8 1313 647 871 92 47 68 113 105 18 24 35 7 2 42 528 79 
21268 1152 903 2698 5886 28 86 169 2101 
21059 2594 9222 
21388 6448 
30250 
20559 1368 248 3067 566 23 584 2394 2352 1038 1968 1323 
22372 
20404 1157 705 869 796 1118 983 952 1496 1075 682 538 943 933 432 1423 903 659 409 
20464 743 
21194 
24373 9591 155 
21671 
21715 2135 2559 2935 1311 500 
20589 659 52 1168 3674 615 1896 46 523 207 1459 615 277 145 36 114 275 203 
20744 8145 
20419 3523 5623 
21471 222 6654 4841 1297 1177 
20874 25 1106 1563 288 934 306 313 80 379 4 102 576 409 473 84 96 152 25 462 2397 67 581 409 552 436 550 296 74 90 2894 
20492 5520 3491 
21077 1013 2802 3779 484 278 2386 1400 181 268 545 349 227 216 1227 
20503 505 8506 
20504 8202 
20427 
21289 
21908 
20468 186 88 6075 20 19 4707 20 19 300 2531 
20482 311 87 1931 1278 360 38 62 639 2099 3 45 126 30 31 46 587 176 335 3099 733 2324 56 405 38 305 6 805 
21091 1607 2531 583 88 90 160 8 325 183 120 515 294 806 522 73 1303 597 8 325 183 120 1210 485 357 1555 8 591 
20405 1157 705 1665 1118 983 952 1496 1075 682 538 943 2788 903 
34869 
20789 236 287 1918 1694 3538 92 410 76 170 240 171 58 94 17 139 27 47 35 44 138 12 1985 211 94 98 2659 51 
21024 7225 7404 334 
20511 413 329 632 2308 52 385 402 1040 94 2375 646 38 515 360 17 58 369 274 94 1026 107 301 124 9 1150 921 209 889 699 
20575 4683 9 4502 3950 1366 257 224 
29519 
21048 54 427 571 752 329 37 96 148 2 133 83 63 133 204 242 189 408 115 226 163 258 33 11 409 215 30 304 67 702 4 803 26 87 57 129 79 6 25 40 132 125 209 102 50 47 6 112 194 283 180 192 217 3 3 3 33 281 215 30 304 67 344 329 100 252 540 470 847 254 78 89 838 27 340 24 153 73 
20968 483 859 345 78 1812 2661 878 97 559 802 950 1811 1383 76 581 358 483 865 280 
21009 2469 36 90 172 2496 45 375 832 9 3485 45 375 
20505 
20417 
20457 7561 
22959 81 4980 1655 5779 
20795 5050 3682 6356 368 403 
21032 1276 358 161 258 226 428 125 306 729 113 595 472 9 122 355 490 94 24 453 3199 9 122 355 3000 839 425 246 30 497 
20508 418 353 2313 1740 421 191 1626 1027 336 34 71 569 2949 267 501 69 2101 
20547 1786 21 1788 759 1209 598 501 25 289 17 63 154 258 1634 1207 598 2412 1895 
20537 217 243 4 113 27 42 72 29 101 59 321 470 1627 377 616 414 96 390 2077 136 1220 329 110 117 2343 390 244 845 590 33 16 229 709 321 654 
23167 792 6316 
21058 6208 323 
29533 6874 
28398 5071 1689 
20412 
30607 
20885 
20425 1157 702 2783 983 952 1498 1760 533 2306 1424 905 
20580 51 31 329 226 151 882 1462 754 417 10 2059 113 281 383 840 401 46 606 139 93 103 212 1529 1209 223 30 418 47 293 362 1226 
20399 6572 1501 
20858 481 116 153 25 8 14 44 10 118 15 75 46 40 9 171 13 25 107 24 71 262 3 64 45 179 13 4 65 47 95 54 126 47 64 7 9 226 30 119 150 221 62 345 23 266 22 29 129 38 13 125 25 200 35 133 160 102 165 172 134 59 37 97 12 97 121 180 76 24 40 18 22 26 119 293 4 9 44 25 60 49 977 1118 86 22 21 8 33 526 60 177 172 134 59 37 97 12 97 121 438 355 125 729 7 33 7 63 38 25 46 18 112 193 250 13 206 91 106 90 92 8 27 19 55 142 346 71 208 22 90 34 194 8 76 65 5 26 124 214 87 70 41 
34388 
21061 
20663 988 377 20 418 16 2962 57 3719 2665 288 1134 216 2752 85 
20514 2861 860 135 791 
20520 6773 1397 6497 
20583 644 1870 277 860 3379 478 747 262 2984 1141 581 2767 
20528 709 1970 335 2978 89 1654 556 2447 89 2186 
20531 1537 1173 1847 120 4518 2 
30656 
21371 15246 
34486 
20483 
20452 23 42 65 12 39 55 70 43 163 10 9 36 4 14 14 54 134 25 7355 19 94 26 67 18 87 69 31 77 104 28 89 21 102 43 2295 53 12 54 310 10 23 25 42 56 11 27 8 42 21 21 19 26 30 29 13 1031 
20839 7264 1328 2692 1060 609 105 31 
21840 12736 1561 
20866 
29872 
20535 2105 1759 1050 36 136 486 1306 98 807 41 1393 907 194 1618 1538 608 690 59 6 651 200 197 
20488 868 4422 1538 730 1463 2675 1116 59 26 3277 
20725 4909 6802 3953 
25371 16 
20851 5892 4746 
33112 
20604 403 483 2099 2074 778 122 5 997 7 2657 117 266 130 445 122 5 1293 2049 356 57 287 
20532 12763 
20455 109 51 93 515 76 185 330 245 336 373 238 1137 325 325 190 164 1207 349 435 273 96 338 314 132 332 37 51 122 325 372 975 595 349 435 30 2915 272 454 463 
20490 1506 221 1846 3613 29 971 605 716 2598 2070 17 379 186 463 820 
20540 39 82 26 224 27 102 212 2213 1000 2912 1354 93 18 30 
23267 
21174 7907 3252 
32240 2240 
21093 
21027 
20471 166 4894 901 2801 694 1251 1300 322 3391 418 
20543 6624 1884 4748 
26998 3258 1 
20649 542 126 1031 229 502 1208 851 141 41 40 175 188 159 422 95 126 138 61 16 214 1440 43 179 295 151 1675 313 95 126 138 61 16 214 1183 398 298 26 92 373 212 38 52 792 55 38 947 
33949 32 
20544 2713 2707 5830 
22905 76 2316 7287 3724 
21522 5680 847 1231 
20876 6889 1682 6498 
25500 2198 
20416 
22411 
20750 12 82 52 11 166 38 24 53 660 86 290 620 42 572 29 70 28 192 78 36 120 110 429 326 320 319 953 462 367 36 201 581 107 56 79 7 164 192 1574 2 64 854 462 518 10 102 8 149 107 29 1170 144 304 262 78 174 191 53 140 9 72 33 155 320 28 12 7 27 86 257 105 192 
20546 70 166 25 112 197 421 498 32 8 76 179 67 372 91 2015 27 31 37 20 533 595 74 17 87 197 110 32 129 20 69 56 1345 43 328 20 17 51 137 13 306 22 14 81 245 325 32 976 74 17 87 197 110 32 129 20 69 56 129 30 73 33 195 240 79 34 1271 27 875 374 189 673 13 72 21 53 97 89 14 181 
20548 164 53 480 59 12 771 75 595 38 41 1519 313 1481 570 17 895 245 907 193 194 132 510 224 352 229 278 570 17 406 264 256 532 26 451 132 27 341 81 337 762 140 71 724 
21517 501 66 1762 29 148 137 15 14 10 30 38 217 52 101 36 183 150 20 517 13 1034 461 530 1022 210 1388 111 30 56 153 42 743 2438 1752 270 12 377 197 
20571 4908 779 4746 1510 
20887 3 45 6 531 297 29 226 558 62 36 267 38 19 443 838 554 307 67 89 1400 401 706 219 47 581 331 518 579 1364 927 247 611 33 138 348 59 383 864 683 73 160 606 
21754 444 5673 2831 4932 
21131 1256 3929 2603 892 1251 1094 298 594 84 823 344 1655 
22060 336 3195 84 2892 2025 
20549 145 24 90 161 261 117 47 58 14 22 124 41 27 53 50 96 320 118 51 6 39 37 55 225 307 91 1210 29 751 30 28 57 101 16 30 40 83 660 105 51 252 272 264 100 15 554 65 69 19 49 21 23 12 45 6 97 61 49 227 222 4 35 5 19 41 64 126 61 25 15 240 615 467 91 360 105 51 252 272 475 240 126 29 143 1161 581 1121 43 14 106 8 36 113 15 16 507 7 43 
20550 147 14 98 161 241 242 36 43 166 31 73 68 52 8 445 138 27 68 50 73 196 51 19 2338 10 6 400 518 14 9 280 210 426 878 8 34 614 63 221 71 192 1163 563 14 9 280 210 537 227 13 126 1333 139 442 1153 40 158 79 168 51 568 
20565 532 1081 937 146 17 196 195 79 61 10 363 3435 45 887 344 240 486 709 178 12 1314 158 212 24 174 216 872 11 256 511 27 54 49 8 393 99 183 867 
20478 127 206 204 922 228 1073 148 44 211 49 285 348 994 818 2292 774 141 48 296 369 100 75 651 1400 130 55 2118 719 
20442 
23361 774 78 178 41 244 61 68 3761 
20699 8063 3526 
20448 68 81 103 182 136 215 8 961 1152 1823 421 319 247 2449 146 96 74 1134 847 1228 142 49 90 1257 681 909 214 43 278 573 
20625 2365 3672 434 23 882 1048 774 324 1261 848 1032 
30329 
20553 1489 1565 540 448 1496 2716 592 1438 
23587 
20610 2871 153 438 2276 30 33 3265 119 8 100 1191 30 33 2592 
35180 58 
20432 
20554 103 9 71 179 30 56 280 60 80 42 29 714 984 52 133 109 495 12 303 11 91 487 37 35 143 7 356 13 54 328 21 3 203 8 39 87 68 51 151 34 32 139 165 9 15 33 11 27 292 64 1301 20 58 21 247 183 37 18 605 61 14 167 112 57 354 266 8 39 87 68 51 151 34 32 139 165 9 15 33 11 27 117 54 96 82 35 155 200 78 21 64 597 26 56 71 131 10 6 83 14 65 40 11 5 18 61 15 176 10 6 10 49 75 117 21 7 23 73 58 180 39 49 31 33 23 40 130 22 16 150 61 50 53 228 250 41 359 56 130 168 7 133 27 
21962 
20461 4746 2131 4482 1707 156 217 469 238 198 76 30 175 717 446 467 
20658 7994 
20454 15261 
20557 1880 61 304 55 21 42 32 92 33 2211 288 17 683 4 4287 455 4 5292 19 
34330 
20733 3338 310 2164 4746 4937 
20560 17 1301 94 760 118 14 1950 86 1732 2395 437 936 978 481 524 20 826 70 525 1111 
21054 
20653 49 230 102 52 94 54 88 4166 766 74 27 16 9 12 86 2272 15 94 66 2075 74 27 16 9 12 86 968 388 789 240 747 1769 92 28 345 84 21 14 
20566 529 565 516 140 51 45 1334 1371 226 56 197 979 147 79 319 19 19 12 51 462 864 59 75 210 133 96 497 11 672 150 7 59 805 147 79 230 53 93 34 31 27 88 97 24 66 324 630 396 1029 166 721 375 35 356 58 
20567 302 219 8 323 242 169 16 331 535 34 16 985 1446 147 4 30 15 175 60 52 61 3 62 588 412 319 19 544 70 794 134 210 133 593 11 672 143 7 66 619 412 230 53 93 34 31 27 88 97 24 66 324 383 247 1425 166 621 100 375 35 
20689 4531 1053 1133 1617 1996 834 
22273 
20603 442 1369 920 34 1145 2889 824 1696 243 1686 83 78 1503 14 794 968 
28670 482 2 
21120 61 4993 194 2537 2015 194 1329 2125 399 
20612 1544 355 180 181 568 245 691 204 981 1035 570 316 32 595 3233 2003 538 1945 17 
20513 74 2027 2397 2027 3602 1778 1003 567 2625 
32258 
20601 4775 2253 1318 21 49 403 2761 
26076 227 766 3753 227 
21079 
20584 371 88 495 1066 242 1326 459 383 237 470 129 223 427 176 634 322 63 1289 247 1435 153 427 176 416 92 485 302 421 130 1503 230 
21511 7978 3004 
20588 79 250 111 264 221 255 304 403 535 2019 3575 464 169 2520 310 197 81 265 155 211 566 193 1895 
20746 1806 1260 1859 461 403 2043 276 1519 505 403 580 1462 394 6 1253 65 21 54 101 34 94 360 
22137 13695 
20599 28 615 7699 3482 
24152 349 1948 738 259 3749 
20562 24 249 94 115 241 927 637 345 185 604 190 175 284 194 40 298 30 11 7 260 40 57 5 39 6 42 22 6 59 12 30 62 140 104 128 28 176 8 96 82 82 2 239 751 901 43 159 25 54 272 37 10 226 344 559 37 487 128 28 176 8 96 82 82 2 239 214 193 40 1470 826 117 1644 106 
20585 
21457 
20670 4295 
20500 
20600 28 172 466 231 4440 3005 3482 
20578 814 705 7371 2 5999 
25082 983 4746 
21164 1165 5711 6535 1561 
25232 653 7346 574 231 1192 
20602 1311 191 6 786 52 251 249 92 109 74 2624 30 683 3619 13 401 30 1159 842 263 26 41 1208 
24065 
22206 1213 845 11538 
20613 1106 2095 527 1116 683 121 196 433 518 1228 835 455 440 520 121 196 433 1303 2852 38 827 63 
21624 971 
20558 110 846 27 453 1720 94 15 477 790 148 87 219 1048 182 251 108 352 166 61 1015 1867 744 182 532 213 973 225 57 158 576 1377 47 128 129 448 
32731 
20538 460 8323 2611 2875 
20527 885 16 3443 1673 799 379 643 90 2 1379 191 1263 2057 35 1219 7 31 180 111 83 189 136 1028 
33661 
20414 4643 6672 4352 
20444 9145 
32189 
27760 
21129 5181 2607 2139 1396 
20460 491 11390 1256 1633 
20614 480 5411 2175 182 2389 721 251 777 2034 1098 272 
30661 
25817 834 4746 1339 
20698 8063 267 3564 
20622 7578 1114 99 108 2470 
33895 6 148 
20864 9501 3131 
20611 9485 72 18 4542 
21085 
20797 4868 2928 76 5179 
20533 195 13820 
34800 
20630 8307 3359 126 2818 
33240 
20636 435 313 159 382 76 148 85 328 98 150 286 656 233 170 675 852 1197 386 350 209 353 3448 430 653 58 47 56 398 845 62 247 63 1088 1071 70 
32920 
20638 137 2011 2860 
20433 1166 8668 
21498 21 460 2015 70 12 31 58 126 45 54 24 380 66 538 20 11 123 88 934 583 551 892 196 1165 28 1331 2319 137 2033 570 
35392 
20438 15664 
35094 1180 
20972 5 1260 1900 3174 1437 4562 235 335 41 1420 
20641 344 64 782 1357 10 83 248 16 362 605 1378 3558 2917 3248 77 667 
20648 292 95 64 227 2566 232 145 172 62 24 21 639 1627 49 597 61 52 178 584 1798 210 376 13 828 49 1277 2087 309 49 1 168 863 274 
20821 29 33 56 127 118 435 2839 2186 141 582 293 1775 618 8 569 760 141 689 489 664 151 93 57 79 641 379 113 851 307 273 109 100 161 
20656 160 26 5 329 14 244 373 435 14 549 9 973 2343 204 316 71 54 139 1424 723 1815 204 316 71 54 139 797 608 1670 31 710 727 340 33 
21383 5704 304 532 
20443 9826 1479 
25214 1523 1862 2884 3331 
20674 4457 1640 773 2332 38 500 286 64 753 958 2702 
20747 1417 1372 452 1486 1054 2636 607 17 1486 525 611 1201 1607 
34784 
32952 
32161 55 920 2332 844 
21260 2010 2549 3485 
20675 
20676 1276 13886 
21381 
35456 
30803 
20677 7907 
33970 
22270 
21829 2028 527 3999 1347 6005 274 
20680 11657 
20681 39 10 97 388 36 60 16 179 433 279 9 24 3 3645 962 858 635 93 1484 659 1017 1819 2286 558 
23834 
21408 
20683 1776 6398 
20561 304 110 753 1294 494 2055 267 266 1834 64 749 64 328 1707 1243 928 1273 1294 
20685 483 5417 1649 3 140 559 411 114 209 97 14 609 941 513 1496 153 1876 6 1080 
23287 225 27 9 365 521 2168 51 1263 28 3404 51 654 225 3529 
21398 4 1178 67 166 174 2122 28 217 542 12 64 305 25 1476 80 45 927 2193 25 1719 2232 476 211 188 
20692 784 1103 3006 6612 1441 
20693 538 322 491 216 957 119 63 4 15 20 42 155 44 50 193 129 685 118 192 1623 301 1501 295 80 190 7 94 227 445 28 1578 301 877 56 982 856 9 798 95 10 666 519 
22161 633 145 5843 1834 2932 1688 217 
20556 
20867 2561 182 879 1210 307 463 241 2942 1563 241 5076 
20786 185 1338 381 90 1502 564 1749 870 365 387 248 698 107 432 68 17 1554 1511 456 
21127 5181 2607 2139 
21140 5049 246 2252 2248 246 1720 671 215 847 30 110 28 48 321 675 
20703 7107 1686 
20881 575 1266 4758 
20704 625 349 1320 1890 99 2241 1002 543 564 100 60 351 5319 
20825 1089 411 1124 422 1114 4315 2995 207 59 
25451 
20705 62 134 30 291 108 75 78 196 134 23 55 613 141 354 6 25 792 17 1050 93 143 105 1567 293 47 23 56 13 53 93 21 158 226 184 186 60 21 59 420 64 383 181 37 63 60 209 142 348 129 69 35 11 6 8 34 1054 328 42 35 50 541 723 772 308 1385 225 
33127 49 25 71 295 590 51 
20709 42 689 569 161 49 5214 50 185 178 88 143 227 3636 118 145 1172 1239 367 333 475 221 
20710 670 3008 373 7739 1416 
35427 
25168 416 17 
24612 7344 2939 
20908 14015 105 
26360 4746 1524 375 643 3052 
20714 268 1418 2753 2003 472 1148 870 396 1934 2195 205 1232 
20715 1686 2536 217 1552 2071 870 1805 525 952 2680 
23121 11 4266 452 51 5997 1974 
20716 1686 2536 217 1552 2071 870 1805 525 3632 938 
20572 349 52 137 41 53 242 57 4005 501 375 46 535 298 22 1462 7 14 2362 46 535 380 181 12 312 560 21 10 17 69 38 159 64 10 277 41 25 45 15 14 117 45 239 19 18 89 114 93 123 87 141 253 91 403 408 337 17 53 2 91 
20724 1077 1543 2207 6676 2903 1504 
21558 
20877 3785 1582 91 347 64 192 132 506 409 458 1694 227 42 584 91 347 64 192 1226 332 2882 92 28 186 106 91 
20729 19 1818 138 32 491 181 836 385 200 11 1426 16 87 47 2317 211 728 1340 16 87 47 1287 425 752 1132 1939 
23553 27 90 119 1822 2500 103 43 4017 
20620 159 1 5 296 224 6396 1517 39 125 134 4 
29403 
20402 10366 
23099 
21324 3345 364 5345 
20734 40 590 669 213 1337 1596 823 146 64 1197 836 111 729 382 469 220 129 609 64 1537 1079 1273 208 
34987 1368 
21235 
21433 1833 211 33 3235 1263 29 2585 75 794 1982 216 597 458 574 25 
25471 
20736 4711 11 157 1763 2234 2711 
23228 20 161 96 326 39 26 392 375 540 664 84 209 1112 2507 131 5 223 768 2679 283 1413 302 
22717 
20740 1277 
20449 252 132 159 131 2344 248 631 25 86 13 353 266 46 50 69 56 42 43 55 203 238 55 11 13 40 171 9 9 49 19 12 22 31 25 13 15 21 11 34 26 19 73 61 54 29 38 70 19 428 1257 89 135 35 45 39 40 52 11 451 334 8 240 39 21 484 379 9 9 49 19 12 22 31 25 13 15 21 11 34 26 19 73 61 54 29 38 70 19 187 121 134 214 88 116 4 8 131 40 505 15 13 154 6 79 30 125 47 31 13 198 132 85 20 14 25 43 149 92 24 165 32 94 23 103 24 31 7 60 139 271 741 50 7 176 173 144 17 
20743 14 236 288 336 1268 334 33 13 33 19 38 39 49 14 19 14 66 18 39 35 33 49 23 32 59 7 180 149 118 154 15 245 52 488 3 193 626 185 211 172 86 211 209 46 75 168 880 233 20 318 84 343 99 108 82 27 143 17 30 12 30 74 21 18 26 179 26 24 59 73 105 52 59 7 40 28 51 31 14 6 64 185 211 172 86 211 288 19 37 31 2209 191 13 98 39 26 227 106 66 19 80 201 115 12 31 542 202 433 
32486 8 
21076 
21479 217 34 2238 838 2866 6284 176 8 4 40 27 1247 
20749 1405 98 12608 1152 
21277 
21507 1092 97 5217 149 4311 186 
20752 8637 4114 
28512 
27030 
20760 1700 339 9077 
33100 
20771 374 723 834 81 6 508 220 1455 1150 229 1234 335 2206 171 571 229 4830 81 
20732 3454 3087 4910 1705 
20912 927 340 1570 3282 363 789 2254 8 3260 54 542 2033 
22462 
20403 1157 705 869 796 1118 983 952 1496 1075 682 538 943 933 432 1423 903 659 409 
20772 1253 1022 695 1105 60 69 1542 439 423 720 206 108 6 207 1242 510 885 439 1040 29 462 574 576 163 439 36 22 739 
36488 
22378 2486 540 206 3567 
20773 
30331 39 
20957 239 75 48 1176 107 482 5588 953 774 1983 20 3422 629 
33080 
25060 
21216 
20695 120 31 829 3983 3651 85 7 315 9 332 15 90 440 2388 2142 
20778 8478 
20439 4639 6673 4353 
20788 1846 1011 2277 6189 33 1356 2733 
21166 137 48 2376 367 3154 1122 638 479 3004 537 313 222 67 61 481 239 8 2211 30 4 
33038 14 
20819 30 3478 2204 82 3539 1125 82 
28508 
20624 626 103 3920 1977 2258 
20794 3331 10698 56 
20803 23 1185 518 733 2819 4746 
27605 
21535 100 209 277 1898 511 347 866 73 1368 395 375 2634 89 16 5907 
20804 883 103 289 5303 1240 1890 211 1160 70 180 98 793 217 2724 422 
20810 419 694 607 278 929 1090 85 43 320 807 634 1816 20 402 246 6 547 105 335 635 634 620 449 303 6 1171 588 120 148 166 63 473 560 
33075 
21132 293 1135 7646 3197 1526 
33930 
20814 3335 1368 1903 25 1863 85 663 3199 
20411 8073 1085 2153 
20937 3794 369 1639 102 896 2921 827 102 1804 1744 251 628 
21530 1538 4167 7605 
36097 
29780 3 2019 523 243 2277 
28055 
20817 
20936 1312 766 219 209 1156 1110 507 328 1853 1630 935 328 586 3081 63 23 222 14 35 4 10 44 917 
20861 4119 348 1038 570 4176 570 
32652 
24611 1093 1130 1080 3666 3093 
20870 902 8521 
21335 8636 
26422 4746 
21534 
20925 974 1043 718 311 425 219 118 2681 1181 160 177 456 2720 806 785 
20818 30 11890 
20820 2493 4923 
20856 
32687 
20823 1089 232 178 76 828 99 82 372 89 1517 1398 444 982 563 30 496 106 125 68 43 22 116 23 12 1716 445 121 198 860 186 565 180 16 309 1894 
21314 
20830 1047 2506 2472 2010 2736 614 3445 
20489 4 2871 2959 130 3057 411 1148 130 815 1632 19 
20832 404 129 3929 8534 
20626 1899 1877 5318 2239 968 1939 
27436 
21098 1343 341 153 953 197 2160 289 227 66 682 903 1583 996 289 227 66 2014 3 66 726 234 1651 338 
21404 5681 827 67 16 265 
20834 5153 356 2447 2299 
20838 2902 6035 3483 288 2248 
21286 132 295 243 233 166 126 126 453 217 106 643 1125 111 34 290 125 107 75 772 683 18 594 258 122 339 168 17 355 39 45 80 33 221 7 75 3 142 21 429 1097 572 191 4 171 164 408 252 333 715 403 31 329 304 46 273 62 73 200 412 34 230 
23178 9407 2122 361 192 51 
20928 12410 519 132 105 
22051 6357 
20840 2070 2273 330 317 139 287 592 695 602 1301 455 474 627 592 448 267 883 1146 241 1173 
31899 350 
21373 5979 9227 17 5 14 
22470 78 4874 5356 2245 486 109 32 270 
21046 2393 332 89 6282 208 4250 
35667 
30600 5450 
22119 13859 
20822 57 54 1128 488 49 1873 925 258 621 111 245 150 524 1225 1532 361 598 111 245 150 1019 332 14 474 269 519 1750 523 
21203 7418 263 3384 
26989 
21397 1813 58 22 31 36 8 6 42 69 20 92 800 363 2 3018 125 4102 1860 2009 
20841 22 1357 467 91 96 912 424 20 255 1990 573 2223 430 95 1425 
20853 
30433 66 2682 770 200 
20852 200 416 218 529 4321 1345 14 628 1553 1206 
25736 
22565 57 50 
20406 2 1155 11 694 1665 1118 983 952 4 1492 1075 682 6 532 943 2788 903 
21092 8053 7419 
20496 1489 1408 10266 1039 55 1662 
20799 14137 
20854 1276 759 1123 436 1247 527 939 2942 564 21 280 3979 73 708 811 
28980 
20845 9507 
22247 5434 2010 
20855 
23171 
20491 7790 945 6485 
20868 
20618 370 384 49 201 284 53 650 22 754 432 266 1253 96 146 51 621 14 74 454 352 75 267 1278 140 31 1012 104 553 392 14 74 454 446 458 269 68 223 12 20 1369 275 101 915 164 124 
32928 
20619 986 117 172 1156 4650 4325 
29551 
20458 112 862 525 179 1087 1939 10 2358 161 757 1639 2761 2357 
21232 7297 490 3410 3050 
34638 
20857 
21375 298 6148 382 4096 
30573 80 114 
20860 
21367 5978 
20878 8 637 330 127 614 83 1232 313 179 1132 1255 37 378 85 12 155 37 57 52 305 639 244 425 1103 1217 37 1452 869 1383 293 26 155 131 21 12 
20888 1795 9 1922 1335 4754 2147 2223 
32582 
20655 
20893 304 962 146 102 506 424 9 126 199 381 21 251 354 140 76 21 1193 111 287 437 1595 21 277 155 101 39 15 106 83 33 27 343 186 300 283 239 108 111 287 437 320 116 84 150 29 411 16 62 3111 579 
21374 5655 49 37 161 107 9 18 67 29 91 4701 420 1038 1246 947 
21119 230 5018 2965 1781 3000 60 1807 
20894 304 413 41 377 87 44 146 102 41 465 424 9 126 199 381 21 251 12 5 337 116 24 76 21 503 690 111 287 376 42 19 1595 21 277 155 101 39 15 106 83 33 27 343 186 65 21 214 283 239 108 111 287 376 42 19 320 116 84 150 29 566 3034 579 
20949 11848 
36401 
21552 707 1662 1124 1924 1501 3245 933 1847 903 666 
20897 564 5852 3234 2578 3117 465 
20900 
22292 
20507 675 245 3443 379 1378 688 483 213 3362 537 
33289 348 161 1232 
21363 520 5372 4911 816 144 488 39 
26203 4746 
22754 4 
20914 465 70 221 1364 72 1579 672 1789 781 2657 160 2414 570 1100 1132 
32180 3582 
28507 
20922 1466 2068 814 891 2026 1416 27 41 134 276 826 853 403 28 28 143 22 32 713 817 1524 32 114 29 
20952 
29577 
20954 986 913 159 9 572 1890 1033 419 1155 489 2683 419 3130 441 
20958 186 528 309 399 30 690 122 134 11 253 623 453 13 419 266 341 342 66 965 9 295 14 53 29 330 28 64 150 53 387 390 356 1093 464 66 1223 10 350 82 1846 1423 401 
20640 561 559 2559 598 1928 2837 1038 871 638 
20682 651 6832 1276 385 
21137 2991 12102 
34718 
20872 31 883 679 71 139 9 420 108 247 657 235 18 160 225 406 81 351 333 268 105 77 39 134 45 8 164 593 652 572 363 348 164 82 194 53 45 237 114 34 120 128 34 441 105 77 39 134 45 8 164 314 292 62 69 277 853 150 561 218 85 635 343 249 
20568 151 34 1094 479 80 86 1026 145 666 71 557 2 27 172 105 45 231 1999 1148 95 1380 
21158 1261 3792 227 205 2532 644 1138 227 205 631 1728 542 127 
35726 29 
31950 4378 
20963 6660 35 1077 8 3609 1835 
20967 483 10 7 289 82 26 9 14 428 51 525 95 141 573 313 29 220 19 76 17 123 46 63 92 418 798 1249 42 15 1519 372 5 3 160 357 178 291 110 233 8 4375 10 341 1139 
21710 
20953 114 89 464 1496 1461 648 1656 646 134 3966 1747 151 93 57 79 641 254 77 28 66 55 12 196 116 1001 34 
20976 2735 268 1132 816 2826 125 882 2399 
21988 834 1071 8342 1771 1015 
21000 7953 
20759 384 4245 1163 664 158 936 1329 1659 1660 
26038 4743 
20792 255 260 767 25 1246 96 20 228 84 88 460 467 130 2522 207 520 1517 435 22 3610 232 36 399 165 717 
20401 
20984 11380 2903 
20987 12422 
21130 240 802 185 29 277 1843 152 113 779 684 28 53 148 170 41 675 566 482 521 367 398 127 154 1016 28 53 148 170 41 408 35 292 298 539 55 84 337 486 166 178 29 96 25 113 227 265 35 404 461 174 94 179 16 20 125 21 9 121 
20669 4003 364 1361 228 303 1894 636 759 926 228 303 405 782 1831 
20989 1937 5826 3389 
20994 4262 1215 799 1703 2244 813 2590 1496 183 372 
34179 
20476 538 1082 2319 2917 302 10 618 164 1206 308 1842 284 301 11 482 3116 51 612 6 
20995 112 26 28 12 20 27 4037 236 53 926 148 651 1703 80 18 8 2138 148 665 232 860 17 80 29 145 13 42 704 5 160 18 24 101 16 100 9 210 135 13 19 27 34 26 181 12 80 40 754 21 17 38 17 90 372 20 25 
35394 
20512 2226 961 315 117 116 57 238 58 19 70 103 104 30 17 31 21 21 150 171 54 217 42 439 2444 230 257 11 79 40 128 44 38 275 61 54 93 14 10 13 16 15 9 146 38 28 82 621 1454 228 
21004 7954 
25044 
21042 4829 312 1189 424 512 1914 707 2362 12 1238 1161 223 
21005 7950 
34305 
21171 552 1302 533 1434 151 762 723 1011 1449 819 1467 4771 
28089 
21290 533 956 504 2832 698 1268 1576 72 1132 698 811 2681 8 998 
21010 15292 
27716 4254 
21016 11171 2163 
20542 8506 1681 
23967 
24520 
21031 3476 8830 33 490 
21179 5271 4746 5000 
21033 180 3906 21 51 2555 
20965 482 1618 5671 4336 471 377 197 90 
21053 
21055 338 6289 4257 
20447 22 18 8 20 14 10 42 17 34 54 37 12 41 14 8 14 31 117 6 12 2 32 8 6 15 37 5 20 135 29 3 68 14 26 33 15 28 23 44 660 1569 68 3215 68 63 68 7 10 46 7 39 16 13 19 54 108 26 31 41 25 32 56 24 22 14 103 6 28 38 12 20 15 10 33 36 11 20 9 12 18 22 20 39 10 19 41 25 23 60 69 22 12 17 8 54 16 28 45 14 34 52 18 36 20 29 23 28 20 9 99 104 21 24 23 48 18 19 18 11 17 41 10 16 4 21 18 8 15 70 216 124 94 1710 12 33 24 26 29 92 107 68 21 15 24 5 64 22 27 8 49 15 21 67 22 14 4 42 45 13 14 1122 581 33 1577 
22038 5428 
20525 118 1459 5 310 1302 349 418 255 219 2530 551 292 369 192 923 74 1877 250 587 913 228 542 127 773 148 
21057 825 1844 379 668 63 1536 596 279 1280 230 300 1325 736 596 393 38 19 326 202 145 194 531 818 698 319 
20764 490 510 1725 1380 1711 1962 264 701 524 583 712 1054 130 304 1160 
21060 
20873 914 11638 
21065 550 304 648 400 6769 4541 
21069 1431 11116 
21175 
30009 
21087 2 1038 886 5 1399 77 853 21 794 3274 313 1159 2227 28 83 138 18 30 1031 1019 679 11 
20646 2935 991 8315 2087 1668 
21442 5801 
22442 632 33 1258 2433 4746 231 325 1661 2575 
21090 
21416 20 73 300 1007 294 2155 665 842 1224 379 754 2389 437 116 89 626 61 56 1060 1515 379 
21109 
21160 558 2310 3923 1131 3180 3896 
23159 7639 2306 
21118 3053 257 226 921 1040 2316 334 53 188 237 1618 434 41 543 130 628 309 1362 653 
21113 5216 2731 2015 3490 1653 
21117 102 27 1605 115 1040 470 539 1097 63 327 171 133 2096 32 69 1855 63 327 171 133 883 1558 2218 46 288 
23153 
21122 6380 1405 3538 3244 81 
20545 200 61 112 9 29 159 27 76 43 275 82 416 111 3108 19 28 159 616 44 109 168 96 131 55 51 34 89 56 287 878 240 311 37 51 123 14 41 11 174 52 41 22 5 67 1559 44 109 168 96 131 55 51 34 89 56 129 74 29 468 79 1332 807 68 306 68 449 413 38 721 
21124 750 7050 3523 
21475 
32662 
21126 7788 3534 4137 
20696 210 4753 4414 90 2311 
21128 3367 3571 850 3535 
21439 
21136 273 3566 4126 767 703 
34093 
21871 2977 977 3 3400 1159 2506 
21138 
21430 3070 76 2602 
33952 
21146 2416 2207 359 2233 2513 2796 240 114 
21147 1214 1036 3897 396 49 138 78 394 5309 
21148 15408 
21149 1042 3121 313 496 17 76 49 371 41 130 57 38 29 1414 557 177 1790 17 76 49 371 41 130 57 38 29 226 540 35 3217 7 842 15 
21150 8036 1351 1391 709 
21153 12678 
24941 4258 4168 
21154 
21159 11102 
21163 1213 1398 2377 98 1712 28 127 90 849 1499 343 98 3579 212 31 98 65 908 247 
21167 2926 1839 2444 8078 
21169 6879 1038 3773 3284 
32678 
21170 2293 5256 368 7057 
21172 7917 7057 
21177 2989 518 1629 3361 396 989 1831 900 2241 
21480 
21348 
20796 1807 181 6 161 2816 48 324 3389 98 751 508 2928 25 189 1901 
20913 30 2 12761 
21178 7889 3758 
22384 4833 338 318 90 234 4086 
21187 5250 4746 4671 
27016 
26826 4746 1685 
21189 5312 4746 
21195 26 1859 2383 24 41 473 68 111 52 7 92 74 38 24 56 1892 1703 697 111 52 7 92 74 38 24 56 780 2916 1161 80 474 
30291 292 
21200 743 12915 
21205 2401 56 316 1231 147 437 608 3287 289 748 422 1364 2148 47 50 623 1253 
21539 2870 8586 2230 
21210 487 504 778 3309 3 1813 2930 3 1572 2888 40 
21212 6857 1030 
25935 
25998 1608 811 257 
21214 99 1245 3291 
21228 11611 
21243 862 13536 
21257 
21258 434 7247 135 5978 
26227 955 236 45 1129 2381 
25008 9875 
21259 
21306 5780 5786 
27175 
21265 1188 6637 4054 
29128 780 2046 
21273 2776 690 14 1751 33 10 2017 841 51 1794 33 10 
21634 6203 
21278 4474 3214 3589 1114 994 1237 
35388 
29592 
23544 70 253 
21431 9189 1619 
30597 47 
21291 6898 1124 
21263 3838 11501 20 
21298 27 
21302 1911 296 197 28 50 126 140 698 3523 406 3079 733 845 227 129 635 122 9 1978 
31727 3687 
21308 5953 
20435 
21309 11856 
29656 2735 677 
21336 3814 756 1331 2406 2634 2328 343 10 106 384 55 61 42 43 84 609 97 
21341 
21391 6453 2545 1670 1189 615 
21343 526 357 9742 93 1005 
22983 2992 828 4746 
21344 879 973 1667 1649 698 505 78 70 437 82 1460 698 145 573 805 1159 75 273 125 1844 
21345 713 22 88 376 67 149 4 2104 1310 9 917 73 419 1392 1373 563 9 1260 663 666 1410 1012 
21355 5897 5290 629 
22915 729 23 10309 
21357 5527 433 4313 
23066 12182 
20875 1694 43 2354 191 2820 265 443 6927 
21361 554 3954 3612 3055 
32686 
21362 1095 1660 144 2930 
21369 5891 87 18 7000 
24188 
21376 10924 
22520 
21377 2046 334 246 33 3 178 97 685 2081 29 365 93 31 222 751 675 704 2163 188 229 479 1671 1049 29 215 74 
25516 
21386 6448 
21387 3266 2972 210 
21395 5809 638 331 4539 289 
35223 
25637 
21400 
23147 
21551 2367 
21401 5683 806 7879 
27057 
21403 12 
21410 508 222 394 5789 2079 1519 381 
21358 2350 336 690 214 2370 1844 129 
21413 5325 1003 611 3132 385 1416 1367 1667 
27588 
21417 11822 
20563 101 91 241 67 92 2 90 36 54 181 22 163 142 59 41 229 8 13 33 136 25 2 76 720 27 21 23 14 21 10 23 2 59 67 74 101 39 16 29 3 19 27 19 9 17 51 23 96 40 44 30 6 16 2 79 239 21 134 36 62 6 11 46 68 41 16 11 1221 18 22 343 22 46 199 190 82 100 110 256 31 99 14 21 18 10 5 21 638 80 120 93 54 28 91 158 108 61 60 17 30 23 46 67 47 101 70 18 37 27 75 63 30 32 420 41 19 26 220 20 18 27 50 33 91 18 22 343 22 46 199 190 84 33 96 17 9 29 20 28 29 51 18 31 16 45 61 127 13 68 85 569 40 6 13 4 5 5 16 8 51 24 12 25 25 25 19 11 5 9 15 13 5 8 18 11 15 5 18 5 28 36 14 30 9 8 15 36 29 2 24 20 5 23 10 29 23 27 18 14 5 8 9 13 45 12 29 15 15 15 15 17 53 10 16 8 10 15 49 52 45 32 29 17 71 21 15 7 19 5 35 13 14 68 22 54 49 20 30 39 26 29 3 69 33 82 8 94 7 5 11 152 29 116 29 12 21 29 80 25 21 14 4 34 7 41 27 40 111 27 10 3 36 51 11 120 21 12 8 40 12 
21423 10623 
25941 2312 
21429 4264 4658 4202 1893 
21435 373 1007 5054 183 322 44 3528 3531 379 
21437 290 128 1940 89 433 2304 506 808 1421 1283 23 705 677 1442 1553 
34137 
21441 5801 
29455 
21443 333 189 2859 58 38 2324 5027 1191 29 761 
23924 
21445 940 3333 2251 6026 82 2200 
21499 280 15 3652 196 1616 1539 4593 314 2106 357 81 467 
22510 
21459 65 5783 839 6 17 141 
21463 3227 855 6571 
29466 
21469 12 11 4793 4746 
21209 6859 122 5122 
21470 1130 2097 245 1502 3984 154 608 3613 
21474 11467 
21478 1216 4592 1432 5661 
21482 1640 207 4070 133 319 350 1176 159 3468 473 869 2059 
32902 7 
21491 846 6491 3716 1089 
24203 9379 757 
23302 31 442 8 21 50 
21496 2667 105 269 103 387 409 340 11 5 786 5 1663 548 1410 348 772 5 1366 3102 866 
32619 
21501 1142 174 17 106 122 10 11 1565 1072 214 92 1236 608 111 72 6314 
21502 648 442 32 1572 3786 50 
31728 
22524 171 5324 222 296 1369 2508 186 1096 979 1918 
21508 
36059 
21512 
20623 1739 12189 273 688 112 486 176 76 
21515 2659 10257 337 
21516 2643 1396 1034 460 1553 1598 111 30 994 2438 1752 64 595 
21520 6587 
22344 94 61 304 9 46 21 42 32 125 52 4401 324 49 2803 5168 463 
21526 975 3484 7724 562 1938 
24250 
21527 1785 
21531 1242 
21276 656 3668 318 2180 7007 
21533 12531 
21545 713 10385 
21546 4199 4694 
21547 
21548 497 1874 558 3991 4178 
26647 3658 10 399 679 1080 
21106 6647 
21549 2371 4549 4178 
32945 
28063 
21550 2367 
===Document Endings===
[www.washingtonpost.com/world/national-security/national-security-adviser-flynn-discussed-sanctions-with-russian-ambassador-despite-denials-officials-say/2017/02/09/f85b29d6-ee11-11e6-b4ff-ac2cf509efe5_story.html?utm_term=.3011bced6d92, 21554, 1155]
[www.washingtonpost.com/world/national-security/trumps-cia-pick-is-seen-as-both-a-fierce-partisan-and-serious-student-of-national-security-issues/2016/11/18/5b089f0e-ad9a-11e6-8b45-f8e493f06fcd_story.html?utm_term=.6cdddafd2e57, 22261, 707]
[www.washingtonpost.com/world/national-security/pentagon-and-intelligence-community-chiefs-have-urged-obama-to-remove-the-head-of-the-nsa/2016/11/19/44de6ea6-adff-11e6-977a-1030f822fc35_story.html?utm_term=.a6b2d114475d, 23134, 873]
[www.washingtonpost.com/politics/mueller-told-trumps-attorneys-the-president-remains-under-investigation-but-is-not-currently-a-criminal-target/2018/04/03/d7832cf0-36c1-11e8-acd5-35eac230e514_story.html?tid=pm_politics_pop, 23923, 789]
[www.washingtonpost.com/world/national-security/comey-misstated-key-clinton-email-evidence-at-hearing-say-people-close-to-investigation/2017/05/09/074c1c7e-34bd-11e7-b373-418f6849a004_story.html?utm_term=.6b690afe69ac, 25047, 1124]
[www.washingtonpost.com/world/national-security/intelligence-community-investigating-covert-russian-influence-operations-in-the-united-states/2016/09/04/aec27fa0-7156-11e6-8533-6b0b0ded0253_story.html?utm_term=.6d9ef3404926, 26027, 980]
[www.washingtonpost.com/world/national-security/obama-administration-announces-measures-to-punish-russia-for-2016-election-interference/2016/12/29/311db9d6-cdde-11e6-a87f-b917067331bb_story.html?utm_term=.53801e025739, 26971, 944]
[www.washingtonpost.com/world/national-security/nearly-the-entire-national-security-establishment-has-rejected-trumpexcept-for-this-man/2016/08/15/d5072d96-5e4b-11e6-8e45-477372e89d78_story.html?utm_term=.84eab3f1affc, 28472, 1501]
[www.washingtonpost.com/world/national-security/flynns-swift-downfall-from-a-phone-call-in-the-dominican-republic-to-a-forced-resignation-at-the-white-house/2017/02/14/17b0d8e6-f2f2-11e6-b9c9-e83fce42fb61_story.html, 29550, 1078]
[www.washingtonpost.com/world/national-security/notes-made-by-former-fbi-director-comey-say-trump-pressured-him-to-end-flynn-probe/2017/05/16/52351a38-3a80-11e7-9e48-c4f199710b69_story.html?utm_term=.dabe3ff22950, 30234, 684]
[www.washingtonpost.com/world/national-security/group-of-50-former-gop-national-security-officials-trump-would-be-most-reckless-president-in-american-history/2016/08/08/6715042c-5d9f-11e6-af8e-54aa2e849447_story.html, 30768, 534]
[www.washingtonpost.com/world/national-security/obama-administration-announces-measures-to-punish-russia-for-2016-election-interference/2016/12/29/311db9d6-cdde-11e6-a87f-b917067331bb_story.html?tid=a_inl&amp;utm_term=.21410190af20, 31717, 949]
[www.washingtonpost.com/world/national-security/flynn-was-warned-by-trump-transition-officials-about-contacts-with-russian-ambassador/2017/05/05/b552c832-3192-11e7-8674-437ddb6e813e_story.html?utm_term=.27324754af7f, 32650, 933]
[www.washingtonpost.com/local/obituaries/herbert-kaiser-diplomat-and-philanthropist-who-helped-train-black-medical-professionals-in-s-africa-dies-at-94/2018/04/03/6807bc68-368c-11e8-8fd2-49fe3c675a89_story.html, 33073, 423]
[www.washingtonpost.com/politics/inside-trumps-financial-ties-to-russia-and-his-unusual-flattery-of-vladimir-putin/2016/06/17/dbdcaac8-31a6-11e6-8ff7-7b6c1998b7a0_story.html?tid=a_inl&amp;utm_term=.3d42de854a73, 34497, 1424]
[www.washingtonpost.com/world/national-security/trump-and-putin-a-relationship-where-mutual-admiration-is-headed-toward-reality/2016/12/30/f900b3e2-cebd-11e6-b8a2-8c2a61b0436f_story.html?utm_term=.47bd7ae6212e, 35400, 903]
[www.washingtonpost.com/world/national-security/with-trump-about-to-learn-the-nations-deepest-secrets-a-sense-of-dread-in-the-intelligence-community/2016/11/09/e4206810-a676-11e6-ba59-a7d93165c6d4_story.html, 36066, 666]
[www.washingtonpost.com/news/powerpost/wp/2016/12/30/trump-praises-putins-response-to-sanctions-calls-russian-leader-very-smart/?hpid=hp_hp-top-table-main_trump-putin-425pm%3Ahomepage%2Fstory&amp;utm_term=.c4ba7cb55b44, 36465, 399]
[www.washingtonpost.com/news/worldviews/wp/2016/12/30/russia-slams-obama-administration-and-cnn-for-lie-that-it-would-shut-american-school-in-moscow/?hpid=hp_hp-top-table-main_russiaschool-11a:homepage/story&amp;utm_term=.d9ae5b901e79, 36721, 256]
