===STATS===
unique words: 2135
number words: 5517
number docs: 6
===========
1404873 
1408289 
1408292 
1407567 
1407049 
1409183 
1409190 
1406361 
1408291 
1407571 
1407570 
1409189 
1404872 
1404865 
1407048 
1409185 
1408290 
1404871 
1409184 
1409187 
1406365 
1404870 
1406364 
1406363 
1407046 
1408295 
1404868 
1408294 
1409186 
1404869 
1408288 
1408296 
1406359 
1407566 
1404867 
1406362 
1407047 
1407569 
1404875 1493 684 523 723 894 
1407050 
1407568 1620 
1407572 
1407573 720 
1406358 
1406366 
1404874 1493 684 523 723 894 
1404866 
1406360 
1407035 1241 
1404854 2700 1617 
1407034 
1404853 3424 
1404859 
1406346 
1404857 
1407038 520 722 895 
1406350 
1404864 
1407560 
1404852 
1406345 688 520 722 895 
1407555 1617 
1407556 
1406347 
1404855 
1404856 
1409177 
1407036 
1408282 
1406357 
1407040 
1408278 
1404851 
1409173 
1404858 
1407039 
1409176 
1406351 
1408281 
1408267 
1408270 
1407545 
1406334 
1407031 
1409162 
1408287 
1406349 
1406352 
1409169 
1407559 
1406339 
1408269 
1408279 
1407550 
1404841 1491 692 516 722 896 
1407549 
1409168 
1409174 
1409182 
1406348 
1404850 
1407045 
1408265 896 
1404843 
1407565 
1407557 
1407037 
1407030 
1409164 
1408268 
1404849 
1404861 1493 688 520 722 895 
1409163 
1407546 1620 
1406343 
1404848 
1406342 
1406341 
1407028 
1408273 
1404846 
1408272 
1409165 
1404847 
1408264 896 
1408266 
1408274 
1406337 
1404842 2184 516 
1407544 
1404845 
1406340 
1406335 
1407029 
1407548 
1407032 
1407027 516 
1407547 1620 
1404860 1493 688 520 722 895 
1407551 
1407552 719 
1404863 1493 688 520 722 895 
1406336 
1406344 
1404862 1493 688 520 722 895 
1404840 1491 692 516 722 896 
1404844 
1406338 
1406333 692 516 722 896 
1408386 
1407515 2579 
1405038 
1409374 
1405683 
1410320 
1405689 
1406017 
1405706 3 
1409842 
1405639 
1404914 812 
1405160 
1405875 
1405177 
1405213 21 
1406204 
1405312 
1405954 
1406068 
1405339 
1405409 674 
1405442 
1405511 
1405493 
1405527 
1408387 
1405032 4232 377 
1405919 
1410315 
1409240 820 
1406891 
1409474 
1406909 
1406910 
1406692 70 
1406745 194 
1407384 
1407364 1393 
1409056 
1409636 
1408305 
1405092 546 856 
1409903 
1405944 
1409972 
1406852 
1410338 
1405955 
1408385 
1405991 
1405914 
1406071 
1407272 
1405915 1286 413 
1407203 3126 
1405959 
1407826 
1405243 
1405700 
1409030 
1410349 
1408026 
1410234 
1408650 
1404925 115 187 120 163 88 424 422 49 698 422 431 23 237 1336 
1407130 
1405848 
1409091 50 654 
1404899 4454 861 
1408748 
1405477 
1409271 
1406021 
1406388 
1405205 512 2144 1093 75 
1405579 1849 1825 48 47 563 218 109 21 
1408681 
1407219 1334 
1405812 
1407182 
1410111 
1407435 
1408955 19 
1408866 550 217 176 117 113 
1407609 
1407621 398 
1409501 
1409017 
1408901 
1405506 1687 615 113 285 1310 
1406383 
1407279 23 
1409209 638 
1407764 659 88 33 561 
1407399 
1406934 9 
1407374 
1408659 244 
1408142 310 1591 
1409653 538 
1405001 36 130 196 48 280 56 21 18 3 104 121 22 100 13 89 719 2051 296 436 290 225 25 
1409534 216 
1405494 330 6 1437 193 6 140 339 176 54 134 55 16 461 411 126 75 25 83 95 
1407587 
1407433 
1406774 1986 
1409248 183 136 298 405 
1406147 2711 
1409615 
1406497 1019 
1406866 798 96 1616 
1407355 
1407347 1071 
1410200 
1409093 
1409947 142 
1407457 669 
1408691 
1407310 
1409797 
1405612 
1405853 
1408804 
1407490 1508 79 
1409852 
1408805 
1408330 
1409401 
1409568 
1409813 
1406609 
1408081 48 250 704 286 
1408990 
1406028 3197 354 8 18 
1406629 
1405798 525 
1407755 947 
1408141 1338 293 16 16 6 22 212 7 
1408208 832 370 
1405118 653 944 548 369 282 18 6 77 36 59 33 303 28 150 246 77 159 30 191 964 
1406919 1282 
1405627 1170 72 
1409982 31 33 20 
1409775 
1405464 3257 
1408607 
1409990 
1410350 
1408377 
1405203 677 2440 325 
1405395 
1409092 
1409142 
1407982 
1408493 
1405005 224 338 243 406 
1405210 
1405069 
1406468 2405 
1409403 19 50 72 118 417 
1408676 
1407817 43 230 267 
1405052 32 1178 
1407390 
1408980 1162 
1405335 593 2870 326 835 93 
1405148 
1408058 
1406677 
1405555 
1404979 3951 
1405423 835 3776 310 
1405554 
1406746 1257 
1406416 
1406683 74 1442 
1408390 322 109 
1405316 
1407785 106 
1407724 
1405746 
1407260 28 24 460 137 133 296 99 52 11 19 5 53 111 38 24 18 188 51 7 22 8 13 
1407080 212 66 1038 36 146 27 140 127 23 114 195 122 119 85 229 62 
1405703 700 1334 
1407958 
1405132 2161 2595 
1405083 4563 372 43 212 
1405687 57 293 4220 
1407940 
1405140 383 69 376 1222 1591 16 498 1042 
1405065 1370 
1408173 
1406485 
1406230 
1407323 199 898 150 770 451 
1406483 
1408483 
1408020 
1409086 
1406895 
1409033 
1407123 390 20 132 479 1206 254 452 109 
1409767 
1408166 
1407919 
1409771 
1406905 
1405089 55 546 34 291 
1405436 2671 811 673 
1408929 
1408683 
1404889 1321 1759 
1408486 
1405170 2002 171 824 1030 735 411 
1407779 
1409774 
1408795 20 
1406930 11 
1405556 1911 291 1322 22 100 165 29 17 33 202 158 
1407453 
1406798 
1407180 526 
1409796 
1405491 
1410160 
1405006 
1405115 
1406112 41 
1407456 669 678 
1407489 846 707 
1407229 1967 
1405692 564 228 2 763 73 991 204 58 5 94 270 
1410118 
1410182 
1406952 
1405671 1018 
1406299 915 169 5 1593 1203 
1405025 854 2497 1351 
1404933 148 223 2296 931 5 1190 268 
1405224 15 5024 
1407187 
1405562 
1406288 513 964 
1405109 710 14 1500 
1410100 
1408568 
1404882 
1406219 
1407523 
1406307 3567 55 
1406266 
1405186 
1407806 682 256 47 761 
1407612 817 173 7 109 
1408567 
1405447 
1409383 
1407876 
1408216 
1406922 
1406839 
1410325 
1405355 45 216 
1406396 16 3226 
1406914 
1405583 
1405688 
1405949 
1406818 
1405471 
1410106 
1409708 299 
1405076 66 520 521 
1408183 
1405489 1848 20 141 684 
1405049 68 61 723 
1408598 
1407304 453 940 46 10 1067 
1408715 
1405636 
1404900 
1405495 
1405945 
1406162 1159 207 71 463 293 
1409599 
1407805 
1409262 435 215 
1409844 
1407208 
1407417 
1406382 
1406471 342 
1405775 992 35 2167 14 986 36 35 7 123 
1408217 
1404911 99 722 17 
1409266 
1406747 2800 319 412 
1406927 
1409957 
1407264 
1406300 
1406502 
1406560 
1409730 
1409470 
1406846 
1406566 
1405193 131 560 741 307 412 278 114 92 97 571 1280 427 
1405565 
1405338 
1404913 797 
1405490 2658 1344 
1405854 
1404954 1370 2941 333 205 72 15 451 
1409707 
1405459 
1407015 
1406257 
1407073 660 598 1104 111 
1405100 1168 2092 
1405114 941 3520 602 
1405973 3624 29 46 
1406610 
1406417 1093 
1405315 
1409905 
1407662 
1405113 
1405548 1619 496 140 
1407527 
1408463 
1409857 
1405240 
1409754 235 
1410318 
1405357 8 252 
1406508 
1407975 1463 
1406582 
1405200 
1404903 416 2528 
1405480 29 1711 798 
1409232 
1406969 
1405425 497 1713 413 
1408492 
1409360 
1407228 
1405073 
1406765 1892 
1408924 
1409572 94 
1406893 
1407502 
1409961 
1406968 
1406926 
1407845 
1406165 
1406178 740 1924 
1406641 
1405857 
1406863 
1406973 1717 
1409540 
1405067 5140 
1406469 1370 275 
1406835 9 
1410267 
1405199 
1407403 
1405248 1819 835 50 387 162 743 28 45 19 79 6 153 28 20 164 209 34 180 
1405881 711 
1407464 19 203 483 
1405387 2137 137 
1406836 
1405947 29 2850 
1408359 387 
1408300 
1405502 
1407596 154 1561 
1406764 
1406131 
1405448 25 32 
1406507 1958 
1408410 
1406496 1882 
1406443 
1406400 
1407168 43 50 28 24 311 135 802 807 
1409614 43 
1407447 1781 902 
1409458 
1407375 
1407365 3 
1405112 236 228 480 786 1695 1154 114 
1407976 935 183 425 
1405426 865 1817 
1405181 
1405321 2159 
1406113 7 10 
1407485 
1404906 
1405334 1193 1538 591 249 
1406414 
1405298 
1405553 
1409525 
1406896 
1408196 1326 
1410016 99 
1406205 2856 
1408361 
1409664 
1404912 2246 
1406600 
1407824 661 907 
1408547 432 1162 
1408664 67 
1405433 1988 
1410283 
1408600 
1404877 2047 
1407459 989 22 
1404950 393 3735 44 
1406579 
1405382 
1405385 
1407727 854 
1404990 
1407107 683 152 141 
1405434 
1406686 
1408088 
1407010 
1408556 
1406150 
1407017 
1405119 2532 2480 
1405016 2173 2884 
1408989 
1405806 
1408223 2130 
1408897 116 194 226 16 102 
1405396 
1407956 
1407242 
1405602 4307 
1407500 
1406569 
1407379 36 385 269 
1409463 
1407629 
1405867 
1409211 325 129 560 
1406376 
1409634 
1405530 148 391 927 934 7 113 423 648 1201 9 
1408900 134 371 
1407156 
1407857 
1407418 
1405472 1218 300 1636 612 
1409047 
1406460 
1409690 
1405961 293 
1409870 29 
1409849 
1406265 
1405325 3265 1629 
1410316 
1407487 
1407392 
1406246 
1408615 
1405578 4214 
1405256 1971 
1407943 
1406620 580 418 
1409310 
1408213 
1409234 
1409288 
1406950 
1405080 335 635 79 415 2831 618 295 
1405886 
1408218 
1406650 
1405310 
1408902 
1405173 1898 660 
1406062 2582 
1409673 227 
1404999 
1404876 17 17 917 4 
1405126 
1404965 
1404932 1899 1980 
1407708 403 1924 
1405679 
1407783 429 
1405570 3994 
1406118 2395 
1407371 30 
1405438 
1407160 2035 300 
1407424 272 403 
1406819 
1408054 
1407497 
1407520 
1407691 
1407256 40 1367 2 112 15 44 40 
1407352 180 2162 553 
1406775 4 
1408334 
1404996 4225 953 
1407658 
1408774 
1405800 226 
1408582 
1407434 
1410301 
1409887 
1404885 3630 
1409675 
1410119 
1409517 
1406964 
1404962 
1408089 
1405054 24 1189 
1404928 504 551 69 21 2783 1392 
1405533 4499 
1405738 
1406070 
1406280 1618 892 22 
1409747 
1406550 
1408505 
1409230 
1409637 
1406974 
1406655 
1407380 
1405858 1982 
1409254 
1410258 
1408840 
1407185 918 411 
1408151 
1409872 
1407928 1417 
1408881 
1407684 
1405172 
1407169 
1405468 374 79 506 789 495 2181 36 105 
1405198 4431 
1405802 392 2644 
1406228 3070 
1405935 1271 790 3 540 190 11 783 166 623 
1407935 
1408066 
1404937 
1405369 2407 2224 
1405035 2553 
1407018 1625 
1406410 
1405254 
1408033 1299 
1408940 
1405985 
1407851 
1406872 63 553 37 178 276 167 254 
1405027 1522 
1406811 
1409193 
1405969 455 17 827 
1407603 1032 
1405784 
1406538 16 21 
1409600 
1407398 1339 
1405276 
1405048 
1409573 
1406887 251 21 510 80 595 
1408671 206 
1409400 
1406875 
1407950 
1407439 1460 
1406499 132 
1404971 10 36 1215 
1405634 
1408652 
1406191 
1405372 1482 
1404980 444 3507 
1404902 4074 
1409118 
1408352 479 
1404907 2985 
1405601 
1408670 
1406449 
1405152 2000 
1405079 677 456 549 2633 
1406581 
1407170 
1407387 252 
1405095 1201 3228 355 
1408458 
1408091 
1405910 
1408701 
1408678 
1407968 149 1269 
1408077 
1407090 724 15 
1406198 
1408846 387 
1405998 
1407283 
1407362 554 
1405501 2943 378 
1407470 
1405723 
1405302 1015 2291 127 1208 
1405604 7 491 688 
1406063 
1406327 236 
1407132 2119 404 28 18 
1405575 246 4 
1409002 
1408039 
1407911 
1406744 908 
1410114 
1408942 
1405068 151 1928 489 89 2191 
1405849 
1407001 11 180 1141 
1409742 
1408636 178 1160 
1409860 
1408576 
1407792 
1406271 
1410116 
1405196 
1408381 949 508 
1409023 1 1181 
1407850 647 
1405445 
1405776 485 3902 
1410201 67 
1407854 
1407217 
1407072 660 
1406377 175 
1409853 24 19 
1410233 
1405458 
1405085 568 985 186 31 98 29 3173 30 65 12 
1407668 
1405122 1537 
1406154 
1406386 
1408613 
1405184 3244 266 796 
1406553 
1407063 
1405013 716 7 452 431 140 
1406078 
1408817 
1406172 2810 1211 
1408092 
1407825 
1407592 
1405544 560 67 
1406127 3869 
1405299 
1404930 
1405664 
1408763 
1407157 262 44 481 176 19 224 200 537 207 214 39 514 
1406678 381 188 11 4 28 455 28 137 243 274 81 958 
1410014 
1409256 
1406025 1985 
1406146 1634 
1405808 2667 1857 
1409955 
1409721 8 
1407605 396 
1405034 57 401 512 86 80 586 1590 1080 910 
1404956 
1406685 2795 
1409925 326 
1410303 
1406398 
1405270 
1407675 
1407155 2339 
1409329 
1409460 
1407386 
1404948 426 1493 227 46 13 88 16 21 19 29 14 122 285 213 34 12 16 6 15 129 17 331 508 9 64 16 97 95 46 11 23 137 7 21 67 24 347 225 55 
1407110 
1405866 2763 
1407207 
1408408 
1405625 691 3 
1405022 
1407062 1529 91 803 345 
1405455 741 270 185 213 61 277 
1408336 
1405887 2207 1598 
1408912 129 
1405179 573 407 78 430 3342 
1406234 
1405497 3313 
1406287 
1410127 
1405165 593 15 
1405053 1210 
1405155 
1406179 
1409594 638 
1409010 
1405153 694 
1408583 
1407881 1576 
1406084 
1405000 816 
1407766 798 511 123 
1408200 
1409436 
1405285 
1406411 
1406760 
1405303 
1406057 
1408112 461 
1408424 1003 407 
1405151 
1406093 28 
1408012 
1409739 
1404908 
1407054 794 123 
1405215 325 934 124 270 
1407476 
1405512 
1408742 
1409468 
1405351 384 
1406636 3076 219 193 218 
1405106 592 
1408221 
1405056 714 414 747 
1405804 2894 956 
1406434 53 
1405292 
1405835 626 98 1151 2185 336 
1407672 
1405130 4 2 1185 1 
1405383 
1404959 
1406949 1013 35 
1405029 
1407496 313 313 23 254 187 68 242 26 437 80 98 26 222 246 54 
1406065 
1405667 338 871 
1409270 
1405367 4644 
1404984 677 642 
1405435 
1406877 
1408771 
1405648 629 
1405656 
1407112 507 340 64 1085 
1407316 366 88 368 57 421 208 54 89 238 126 157 22 52 183 21 73 348 
1408606 
1406477 
1405008 
1409782 
1410293 
1406464 
1405024 548 853 269 89 42 31 67 28 40 118 19 281 42 143 192 109 18 9 107 102 60 16 168 32 190 20 189 233 197 145 112 20 25 370 155 9 134 
1404895 79 445 176 168 157 183 519 119 615 175 1528 221 6 154 298 597 
1410199 
1410277 
1407346 
1409223 717 
1407285 
1409004 
1405143 7 
1408535 1383 
1408830 
1406439 
1405293 373 
1406734 
1405582 129 3124 
1406948 3121 119 
1405407 2567 1098 
1405138 
1405146 
1406838 
1406289 1675 705 
1405011 1918 11 2059 
1404947 1910 1560 885 
1408762 22 
1408186 
1409700 
1405070 
1406578 
1407815 
1405386 
1405259 
1409475 
1405753 65 38 600 2507 
1405865 
1405605 
1408686 
1406030 
1407291 1208 469 460 99 
1406128 
1405414 
1404934 17 12 83 58 218 4 7 106 160 8 19 92 482 72 
1409346 607 209 114 29 
1406564 
1409917 
1405388 
1406292 
1405301 859 330 1326 
1405195 
1406047 
1405589 
1407363 
1407273 
1405526 2256 38 1105 1174 199 
1408554 
1408618 1606 
1406643 55 16 
1404897 1338 20 60 3036 
1407499 22 
1410220 
1406082 
1408421 921 
1406546 28 168 111 
1409616 
1408761 
1410304 
1408157 
1406580 408 7 
1409671 
1408549 
1408724 
1408353 18 462 46 140 
1406696 
1406259 745 1199 651 1239 226 9 11 
1404931 
1406614 56 5 6 20 9 203 
1408987 
1405103 20 1645 
1406245 
1404888 1321 
1405876 
1406264 
1409859 
1406281 
1405614 3006 
1405330 220 551 337 129 239 1052 1770 
1405309 
1407602 
1405366 628 797 348 297 58 133 211 1110 422 470 164 
1407400 204 2516 
1408409 
1410132 
1405972 
1404916 
1409021 
1410123 
1408506 
1406721 
1407345 2676 
1405183 2874 1451 
1406834 9 
1406248 22 3851 
1407124 
1407075 
1405278 1211 
1408160 
1405665 
1406472 2743 327 280 
1408787 
1409515 
1408316 32 411 54 
1409829 
1406530 
1408064 2073 
1407677 
1405574 
1408073 
1407437 
1409585 
1406646 
1407431 213 970 
1406011 
1404968 190 435 
1408825 
1405271 443 817 1902 508 262 211 524 20 359 
1409669 
1409242 817 
1407479 
1409898 
1406218 
1406088 
1405517 69 1512 805 1069 
1408082 102 
1408128 
1404901 2297 757 235 518 504 19 274 79 194 53 
1407957 1358 50 22 131 
1407161 20 67 
1407281 
1407069 114 124 31 340 51 22 195 88 142 134 17 38 50 340 92 164 215 51 35 67 28 17 59 13 59 122 56 29 37 15 107 43 85 26 26 56 14 40 16 13 45 
1409659 
1404879 989 
1405585 
1408868 
1407474 385 64 662 1089 391 
1408476 1293 
1405020 
1408939 
1405725 14 
1405851 
1405463 101 57 1 
1405416 194 42 22 211 116 
1407426 272 
1405314 
1405870 556 
1406182 
1408171 2113 
1407314 530 
1406370 53 6 22 162 51 10 6 20 5 4 30 16 41 116 
1407983 
1407849 123 
1405888 
1405159 3471 
1407852 
1406900 33 9 
1409218 633 29 232 
1406463 
1410113 
1405410 1822 109 1391 328 1193 
1409224 649 98 
1409716 
1406858 2285 
1408917 
1405630 1884 2201 209 44 35 22 23 69 
1410041 
1406369 35 17 7 22 41 121 45 6 6 4 6 20 5 4 4 26 15 41 29 17 19 11 27 7 7 70 
1406799 38 149 1689 
1405413 
1409290 989 73 
1405217 
1406977 
1406512 2028 878 
1409985 
1406379 53 35 14 42 13 6 62 14 17 27 155 73 48 42 
1406476 107 425 
1405503 15 
1406697 
1405566 1512 42 619 63 659 29 65 33 45 52 4 10 7 4 23 188 12 59 14 
1407058 42 1215 53 27 31 5 76 21 43 32 155 177 24 68 
1407315 
1408005 
1407796 658 
1406713 
1405209 1011 
1409267 315 
1408219 
1408414 
1405814 25 171 
1407076 133 
1407225 796 
1404960 442 55 238 602 937 37 151 70 87 77 1196 918 56 118 
1407491 87 13 
1405394 80 25 5 141 219 1487 1933 198 526 
1407204 
1406874 2176 268 
1406087 
1407432 213 2435 4 
1405171 
1405486 2545 531 
1406515 101 75 2927 155 25 125 99 69 
1406509 
1407117 
1405364 54 188 397 250 2098 514 
1406976 
1408185 
1406290 
1405241 20 5 513 504 29 
1405873 904 
1405308 394 2017 1820 489 
1408646 
1410055 
1410015 
1407385 
1407674 
1405059 
1410196 
1407449 
1405742 6 39 
1405263 534 49 52 13 102 200 3680 315 
1406243 
1405817 121 2896 926 85 
1407659 473 
1406656 1111 431 367 138 373 123 379 565 
1407179 3007 
1404966 
1404944 1262 3922 25 112 
1405047 915 31 
1404915 265 879 3204 372 
1405236 536 39 126 124 233 722 1959 768 
1405891 
1407077 916 911 121 194 198 804 
1408994 
1407931 
1406787 
1408923 
1406035 260 3282 287 
1409557 
1408443 
1409781 
1406285 2805 
1408886 
1406282 
1406225 3510 319 
1406384 
1408844 
1405296 
1406845 
1406833 
1407053 
1406800 
1406945 
1406732 146 
1405398 2197 366 248 1155 655 
1406221 
1408049 
1407166 
1407746 595 
1407213 
1408951 
1406080 2007 
1408394 355 575 404 29 
1405815 756 1995 454 726 229 
1405139 577 78 4166 3 23 40 142 
1407294 1664 27 31 22 27 30 
1404988 119 1465 2932 139 
1409441 
1405163 13 
1408612 
1406166 31 
1405204 1357 3078 
1406789 
1406203 354 351 
1408641 
1408391 
1410010 
1405532 
1405294 
1404978 
1406133 3804 
1407427 272 144 
1405156 718 
1405913 4408 3 3 
1409275 
1405677 335 2040 
1410226 
1407328 2019 
1405384 
1407865 
1404976 
1405370 1522 2308 79 130 270 110 22 155 13 124 53 17 56 
1405281 716 
1407576 
1405023 304 113 279 101 6 137 3496 
1406305 2522 1150 
1408769 
1407014 
1407507 
1406731 
1407397 1339 1131 
1408047 
1407989 
1407841 
1407342 435 
1407607 344 1352 151 115 37 391 259 38 
1405356 1436 509 94 10 3 40 189 388 38 255 25 76 3 58 11 19 23 10 26 26 315 91 62 387 26 
1409498 
1408188 772 1149 
1410179 
1404894 1333 
1410145 
1406009 
1404881 1772 1222 2323 
1409586 
1409506 
1409067 
1405174 
1405201 
1406873 
1409793 
1407250 1390 47 
1407998 
1408118 
1406457 532 
1405642 
1409617 
1406064 
1407704 163 
1406540 3773 27 
1405062 986 332 118 925 157 882 980 
1404985 
1405222 42 678 47 540 299 367 415 30 36 146 84 85 219 347 827 517 97 328 
1407350 
1405101 20 109 1309 119 988 676 1305 60 233 
1407953 2228 23 42 
1406187 485 35 2130 
1406601 
1406611 16 
1409660 95 52 
1405558 2811 
1405197 783 526 811 1284 1006 
1404939 
1404891 54 52 33 27 175 17 68 23 18 18 4 24 39 7 28 29 28 16 29 66 35 46 13 10 30 56 26 77 27 74 35 21 11 9 22 6 11 59 35 26 33 
1405137 24 
1405843 744 163 1250 36 856 844 
1407866 
1407503 
1404935 393 113 279 
1408867 
1405452 15 365 493 2025 1334 210 
1409946 
1405675 431 
1406085 2563 1544 
1405923 263 595 1769 1584 
1409841 
1405074 
1407673 
1408666 112 15 
1407585 250 2313 
1407689 
1405487 1933 1662 
1405906 
1405082 291 
1404909 824 298 3033 130 758 
1409046 
1405133 
1407688 965 1058 12 
1407135 3173 
1406534 550 1541 82 
1404883 
1405021 263 1398 
1405206 40 440 127 25 635 512 604 34 267 702 178 900 
1406373 2693 
1405777 92 
1405272 853 55 417 3013 
1407954 
1409434 
1406727 
1405036 35 15 132 
1405061 
1405185 1441 456 884 190 626 1019 105 64 47 
1404905 633 240 308 154 71 
1405516 
1407831 
1405131 
1409884 
1406378 53 44 5 42 19 62 14 17 27 155 121 42 28 
1408301 81 
1407753 284 594 364 
1407230 
1404904 
1404887 491 23 120 97 185 181 50 19 123 32 85 221 291 208 131 18 216 65 264 399 333 182 218 18 4 21 88 103 516 175 98 16 5 187 
1408548 
1405191 
1406418 
1405995 21 
1406470 12 281 683 328 566 523 768 88 345 125 
1406906 
1406479 514 
1405680 19 1511 450 2473 
1408720 
1404993 2661 64 66 23 
1407165 
1405573 
1405651 
1408393 60 184 42 34 106 66 260 
1406724 
1408372 
1408477 
1408214 
1407097 45 846 68 995 268 
1406442 2544 
1407720 1171 326 392 273 119 296 
1407134 243 19 271 170 27 236 409 43 668 29 346 543 
1404929 671 557 127 286 36 360 3144 49 
1405289 396 30 563 
1405063 698 
1410088 
1404983 137 69 80 8 492 71 252 34 268 39 62 426 1180 441 237 344 275 226 283 34 112 83 30 
1405902 1069 2235 
1405282 
1405044 610 444 50 172 600 1520 182 1143 
1406446 
1405225 2709 1667 594 
1404924 
1407065 48 75 35 102 47 34 210 12 135 186 1139 28 261 
1408875 
1405361 2050 377 799 350 182 
1407461 658 33 42 759 
1408788 
1405590 
1407889 
1406883 
1405834 1748 51 20 2277 
1407006 
1406785 331 1379 
1408677 
1405755 
1404884 476 187 21 841 27 140 588 105 169 146 96 1013 1009 134 
1405545 4169 
1406728 
1409134 
1409784 
1405561 1585 365 184 21 989 295 314 172 94 28 41 64 12 94 95 262 
1406413 
1407795 
1407186 948 268 77 408 166 
1407671 797 
1408723 
1409856 
1408436 
1406164 352 235 56 311 675 131 151 583 42 1239 37 176 
1409321 
1406387 
1405093 5109 
1410314 9 
1406465 53 296 188 
1406786 
1406793 
1405792 
1406810 74 498 1952 653 228 
1406415 90 213 54 1026 658 340 5 15 120 
1406142 919 35 54 149 
1407625 
1405221 4048 314 
1405275 
1408384 19 406 
1406399 
1407870 
1406584 809 
1407133 450 139 364 
1405028 186 1887 639 419 790 695 55 42 354 27 
1405043 1231 
1409558 
1405014 
1408211 
1406141 
1409357 
1404953 972 4 300 
1407907 
1406114 
1410097 
1407827 1321 
1408884 
1409144 
1406079 
1407334 
1406091 
1406555 2784 
1405872 
1407799 658 456 
1405375 4 10 402 18 314 465 1472 608 
1409237 
1405996 733 1301 
1405353 1795 360 194 24 9 165 114 90 485 1079 
1406962 
1406928 
1409322 
1408215 
1410346 
1405337 4286 
1405559 
1409216 39 38 239 80 51 32 14 172 110 86 73 146 38 
1409973 
1408374 
1406501 1417 611 90 19 333 
1406725 
1407842 
1406222 
1405569 2866 169 1618 
1405050 
1408894 
1407221 
1406997 84 935 
1406633 89 54 668 
1407626 
1404970 512 
1407933 1055 368 
1406385 
1405577 923 252 75 33 612 289 1146 98 
1408928 
1405669 
1406247 
1408337 
1406049 
1406169 
1405713 
1408314 
1407519 490 
1404920 
1406453 2654 
1408074 
1404992 23 298 7 24 8 25 69 5 33 40 1144 419 325 43 356 58 255 678 709 
1408147 
1408965 
1405531 1842 
1409451 
1406723 3319 
1406594 858 620 
1404880 1772 1222 2323 
1408080 
1409127 6 1178 
1405429 812 
1406244 754 228 752 1708 19 47 
1405953 
1408115 
1409363 
1405231 1485 931 
1406766 924 
1406058 
1406608 165 113 
1407414 176 306 21 168 
1407102 639 
1409443 
1410144 
1405871 
1407939 579 810 
1408851 146 277 149 32 18 259 85 
1409404 141 
1407240 6 
1407404 736 
1404949 215 52 1468 52 22 203 636 1293 
1405342 2767 
1405166 2 7 37 
1409948 227 
1409934 
1406595 
1406401 574 
1405897 
1407915 1903 
1405087 3568 1069 
1408766 
1406862 
1406375 
1407366 
1408764 
1405311 695 128 
1406720 
1406596 404 
1409097 
1409245 298 68 150 89 104 185 209 
1409210 
1408916 
1407286 
1408551 
1405672 
1407068 11 62 32 49 98 408 50 115 55 39 68 41 236 171 347 21 203 
1405072 3555 
1409499 
1406832 
1405051 
1404896 200 
1405088 
1405796 
1405346 51 
1405708 200 2972 26 
1409502 
1409768 
1407298 1747 34 31 
1405274 508 
1408754 775 
1408317 970 
1408527 
1408192 1336 
1409055 
1407088 724 
1407823 
1408741 678 
1405331 
1407634 
1409341 
1409276 
1408306 17 26 176 202 53 19 259 38 237 
1408696 
1409337 
1406111 496 1370 27 656 140 
1409531 
1408450 
1409619 
1406447 197 49 192 114 245 33 
1407471 1122 
1408704 
1405596 
1408150 
1405190 
1406639 1244 
1409299 386 13 612 
1405663 3160 
1405258 632 43 1221 
1406110 
1406306 20 
1409861 
1409487 
1406374 
1409779 
1408785 
1405431 45 7 424 75 898 76 220 297 415 97 239 695 1435 
1406224 1647 
1406279 158 547 
1410194 
1407723 
1407643 347 34 
1408046 
1409026 562 347 
1407171 
1405977 1144 2846 
1405262 583 
1407650 
1406826 
1407066 
1409246 1015 
1409281 289 591 103 
1405767 
1407331 
1409349 688 127 
1406676 
1405288 
1409843 
1408354 
1406847 14 37 48 13 
1406565 3 
1409535 
1409706 
1407284 
1409358 
1404898 1619 291 457 180 1228 679 278 88 
1409361 
1409794 
1408445 
1410183 
1406954 
1405332 1631 1069 449 294 
1405643 
1405345 
1406000 
1406199 
1405965 
1405253 
1409338 
1408807 
1406503 309 826 
1406621 
1409676 
1406445 325 2245 801 
1407361 28 27 13 21 80 100 440 104 304 
1407353 14 14 746 53 
1407509 
1405513 9 
1405371 20 330 
1406124 
1405026 
1407926 
1408984 
1409858 
1409250 346 46 61 
1404967 27 455 88 4 5 82 76 222 4 2 2 143 32 26 23 152 152 57 211 39 46 64 124 54 34 36 78 47 80 17 91 41 25 164 30 302 95 250 174 20 70 108 19 90 15 72 17 32 9 167 152 107 7 108 118 35 13 13 24 39 52 40 6 22 13 8 13 9 43 21 29 26 30 18 6 43 101 46 10 41 12 
1405135 
1409273 
1410235 71 
1405102 
1410347 
1405918 
1409980 
1406780 
1405659 
1405852 
1409147 
1407237 
1405465 2689 1131 813 151 
1409260 288 
1409114 
1408358 
1406223 
1404943 
1404964 
1408299 
1408130 
1409146 
1405192 
1408560 
1405283 
1406726 2047 
1405632 983 87 
1406591 
1407425 272 
1407586 250 259 1118 55 40 46 34 165 596 67 55 
1406054 
1408389 260 46 16 
1406027 
1405462 780 493 49 176 169 146 
1409201 211 
1409432 
1405420 
1408329 
1406562 
1405255 
1407194 941 
1406632 744 18 272 432 
1406081 
1406060 1398 
1407119 675 
1405637 
1407512 
1405496 
1405242 853 1554 
1405822 6 891 
1406902 2210 
1408467 
1406406 424 
1405368 24 1396 1109 205 
1408909 
1408845 
1406018 
1408464 
1406510 3 136 155 5 
1408869 1218 
1405823 6 
1408165 
1408187 
1409437 
1405657 533 
1405094 
1406252 1912 
1405588 959 
1405291 
1410351 
1405765 
1406455 416 611 1638 830 
1406392 
1405640 57 310 
1405957 1620 78 2441 
1406623 
1407804 213 28 8 
1405039 
1405461 1226 50 864 231 346 1061 818 
1406881 
1405097 889 
1404957 
1405762 658 72 219 
1405098 4788 416 
1405202 
1405128 
1405460 
1409753 235 
1408765 
1408794 
1406286 2996 343 95 
1407769 
1406381 
1405116 
1405295 220 145 319 45 119 1864 1482 14 517 
1406987 
1406454 
1406899 
1406599 2469 30 
1405557 
1405297 
1405454 15 
1405924 3 
1408661 
1406803 
1405655 497 37 453 46 2612 937 37 35 
1406624 
1409647 
1408136 
1405861 
1407694 21 
1405260 
1406535 354 414 15 2862 65 
1405563 
1404955 482 160 
1409520 
1407324 153 138 147 1325 28 
1405252 
1409373 
1405909 3473 
1404942 
1404923 95 542 1384 1602 432 1162 
1409402 259 
1405584 190 186 1012 
1408061 
1406033 13 2843 508 
1407846 
1406008 
1406695 1187 1529 
1404878 117 2603 986 
1405188 50 170 163 307 161 512 54 43 422 114 155 21 82 27 210 51 22 127 68 88 128 14 28 106 17 38 7 39 4 56 179 105 20 7 3 226 73 46 8 88 51 35 59 8 28 17 23 36 13 59 57 65 56 29 37 15 107 43 85 26 26 49 7 14 40 16 13 45 
1408848 
1407308 
1406521 
1408413 
1409031 
1407055 
1404941 
1406585 1108 1651 112 295 
1408441 
1404936 
1405470 30 
1404958 310 19 
1408076 
1405244 4406 301 
1409559 
1407641 
1405807 
1406602 
1410082 
1406043 
1405108 687 3657 98 
1405305 368 283 14 17 176 
1405860 3963 
1405307 1685 
1406395 
1405162 
1408370 
1405182 3821 474 
1404919 1721 1327 535 
1408161 
1406397 573 
1406665 
1405904 
1407657 1196 1092 
1406408 2912 
1406671 
1409325 95 44 43 251 19 51 9 
1406137 
1407199 
1408197 
1405855 656 1948 137 338 16 787 
1406983 543 
1406314 
1409461 
1405127 3199 
1405764 429 
1404917 5 39 262 77 723 178 6 91 
1405693 4432 
1409812 
1405670 
1407074 40 83 34 74 64 38 122 91 65 16 33 20 216 25 43 40 90 177 22 16 99 30 33 29 20 16 13 9 85 17 74 169 134 679 
1407099 144 2 10 4 17 11 8 16 43 100 41 9 234 33 30 107 21 112 82 58 121 96 62 9 240 211 32 39 5 
1409855 60 
1407717 
1408966 
1405975 1926 158 439 554 47 109 488 52 98 190 
1408425 701 810 
1408747 
1405587 518 1297 453 
1408927 
1410243 47 
1408342 603 
1405701 
1405676 265 
1406029 15 
1407089 724 
1405899 
1406894 
1405105 
1405012 
1405453 666 1865 
1408204 2071 
1406226 3070 850 
1408487 
1408434 1315 
1409904 
1407115 7 559 1422 
1409261 
1405060 4 201 678 47 543 288 8 22 791 916 942 402 97 84 
1408579 
1408532 
1405235 648 368 22 997 563 346 2121 
1409467 
1406151 
1405125 
1408530 109 28 153 
1408504 
1406543 1105 510 
1408401 
1408829 
1406820 
1405422 106 960 2438 
1408220 
1404927 359 497 448 1631 149 932 380 121 260 450 
1408898 1169 
1406002 258 394 194 53 14 420 
1409297 46 804 
1407083 2206 
1408438 611 
1406917 2388 124 527 89 242 
1408559 
1408113 
1406637 643 2313 
1406089 
1407145 
1405650 
1404890 97 221 12 86 97 27 203 155 193 51 13 22 107 399 
1405279 741 
1406019 
1405042 1936 
1405004 2710 
1407011 
1405267 208 442 149 102 5 782 220 678 19 14 1184 
1408883 
1406042 260 447 2510 393 211 327 
1405406 716 10 
1406645 220 969 
1410281 
1406211 952 143 13 
1408466 
1405009 
1405641 1668 994 448 98 39 69 36 61 229 33 19 
1407056 70 48 77 79 18 
1409835 
1408430 
1405754 2362 203 197 18 191 137 200 67 8 248 
1405731 
1405696 2245 
1405539 
1406888 1098 1485 121 
1406778 
1409871 
1409465 155 470 88 
1409981 42 58 23 4 
1410307 
1405349 13 37 
1405745 1451 16 399 6 288 87 329 768 373 
1409949 
1407413 168 12 38 187 12 90 229 1363 
1408027 
1409833 
1407329 
1407238 1 1893 
1407085 21 19 11 164 489 95 10 42 77 71 365 465 108 26 33 23 
1407086 7 663 54 46 7 10 14 17 136 444 200 68 
1409043 66 
1408692 
1405169 167 369 7 3250 547 
1405488 272 629 527 1488 1891 
1405280 
1409549 
1405421 
1406115 
1407391 
1405896 
1408494 
1406371 59 22 254 34 738 
1407105 
1408523 
1405759 
1406743 164 
1408202 
1406402 124 2921 297 466 
1406100 
1408133 
1409222 
1406882 
1408772 
1405608 1 
1405187 50 485 155 161 609 456 256 82 27 274 136 284 249 60 613 46 8 233 707 
1405613 333 5 
1410027 
1405543 
1405603 
1409362 
1405226 423 45 63 48 100 53 520 70 200 155 363 1176 671 282 208 504 19 
1407064 
1405427 316 
1409787 
1407721 
1405912 1589 462 
1407748 
1407111 1196 55 1129 
1409241 817 
1408642 
1408397 
1406099 2563 
1406524 
1405124 
1407787 
1405799 
1406586 2805 
1408647 
1407899 
1407177 
1407868 
1405390 229 5 7 586 
1409565 
1407178 
1406590 
1407282 1043 1919 8 8 
1407430 
1409235 
1406459 
1405129 3263 180 142 
1405354 261 337 420 564 22 747 275 648 
1404952 23 11 161 
1405045 54 
1407973 
1409469 
1406556 3224 
1404989 284 799 505 1516 587 1122 111 
1409576 
1405003 4226 
1405211 
1405936 38 344 1562 850 231 629 676 
1404926 115 187 562 104 1571 19 2 201 483 138 1475 41 44 
1409942 
1409825 388 
1407327 178 
1410062 
1404938 31 360 152 2741 134 
1409032 
1404977 730 
1404940 201 
1406822 3420 
1406181 
1408893 
1404973 29 464 48 6 9 5 1617 85 17 755 147 383 190 11 116 4 5 261 265 3 317 12 163 6 36 403 
1409541 
1406994 
1407965 172 
1406967 
1407475 506 
1405393 1699 45 96 2 958 1634 427 
1405734 
1406947 277 2760 
1405485 
1405668 
1404886 633 30 71 3 107 36 182 30 21 392 2 822 121 182 174 20 393 207 12 198 4 108 435 59 7 159 684 24 216 12 69 
1405350 
1409243 
1407274 
1408789 
1408818 
1405594 
1405077 782 686 598 2114 966 
1405525 2256 38 1762 
1405964 
1407709 
1409731 
1405157 1045 
1405251 934 408 1151 327 8 1927 163 
1406525 885 
1408447 
1409571 
1408908 
1404892 54 26 10 16 33 27 175 17 68 23 18 22 24 39 35 29 28 16 29 54 12 35 46 13 10 30 56 26 77 27 74 35 21 11 9 22 6 11 36 23 18 17 26 33 
1405658 509 28 41 169 43 218 37 138 124 
1407608 
1405428 
1405591 
1405007 
1408068 
1406304 
1409258 393 31 6 
1405090 55 2630 
1406628 1055 1998 252 
1406660 2631 
1406390 130 8 9 21 31 41 2042 
1406239 
1405019 897 15 
1405194 656 32 110 448 778 152 343 2526 50 
1406504 213 54 746 280 658 
1406532 
1404921 70 299 804 81 2541 
1410071 
1405110 
1406177 
1404918 339 66 219 87 15 93 104 48 6 245 161 759 35 726 1039 211 953 81 
1405149 695 56 71 762 
1405066 88 
1405033 955 63 
1405903 
1408722 
1405245 
1405950 
1409658 
1405417 81 186 101 107 515 375 67 644 895 17 842 59 124 51 85 703 
1405111 690 273 239 
1407877 8 
1406422 332 41 
1405412 
1405207 40 
1405055 20 718 368 297 2309 1400 
1406419 431 
1407005 4 
1406269 
1407104 4 41 105 489 25 23 121 494 45 148 233 42 72 72 
1409035 
1408938 
1405456 
1407131 
1407927 1942 
1408252 
1408235 
1409149 
1409156 
1408240 
1408245 
1406328 
1409155 
1408229 
1407536 
1408227 
1404838 
1408244 
1408251 
1408260 
1408250 
1409151 
1407020 
1408254 
1408256 
1406330 
1408242 
1408239 
1409150 
1408230 923 
1408259 
1408233 
1409152 
1408246 
1407019 
1408232 
1408248 
1408241 
1408249 
1407534 
1407538 690 
1408225 
1408243 
1408257 
1408234 
1406329 
1408231 923 
1407021 
1408237 
1408247 
1408236 
1408253 
1408258 
1407022 
1408226 12 
1407537 
1408255 
1407535 
1404839 
===Document Endings===
[www.washingtonpost.com/national/elie-wiesel-nobel-laureate-and-memory-keeper-of-the-holocaust-dies-at-87/2016/07/02/4a2d2472-50b5-11e5-8c19-0b6825aa4a3a_story.html?utm_term=.1365bf935857, 1406328, 1490]
[www.washingtonpost.com/world/asia_pacific/these-are-the-millennial-women-behind-north-koreas-kim-jong-un/2017/10/27/df926d08-b8f3-11e7-9b93-b97043e57a22_story.html?utm_term=.668a2e4a972a, 1407019, 691]
[www.washingtonpost.com/world/national-security/us-kurds-will-participate-in-some-form-in-attack-on-raqqa/2017/03/01/56a966a2-feba-11e6-8ebe-6e0dbe4f2bca_story.html?utm_term=.e7571ab7c0b7, 1407534, 515]
[www.washingtonpost.com/world/national-security/new-anti-islamic-state-plan-could-change-us-strategy-in-syria/2017/02/22/268e153c-f84b-11e6-be05-1a3817ac21a5_story.html?utm_term=.f2c0cbd1f65a, 1408225, 691]
[www.washingtonpost.com/world/middle_east/us-military-aid-is-fueling-big-ambitions-for-syrias-leftist-kurdish-militia/2017/01/07/6e457866-c79f-11e6-acda-59924caa2450_story.html?utm_term=.b0005cabd871, 1409149, 924]
[www.washingtonpost.com/world/middle_east/away-from-iraqs-front-lines-the-islamic-state-is-creeping-back-in/2017/02/22/8abd8b70-d161-11e6-9651-54a0154cf5b3_story.html?utm_term=.db263ec2490b, 1410355, 1206]
